,ABW,AFG,AGO,AIA,ALB,AND,ANT,ARE,ARG,ARM,ATG,AUS,AUT,AZE,BDI,BEL,BEN,BES,BFA,BGD,BGR,BHR,BHS,BIH,BLM,BLR,BLZ,BMU,BOL,BRA,BRB,BRN,BTN,BWA,CAF,CAN,CHE,CHL,CHN,CIV,CMR,COD,COG,COK,COL,COM,CPV,CRI,CUB,CUW,CYM,CYP,CZE,DEU,DJI,DMA,DNK,DOM,DZA,ECU,EGY,ERI,ESP,EST,ETH,FIN,FJI,FLK,FRA,FRO,FSM,GAB,GBR,GEO,GHA,GIB,GIN,GMB,GNB,GNQ,GRC,GRD,GRL,GTM,GUF,GUY,HND,HRV,HTI,HUN,IDN,IND,IRL,IRN,IRQ,ISL,ISR,ITA,JAM,JOR,JPN,KAZ,KEN,KGZ,KHM,KIR,KNA,KOR,KWT,LAO,LBN,LBR,LBY,LCA,LIE,LKA,LSO,LTU,LUX,LVA,MAF,MAR,MCO,MDA,MDG,MDV,MEX,MHL,MKD,MLI,MLT,MMR,MNE,MNG,MOZ,MRT,MSR,MUS,MWI,MYS,NAM,NCL,NER,NGA,NIC,NLD,NOR,NPL,NZL,OMN,PAK,PAN,PER,PHL,PLW,PNG,POL,PRK,PRT,PRY,PSE,PYF,QAT,ROU,RUS,RWA,SAU,SDN,SEN,SGP,SHN,SJM,SLB,SLE,SLV,SMR,SOM,SRB,SSD,STP,SUR,SVK,SVN,SWE,SWZ,SXM,SYC,SYR,TCA,TCD,TGO,THA,TJK,TKM,TLS,TON,TTO,TUN,TUR,TUV,TWN,TZA,UGA,UKR,URY,USA,UZB,Unnamed: 1,VAT,VCT,VEN,VGB,VNM,VUT,WSM,XKX,YEM,ZAF,ZMB,ZWE
ABW,0,0,0,0,0,0,0,0,2,0,0,5,0,0,0,2,0,2,0,0,0,0,0,0,0,0,0,0,1,2,0,0,0,0,0,2,0,2,0,0,0,0,0,0,6,0,0,2,1,1,0,0,0,0,0,0,0,2,0,2,0,0,0,1,0,0,0,0,1,0,0,0,2,0,0,0,0,0,0,0,0,0,0,1,0,0,2,0,0,0,0,2,0,0,0,0,0,0,0,0,0,0,0,0,0,0,0,0,0,0,0,0,0,0,0,0,0,0,0,0,0,0,0,0,0,1,1,0,0,0,0,0,0,0,0,0,0,0,0,0,0,0,0,0,2,12,0,0,0,0,2,2,1,0,0,1,0,0,0,2,0,0,0,0,1,0,0,0,0,0,0,0,0,0,1,0,0,0,0,0,0,0,1,0,0,1,0,0,0,0,0,0,0,0,0,0,0,0,0,0,0,0,0,0,0,11,0,0,0,0,3,0,0,0,0,0,0,0,0,0
AFG,0,0,1,0,0,0,0,9,1,0,0,13,3,1,1,3,0,0,0,27,8,1,0,1,0,1,0,0,1,23,0,1,3,0,0,7,10,1,43,0,1,1,0,0,3,0,0,0,0,0,0,4,1,11,0,0,4,1,1,1,22,0,6,0,7,1,1,0,6,0,0,1,43,0,4,0,0,2,0,0,6,0,0,0,0,0,0,0,1,1,2,51,2,45,11,0,2,7,0,7,28,2,4,5,0,0,0,3,1,0,10,1,2,0,0,5,0,1,1,0,0,11,0,0,1,1,2,0,1,1,0,2,0,0,1,0,0,0,2,29,1,0,0,21,0,6,2,11,1,2,94,0,1,19,0,1,3,0,3,0,3,0,2,1,7,6,21,11,0,1,0,0,0,3,0,0,2,1,0,0,0,2,0,4,0,1,0,1,0,0,0,11,5,0,0,0,0,5,17,0,0,2,1,1,1,49,2,0,0,0,1,0,1,0,0,0,3,7,2,3
AGO,0,1,0,0,1,0,0,1,3,1,0,5,3,0,3,6,4,0,2,2,3,0,0,2,0,2,0,0,1,32,1,2,0,3,1,5,7,8,7,2,2,6,2,0,4,0,2,1,2,0,0,1,6,17,0,0,4,2,6,3,5,0,17,2,5,7,0,0,5,0,0,3,31,1,5,0,1,2,0,0,1,0,0,1,0,0,0,2,1,3,3,4,2,2,1,1,3,10,1,2,2,1,8,1,0,0,0,2,1,0,1,0,3,0,0,1,2,3,1,2,0,3,0,0,2,0,8,0,2,3,1,1,0,0,10,1,0,2,5,2,10,0,2,5,0,4,5,1,3,0,3,1,3,2,0,1,4,1,68,0,2,0,2,3,3,3,4,3,2,3,0,0,1,3,0,0,0,3,0,1,0,2,2,6,4,0,2,1,0,1,2,2,0,0,0,0,0,3,3,0,1,8,6,2,2,35,1,0,0,0,1,0,2,0,0,0,1,19,9,7
AIA,0,0,0,0,0,0,0,5,2,0,1,5,0,2,0,1,1,0,0,5,0,3,0,0,1,0,0,0,0,5,1,0,0,3,0,7,4,2,5,0,5,1,0,0,4,0,0,2,0,0,1,0,5,5,0,3,3,0,0,0,5,0,5,2,5,3,0,0,4,0,2,0,15,0,6,0,0,1,0,0,3,0,0,0,0,4,0,5,0,1,5,5,4,5,5,2,3,5,0,3,5,2,5,2,1,0,1,5,2,0,1,0,1,0,0,5,0,0,0,0,0,4,0,0,0,0,7,0,0,0,0,0,0,0,1,0,0,0,0,5,0,0,0,5,0,6,5,5,4,2,5,5,5,4,0,0,5,0,5,0,2,0,5,5,5,2,5,1,0,3,0,0,0,0,0,0,0,5,0,0,0,0,0,5,0,0,0,0,0,0,0,2,0,0,0,0,1,2,4,0,5,4,4,4,0,11,2,0,0,3,0,0,5,0,0,0,3,5,0,0
ALB,0,0,1,0,0,0,0,11,12,12,0,15,47,7,1,34,4,0,1,11,70,3,0,44,0,21,0,0,0,23,2,1,0,5,1,20,43,10,32,2,5,1,0,0,11,0,1,1,2,0,0,24,53,65,0,0,34,5,11,8,20,0,74,34,9,34,1,0,66,0,0,3,128,27,7,1,0,0,0,0,84,0,0,5,0,0,0,68,1,48,5,26,30,19,21,8,26,194,2,9,16,13,9,10,1,0,0,13,6,0,8,0,8,0,0,5,0,47,6,21,0,18,0,7,2,0,9,0,53,1,18,1,28,1,2,1,0,1,4,23,4,1,4,22,0,57,36,3,8,9,36,6,7,10,0,0,68,0,55,4,7,0,6,89,41,2,34,7,4,10,0,0,1,0,2,7,0,72,0,0,0,32,53,47,3,0,1,2,0,1,1,6,8,8,0,1,1,24,85,0,15,2,5,25,5,55,3,0,0,0,2,0,9,0,1,37,5,24,5,3
AND,0,0,0,0,0,0,0,0,1,0,0,1,1,0,0,0,0,0,0,0,0,0,0,0,0,0,0,0,0,1,0,0,0,0,0,3,4,1,0,0,0,0,0,0,2,0,0,0,0,0,0,0,1,4,0,0,0,0,0,1,0,0,22,0,0,0,0,0,10,0,0,0,6,0,0,0,0,0,0,0,0,0,0,0,0,0,0,0,0,1,0,0,2,1,0,0,0,3,0,0,0,0,0,0,0,0,0,0,0,0,0,0,0,0,0,0,0,0,0,0,0,0,0,0,0,0,0,0,0,0,0,0,0,0,0,0,0,0,0,0,0,0,0,0,0,2,0,0,1,0,0,0,0,0,0,0,0,0,1,0,0,0,0,1,0,0,0,0,0,0,0,0,0,0,0,0,0,0,0,0,0,0,0,1,0,0,0,0,0,0,0,0,0,0,0,0,0,0,2,0,0,0,0,0,0,4,0,0,0,0,1,0,0,0,0,0,0,0,0,0
ANT,0,0,0,0,0,0,0,0,0,0,0,0,0,0,0,1,0,0,0,0,0,0,0,0,0,0,0,0,0,0,0,0,0,0,0,0,0,0,1,0,0,0,0,0,0,0,0,0,0,1,0,0,0,0,0,0,0,0,0,0,0,0,0,0,0,0,0,0,0,0,0,0,2,0,0,0,0,0,0,0,0,0,0,0,0,0,0,0,0,0,0,2,0,0,0,0,0,0,0,0,0,0,0,0,0,0,0,0,0,0,0,0,0,0,0,0,0,0,0,0,0,0,0,0,0,0,0,0,0,0,0,0,0,0,0,0,0,0,0,0,0,0,0,0,0,5,0,1,0,0,1,0,0,0,0,0,0,0,0,0,0,0,0,0,0,0,0,0,0,0,0,0,0,0,0,0,0,0,0,0,0,0,0,0,0,0,0,0,0,0,0,0,0,0,0,0,0,0,0,0,0,0,0,0,0,6,0,0,0,0,1,0,0,0,0,0,0,0,0,0
ARE,0,9,1,5,11,0,0,0,106,32,1,668,185,44,2,141,6,0,5,103,40,79,0,15,0,42,0,0,1,276,5,17,1,14,1,693,227,120,1092,5,21,2,2,0,120,0,2,14,6,0,0,37,121,549,2,0,161,8,148,22,924,0,355,29,62,110,4,0,513,0,7,2,1501,55,43,0,2,6,1,0,267,3,0,9,0,8,1,47,2,106,100,1047,112,256,135,26,135,569,5,557,266,53,36,12,7,1,0,370,135,0,156,0,39,0,1,32,2,21,24,19,0,131,1,2,2,2,104,0,15,2,15,7,3,8,11,1,0,7,5,580,6,1,1,98,0,300,163,35,78,158,758,22,40,73,0,2,168,1,187,9,69,0,200,133,290,8,1172,44,6,160,1,0,2,1,2,0,1,106,0,0,0,58,79,236,1,0,2,13,1,1,1,96,1,1,0,1,1,167,376,0,178,12,31,37,13,1757,21,0,0,1,8,0,110,0,1,6,43,285,6,25
ARG,2,1,3,2,12,1,0,106,0,40,0,765,325,84,2,413,4,0,2,50,127,6,1,9,0,86,2,1,70,1594,7,4,0,11,2,883,594,1063,587,9,17,5,6,1,699,0,3,122,62,1,0,28,310,1354,1,0,353,76,24,237,116,0,1881,40,34,165,4,3,1114,0,3,4,1510,96,32,0,5,5,0,0,241,2,0,86,2,4,33,75,4,229,55,356,167,122,22,22,267,1119,3,23,503,18,63,13,4,0,1,172,31,2,49,1,9,0,0,18,0,46,18,29,0,134,3,4,5,1,753,0,19,2,17,4,4,4,24,0,0,7,6,95,9,1,4,69,20,625,239,21,178,31,84,78,334,96,0,3,387,1,383,99,59,0,42,204,332,9,118,15,9,138,0,0,2,3,27,0,0,163,1,0,0,137,157,440,2,0,4,4,0,0,1,61,3,1,0,1,2,44,319,0,169,14,32,52,382,2819,8,0,10,0,147,0,41,1,1,5,9,349,5,18
ARM,0,0,1,0,12,0,0,32,40,0,0,134,188,74,1,109,1,0,1,9,109,0,0,5,0,126,0,0,0,177,3,0,0,3,1,64,189,63,198,3,1,1,0,0,111,0,0,0,34,0,0,83,185,277,0,0,102,1,2,75,97,0,161,89,9,142,0,0,255,0,0,1,301,136,6,1,0,0,0,0,176,0,0,1,0,0,0,140,2,156,47,156,105,93,4,1,51,254,0,6,105,15,5,16,1,0,0,150,44,0,6,0,4,0,0,62,1,86,5,89,0,32,0,22,6,1,128,0,8,1,5,2,63,7,2,1,0,0,2,87,11,0,2,10,0,102,103,10,81,3,130,2,41,11,0,0,208,0,136,3,4,0,74,89,322,1,41,5,1,15,0,0,0,3,1,3,0,119,0,0,0,80,51,107,1,0,0,2,0,1,1,133,12,4,0,0,1,6,169,0,112,4,5,143,3,321,46,0,0,0,4,0,9,0,1,1,2,83,1,2
ATG,0,0,0,1,0,0,0,1,0,0,0,0,0,0,0,0,0,0,0,0,0,0,0,0,1,0,1,0,0,0,1,0,0,0,0,1,1,1,0,0,0,0,0,0,0,0,0,0,0,0,1,0,0,0,0,1,0,0,0,0,3,0,3,0,0,1,1,0,1,0,0,0,2,0,0,0,0,0,0,0,0,1,0,0,0,0,0,0,0,0,0,1,0,0,0,0,0,0,0,0,0,0,0,0,0,0,2,1,0,0,0,0,0,0,0,0,0,0,0,1,0,0,0,0,0,0,0,0,0,0,0,0,0,0,0,0,0,0,0,0,0,0,0,0,0,2,0,0,0,0,0,0,0,0,0,0,0,0,0,0,0,0,0,0,0,0,0,0,0,0,0,0,0,0,0,0,0,0,0,0,0,0,0,0,0,0,0,0,0,0,0,0,0,0,0,0,2,0,0,0,0,0,0,0,0,14,0,0,0,2,0,0,0,0,0,0,0,0,0,0
AUS,5,13,5,5,15,1,0,668,765,134,0,0,1645,96,9,2507,40,0,23,1254,307,31,10,28,0,173,7,9,26,2745,18,50,48,58,2,7059,3480,1053,18503,26,80,21,18,1,591,2,5,76,26,7,4,220,1011,7476,4,1,2525,13,90,190,752,3,4346,300,320,1288,155,15,5370,3,11,19,17445,206,334,2,15,52,4,0,964,22,16,26,7,15,6,323,7,649,731,3858,1422,2036,325,142,1085,4741,18,221,3599,92,345,25,64,4,10,2164,179,47,123,5,47,0,9,486,1,206,116,137,0,213,52,16,36,6,804,3,55,24,55,72,56,38,55,4,1,25,63,1890,42,55,11,386,5,4740,1588,275,3230,143,1125,87,219,393,12,132,1562,2,1144,20,91,0,453,438,1408,35,1776,65,29,2118,3,0,51,8,5,0,1,387,3,1,1,211,359,3107,8,2,29,23,0,1,6,1005,11,1,21,15,20,116,961,1,1333,135,165,268,119,19628,51,0,3,2,42,1,1079,29,40,14,35,1958,41,51
AUT,0,3,3,0,47,1,0,185,325,188,0,1645,0,126,4,1681,8,0,17,41,347,2,1,69,0,201,3,0,9,922,8,11,1,11,2,1715,3163,346,1824,10,30,13,5,0,297,0,4,36,59,2,1,193,1559,8482,0,0,1282,10,40,121,272,0,2629,265,60,871,3,1,3060,0,0,22,5069,221,44,0,2,4,0,0,956,6,3,14,7,3,4,553,2,920,125,745,604,500,24,88,641,3882,10,168,1255,43,76,19,0,0,4,541,67,2,48,2,20,0,79,82,0,276,109,186,0,133,6,22,11,0,352,1,90,2,50,8,92,20,18,1,0,10,10,199,25,1,4,77,2,2571,983,31,337,34,262,28,88,80,0,5,1413,1,889,15,59,0,133,549,1297,10,300,28,15,337,1,1,2,4,1,7,0,497,2,0,2,459,714,1724,5,1,2,7,0,1,3,277,10,8,0,1,5,65,733,0,414,16,39,275,46,5702,50,0,2,1,20,0,78,1,2,19,6,481,10,17
AZE,0,1,0,2,7,0,0,44,84,74,0,96,126,0,0,17,1,0,0,12,74,2,0,2,0,92,0,0,0,132,3,2,0,3,0,173,136,83,205,0,2,0,0,0,87,0,0,1,34,0,0,7,139,178,0,0,134,1,2,1,29,0,114,10,14,45,0,0,139,0,2,0,252,97,7,0,0,3,0,0,127,0,0,2,0,5,0,54,0,133,48,90,14,109,28,2,84,216,0,14,129,22,4,11,0,0,0,59,7,0,4,0,3,0,0,8,0,6,0,4,0,83,0,9,2,0,46,0,6,1,2,0,2,5,1,0,0,0,0,20,0,0,5,12,0,137,130,6,8,8,78,7,44,30,0,0,158,0,110,0,50,0,10,130,245,1,54,4,0,10,0,0,0,0,0,1,0,99,0,0,0,122,83,129,0,0,0,1,0,0,0,40,6,2,0,0,0,9,291,0,183,3,5,70,2,188,12,0,0,0,3,0,25,0,1,1,9,136,1,0
BDI,0,1,3,0,1,0,0,2,2,1,0,9,4,0,0,25,9,0,10,1,1,0,0,1,0,2,0,0,1,4,0,1,0,3,5,5,9,1,20,3,16,6,5,0,1,0,0,0,0,0,0,0,4,11,1,0,4,1,3,2,5,0,4,1,9,3,0,0,17,0,0,6,29,1,8,0,2,3,0,0,0,0,0,0,0,0,0,1,0,3,2,3,1,1,2,0,2,6,0,1,3,0,22,0,1,0,0,2,0,0,0,3,4,0,0,3,0,2,0,1,0,5,0,0,5,0,6,0,2,5,0,0,0,0,3,2,0,2,5,3,2,0,4,8,0,10,2,0,3,0,2,0,2,2,0,1,2,0,1,0,1,0,1,3,2,11,1,6,4,2,0,0,0,6,0,0,2,2,1,0,0,1,1,5,2,0,1,1,0,3,2,11,0,0,0,0,0,3,4,0,0,21,20,1,1,29,1,0,0,0,0,0,0,0,0,0,0,11,6,6
BEL,2,3,6,1,34,0,1,141,413,109,0,2507,1681,17,25,0,105,0,77,91,345,8,1,44,0,110,1,1,26,1223,6,11,2,13,12,2445,3168,428,2762,43,143,194,36,0,318,2,2,38,76,1,0,225,1073,6427,0,0,1738,15,110,181,382,1,4195,332,217,943,13,5,6580,0,2,24,8265,143,75,0,35,26,1,3,1248,4,5,14,13,5,5,410,5,697,111,915,958,527,40,92,716,5387,3,52,1385,67,191,19,16,0,15,779,101,7,126,6,21,0,3,95,2,293,310,180,0,199,41,24,31,0,451,0,78,22,71,13,75,13,53,2,0,10,30,258,18,3,20,173,7,6128,1131,40,441,41,251,42,136,79,0,10,1534,4,1255,26,24,0,172,523,1035,48,411,21,40,348,0,1,6,15,3,2,1,388,8,0,7,231,411,2180,4,0,6,6,0,4,8,250,9,3,0,2,9,126,811,0,388,106,177,227,51,7571,48,0,1,0,27,1,263,0,1,10,13,736,23,21
BEN,0,0,4,1,4,0,0,6,4,1,0,40,8,1,9,105,0,0,54,9,4,2,3,2,0,1,0,0,0,21,2,2,4,6,5,49,33,4,38,50,71,23,18,0,6,0,2,6,3,0,0,3,10,78,0,0,21,3,10,4,16,0,17,7,35,10,1,0,138,0,0,19,118,4,71,0,7,10,4,0,8,0,0,6,1,1,0,6,2,6,10,28,8,9,1,6,6,19,7,4,15,4,40,4,1,0,0,12,2,1,4,7,4,0,0,3,0,4,2,4,0,12,0,1,9,0,7,0,3,32,2,2,1,5,21,3,0,6,21,14,9,0,29,78,0,41,18,6,9,1,28,4,7,8,0,0,9,1,15,1,3,0,8,8,12,25,18,8,39,4,0,0,2,9,1,0,1,9,1,0,0,3,3,23,3,0,7,0,0,4,31,9,1,1,4,1,7,23,25,0,26,30,34,3,3,118,0,0,0,0,3,0,11,1,0,0,2,89,8,11
BES,2,0,0,0,0,0,0,0,0,0,0,0,0,0,0,0,0,0,0,0,0,0,0,0,0,0,0,0,0,0,0,0,0,0,0,0,0,0,0,0,0,0,0,0,0,0,0,0,0,1,0,0,0,0,0,0,1,0,0,0,0,0,0,0,0,0,0,0,0,0,0,0,1,0,0,0,0,0,0,0,0,0,0,0,0,0,0,0,0,0,0,0,0,0,0,0,0,0,0,0,0,0,0,0,0,0,0,0,0,0,0,0,0,0,0,0,0,0,0,0,0,0,0,0,0,0,0,0,0,0,0,0,0,0,0,0,0,0,0,0,0,0,0,0,0,2,0,0,0,0,0,0,0,0,0,0,0,0,0,0,0,0,0,0,0,0,0,0,0,0,0,0,0,0,0,0,0,0,0,0,0,0,0,0,0,1,0,0,0,0,0,0,0,0,0,0,0,0,0,0,0,0,0,0,0,2,0,0,0,0,1,0,0,0,0,0,0,0,0,0
BFA,0,0,2,0,1,0,0,5,2,1,0,23,17,0,10,77,54,0,0,5,2,0,0,0,0,1,0,0,0,11,0,0,2,6,5,38,64,2,10,63,34,24,20,0,5,0,2,2,0,0,0,0,2,64,1,0,20,1,4,1,11,0,17,2,24,6,0,0,184,0,0,14,158,2,52,0,14,16,5,1,3,0,0,0,1,0,0,1,0,2,4,21,5,3,0,1,3,25,0,1,16,0,61,0,9,0,0,8,0,0,2,7,3,0,1,2,1,2,4,2,0,14,0,1,17,0,2,0,1,64,0,0,0,2,24,4,0,3,13,4,6,0,34,58,0,42,8,2,5,0,3,0,4,6,0,1,3,0,6,1,0,0,1,3,6,13,4,7,52,1,0,0,0,11,1,0,1,1,1,0,0,2,1,25,3,0,2,0,0,10,32,7,0,0,2,0,2,7,0,0,7,22,39,1,2,188,2,0,0,0,0,0,8,0,0,0,1,67,16,13
BGD,0,27,2,5,11,0,0,103,50,9,0,1254,41,12,1,91,9,0,5,0,33,19,1,8,0,6,0,1,10,137,5,20,6,10,0,373,124,78,855,5,21,11,4,0,70,0,2,9,8,0,0,21,101,280,1,0,101,7,32,30,321,0,158,18,89,82,14,0,158,0,7,3,877,15,83,0,2,19,16,0,49,0,0,12,0,9,0,37,9,40,163,816,69,155,61,14,37,209,3,54,762,29,98,14,16,0,0,480,33,11,15,1,14,0,0,69,1,25,10,8,0,39,0,4,9,6,81,0,16,22,8,29,1,16,24,0,0,5,24,624,6,1,2,132,1,156,80,132,78,46,414,18,44,98,0,5,91,1,82,8,25,0,58,69,91,11,782,18,5,110,0,0,2,12,1,0,1,37,0,0,0,41,19,198,2,0,2,8,0,0,1,176,2,1,0,1,1,25,183,0,103,53,50,24,12,1403,10,0,0,0,5,0,149,0,2,5,25,161,15,23
BGR,0,8,3,0,70,0,0,40,127,109,0,307,347,74,1,345,4,0,2,33,0,10,2,59,0,153,0,0,4,285,6,5,0,5,1,222,371,106,335,6,12,3,2,0,175,0,2,11,8,0,0,119,366,698,0,0,217,7,23,85,156,0,528,149,18,216,2,0,526,0,1,4,763,174,10,0,1,2,0,0,363,3,0,8,0,1,0,249,2,327,24,215,206,139,33,22,162,673,2,18,216,30,17,14,1,0,1,164,61,1,46,0,13,0,0,66,0,178,17,148,0,84,0,15,4,0,156,0,85,3,37,3,85,6,4,1,0,11,5,120,7,0,8,42,0,271,169,10,113,18,135,11,27,50,0,1,484,1,319,8,52,0,87,313,447,2,91,11,5,42,1,0,2,0,2,7,0,346,0,0,1,188,189,239,3,0,2,4,0,1,2,145,10,8,0,1,0,21,343,0,162,6,13,202,12,613,39,0,0,0,6,0,30,0,1,17,6,124,3,6
BHR,0,1,0,3,3,0,0,79,6,0,0,31,2,2,0,8,2,0,0,19,10,0,0,3,0,0,0,0,1,17,0,1,0,3,0,40,16,5,60,0,5,1,0,0,10,0,0,3,3,0,0,7,11,27,0,0,7,2,12,3,88,0,18,7,9,8,0,0,25,0,4,0,102,3,6,0,0,1,0,0,12,0,0,3,0,3,0,8,0,5,12,75,30,28,19,3,6,50,0,24,21,10,4,6,0,0,0,18,37,0,17,0,7,0,0,8,0,2,1,1,0,11,0,0,0,1,10,0,3,1,2,0,0,2,3,0,0,0,1,38,1,0,1,13,0,18,11,9,13,35,94,8,9,12,0,1,17,0,11,0,6,0,50,18,18,1,167,9,0,12,0,0,0,0,1,0,0,10,0,0,0,3,4,13,0,0,0,0,0,0,0,9,0,0,0,0,0,22,22,0,11,3,4,8,1,63,2,0,0,0,3,0,16,0,0,1,8,16,0,2
BHS,0,0,0,0,0,0,0,0,1,0,0,10,1,0,0,1,3,0,0,1,2,0,0,0,0,0,0,0,0,4,4,0,0,0,0,13,8,4,16,0,0,0,0,0,5,0,0,5,1,0,2,0,1,18,0,0,4,0,0,3,1,0,17,0,1,1,0,2,9,0,0,0,33,0,2,0,0,0,0,0,4,2,0,0,0,0,0,1,2,0,0,17,4,0,0,2,9,17,8,0,5,0,5,0,0,0,1,1,0,0,1,0,0,0,0,0,0,0,0,0,0,0,0,0,1,0,2,0,0,2,0,0,0,0,0,0,0,0,1,0,0,0,1,1,0,6,3,0,5,0,6,2,1,2,0,0,0,0,5,0,0,0,0,1,10,0,5,0,0,2,1,0,0,0,0,0,0,1,0,0,0,0,0,3,0,0,2,0,1,0,0,0,0,0,0,0,6,0,0,0,1,0,1,0,0,81,0,0,0,0,1,0,1,0,0,0,0,6,0,0
BIH,0,1,2,0,44,0,0,15,9,5,0,28,69,2,1,44,2,0,0,8,59,3,0,2,0,14,0,0,1,24,2,4,0,3,0,22,42,14,33,3,5,0,1,0,10,0,2,3,2,0,0,21,65,106,0,0,38,4,8,4,21,0,82,36,4,32,1,0,59,0,0,1,132,13,8,0,0,1,0,0,70,0,0,2,0,0,0,245,2,43,7,46,39,22,8,11,28,107,2,6,26,10,10,7,0,0,0,16,8,0,10,0,7,0,0,5,0,37,13,25,0,9,0,7,0,0,11,0,49,0,18,4,53,0,4,0,0,2,3,18,4,0,1,17,0,41,42,4,3,5,34,5,8,3,0,1,66,1,44,3,5,0,23,71,59,1,46,5,3,10,0,0,2,1,1,4,0,363,0,0,0,39,106,40,2,0,2,1,0,0,0,17,5,5,0,1,1,13,65,0,6,4,5,24,5,96,4,0,0,0,4,0,9,0,0,15,3,31,5,1
BLM,0,0,0,1,0,0,0,0,0,0,1,0,0,0,0,0,0,0,0,0,0,0,0,0,0,0,0,0,0,0,1,0,0,0,0,0,1,0,0,0,0,0,0,0,0,0,0,0,0,0,1,0,0,0,0,1,0,0,0,0,0,0,0,0,0,0,0,0,1,0,0,0,1,0,0,0,0,0,0,0,0,0,0,0,0,0,0,0,0,0,0,0,0,0,0,0,0,0,0,0,0,0,0,0,0,0,0,0,0,0,0,0,0,0,0,0,0,0,0,0,0,0,0,0,0,0,0,0,0,0,0,0,0,0,0,0,0,0,0,0,0,0,0,0,0,1,0,0,0,0,0,0,0,0,0,0,0,0,0,0,0,0,0,0,0,0,0,0,0,0,0,0,0,0,0,0,0,0,0,0,0,0,0,0,0,0,0,0,0,0,0,0,0,0,0,0,1,0,0,0,0,0,0,0,0,1,0,0,0,1,0,0,0,0,0,0,0,0,0,0
BLR,0,1,2,0,21,0,0,42,86,126,0,173,201,92,2,110,1,0,1,6,153,0,0,14,0,0,0,0,1,183,0,1,0,1,1,124,198,82,317,1,3,1,0,0,163,0,0,0,0,0,0,84,212,334,0,0,129,1,7,73,107,0,232,107,3,129,0,0,265,0,0,2,344,178,2,0,1,1,0,0,192,0,0,2,0,0,0,98,2,186,13,139,99,117,19,4,115,230,0,13,113,47,4,11,1,0,0,100,43,0,8,0,9,0,0,56,1,142,4,97,0,81,0,18,1,0,83,0,15,1,1,2,60,3,1,1,0,0,1,87,0,0,2,14,0,127,119,3,76,1,87,2,5,27,0,1,311,0,206,3,45,0,73,127,717,2,82,5,3,12,0,0,0,1,0,0,0,196,0,0,0,122,96,143,2,0,0,1,0,1,1,95,5,1,0,0,0,18,217,0,155,4,5,188,4,277,45,0,0,0,0,0,18,0,0,0,0,105,3,2
BLZ,0,0,0,0,0,0,0,0,2,0,1,7,3,0,0,1,0,0,0,0,0,0,0,0,0,0,0,0,1,8,3,1,0,0,1,10,2,3,3,2,1,1,1,0,4,0,1,2,1,0,1,0,1,4,0,0,2,0,0,4,0,0,6,0,1,2,0,0,3,0,0,1,17,0,1,0,0,0,0,0,1,2,0,2,1,2,0,0,0,0,2,5,0,1,0,0,0,8,3,0,2,0,1,0,0,0,4,0,0,0,0,1,0,0,0,0,0,0,0,0,0,0,0,0,1,0,10,0,0,0,0,1,0,0,1,0,0,0,0,1,0,0,0,2,1,4,3,0,1,0,2,3,1,1,0,2,1,0,3,0,0,0,0,1,4,0,4,0,0,1,0,0,0,1,0,0,0,0,0,0,0,1,1,1,0,1,0,0,0,0,0,2,0,0,0,0,5,0,0,0,2,1,1,0,0,40,0,0,0,2,1,0,2,0,0,0,0,4,0,0
BMU,0,0,0,0,0,0,0,0,1,0,0,9,0,0,0,1,0,0,0,1,0,0,0,0,0,0,0,0,1,3,0,0,0,0,0,7,3,1,3,0,0,0,0,0,1,0,0,0,0,0,2,1,0,9,0,0,1,0,0,0,0,0,5,0,0,2,1,0,5,0,0,0,17,0,0,0,0,0,0,0,2,0,1,0,0,0,0,0,0,0,0,2,2,0,0,1,6,9,0,0,3,0,1,0,1,0,0,1,0,0,0,0,0,0,0,0,0,0,0,0,0,0,1,0,1,0,2,0,0,0,0,0,0,0,0,0,0,1,0,2,1,0,0,0,0,3,3,0,2,0,0,0,2,1,0,0,1,0,3,1,0,0,0,0,1,0,1,0,1,0,0,0,0,0,0,0,0,0,0,0,0,0,0,2,0,0,0,0,0,0,0,0,0,0,0,0,0,0,0,0,1,0,0,0,0,34,0,0,0,0,1,0,1,0,0,0,0,3,0,0
BOL,1,1,1,0,0,0,0,1,70,0,0,26,9,0,1,26,0,0,0,10,4,1,0,1,0,1,1,1,0,85,0,2,0,1,1,33,26,64,20,2,1,1,1,0,77,0,0,16,12,0,0,0,8,38,0,0,4,14,1,36,9,0,63,4,6,9,1,0,39,0,0,3,52,1,5,0,0,1,0,0,5,0,0,19,2,2,12,2,1,5,3,26,2,4,1,0,4,26,0,3,13,0,6,0,1,0,0,4,0,1,0,1,1,0,0,3,0,2,2,1,0,0,0,2,1,0,64,0,2,0,0,0,0,0,2,0,0,1,1,8,2,0,0,3,9,23,8,8,5,2,7,10,74,2,0,1,10,0,9,25,2,0,1,3,9,1,5,2,1,4,0,0,0,2,12,0,0,2,0,0,0,2,3,44,0,0,0,1,0,0,0,5,0,0,0,0,0,2,5,0,7,3,3,2,31,149,1,0,0,0,27,0,3,0,0,0,1,10,1,2
BRA,2,23,32,5,23,1,0,276,1594,177,0,2745,922,132,4,1223,21,0,11,137,285,17,4,24,0,183,8,3,85,0,11,12,4,28,2,3306,1715,1642,2235,25,64,14,20,0,1563,0,13,197,193,1,2,126,736,4145,1,0,1003,72,104,449,414,0,3978,191,92,651,16,2,3627,0,6,15,6138,198,95,8,11,10,0,1,640,5,0,89,19,15,44,280,15,532,187,1523,592,637,75,39,588,3447,21,81,1464,43,203,22,12,0,19,778,82,6,100,5,21,1,4,132,1,163,56,126,0,203,33,12,26,2,1441,0,40,14,36,7,59,14,135,2,0,10,35,365,21,4,7,250,22,1914,739,67,524,71,517,149,814,212,0,11,1039,1,3017,143,71,0,190,425,1091,24,510,36,31,329,2,0,4,7,24,0,1,339,1,2,7,210,209,1485,4,2,6,10,1,1,4,409,4,1,1,1,5,117,722,0,517,48,80,277,456,11966,45,0,20,0,204,0,175,1,2,10,29,884,15,33
BRB,0,0,1,1,2,0,0,5,7,3,1,18,8,3,0,6,2,0,0,5,6,0,4,2,1,0,3,0,0,11,0,2,0,1,0,24,8,6,8,2,2,0,0,0,10,0,2,3,3,2,3,7,7,11,0,1,7,3,2,3,9,0,9,2,6,8,5,0,18,0,0,0,55,1,8,0,0,0,0,0,8,2,0,3,2,1,0,6,4,5,5,11,5,4,1,2,2,8,20,5,5,3,4,2,0,0,3,3,3,0,2,0,2,1,0,3,0,4,2,2,0,4,0,1,2,0,9,0,1,0,2,2,1,0,2,0,0,2,2,8,1,0,2,12,0,12,4,3,4,2,5,3,5,6,0,0,9,1,7,2,3,0,4,4,4,0,4,2,1,4,0,0,2,0,0,0,1,5,0,0,0,4,3,8,0,1,2,1,0,0,0,2,1,1,0,1,23,3,6,0,2,3,5,1,5,74,0,0,0,3,3,0,2,0,1,0,3,10,0,0
BRN,0,1,2,0,1,0,0,17,4,0,0,50,11,2,1,11,2,0,0,20,5,1,0,4,0,1,1,0,2,12,2,0,0,1,1,20,12,8,115,3,5,1,2,0,7,0,2,3,2,0,0,2,8,28,0,0,6,3,4,7,16,0,17,7,7,5,1,0,19,0,1,3,105,2,6,0,0,2,0,0,6,0,0,3,1,3,0,6,2,5,70,48,7,20,5,2,3,19,2,6,17,7,6,2,0,0,0,38,6,3,2,1,3,0,0,19,0,3,2,2,0,5,0,1,0,0,9,0,3,0,2,7,1,1,3,0,0,2,2,166,0,0,1,16,1,17,12,9,10,7,70,6,6,18,0,2,23,1,7,1,3,0,11,11,8,1,40,1,1,36,0,0,2,2,0,0,0,5,0,0,0,4,4,8,0,0,2,1,0,0,0,27,1,1,0,1,0,5,11,0,30,7,4,3,3,68,2,0,0,0,3,0,18,0,0,0,5,7,1,1
BTN,0,3,0,0,0,0,0,1,0,0,0,48,1,0,0,2,4,0,2,6,0,0,0,0,0,0,0,0,0,4,0,0,0,0,0,4,8,3,8,1,1,1,0,0,0,0,0,3,0,0,0,0,2,13,0,0,2,0,0,3,0,0,2,0,0,1,0,0,5,0,0,0,26,1,1,0,0,1,0,0,0,0,0,1,0,0,0,0,0,0,5,29,0,5,0,1,0,1,0,1,9,2,3,2,2,0,0,0,0,1,3,1,0,0,0,1,0,0,0,0,0,1,0,0,1,0,0,0,0,0,0,3,0,7,3,0,0,0,1,1,1,0,0,2,0,8,0,17,5,1,2,0,0,4,0,0,1,0,5,1,0,0,0,3,2,1,5,0,0,4,0,0,0,1,0,0,0,0,0,0,0,0,0,4,1,0,3,0,0,0,3,24,0,0,4,0,4,0,1,0,0,4,4,0,0,27,0,0,0,0,0,0,5,0,0,0,0,9,0,0
BWA,0,0,3,3,5,0,0,14,11,3,0,58,11,3,3,13,6,0,6,10,5,3,0,3,0,1,0,0,1,28,1,1,0,0,3,55,44,11,25,6,49,7,3,0,10,0,0,2,1,0,0,1,17,40,2,0,14,1,6,3,14,0,19,9,63,15,3,0,37,0,3,2,166,2,33,0,1,4,0,1,9,0,0,2,0,4,1,8,3,9,12,75,15,11,12,5,7,25,1,5,20,5,65,2,1,0,0,12,5,1,1,0,6,0,0,9,6,4,1,3,0,12,0,0,4,0,18,0,2,3,1,1,0,4,13,1,0,1,28,24,29,1,4,56,0,32,21,6,8,6,18,8,10,9,0,1,14,0,10,0,2,0,8,11,18,17,22,9,6,10,0,0,0,0,0,0,1,8,3,0,0,3,5,30,12,0,0,1,0,2,1,18,0,0,0,0,1,9,9,0,6,32,45,6,3,252,2,0,0,1,0,0,12,0,1,2,6,231,32,41
CAF,0,0,1,0,1,0,0,1,2,1,0,2,2,0,5,12,5,0,5,0,1,0,0,0,0,1,1,0,1,2,0,1,0,3,0,6,11,1,5,6,18,7,14,0,2,0,0,0,0,0,0,0,4,11,1,0,4,0,1,1,2,0,2,2,4,2,0,0,30,0,0,8,19,1,5,0,2,1,0,2,0,0,0,0,2,1,0,1,0,1,1,6,1,3,1,0,1,6,0,0,3,0,2,0,1,0,0,1,0,0,0,2,1,0,0,0,0,2,1,1,0,1,0,0,3,0,0,0,1,1,0,0,0,0,2,1,0,0,1,1,1,0,3,3,1,7,3,0,1,0,1,0,1,0,0,0,1,0,2,0,0,0,1,1,2,3,1,1,3,1,0,0,0,4,0,0,0,1,0,0,0,1,1,6,1,0,0,0,0,3,3,2,0,0,0,0,0,3,0,0,1,4,2,1,0,11,0,0,0,0,1,0,1,0,0,0,0,3,1,1
CAN,2,7,5,7,20,3,0,693,883,64,1,7059,1715,173,5,2445,49,0,38,373,222,40,13,22,0,124,10,7,33,3306,24,20,4,55,6,0,3963,1062,13153,38,119,51,25,0,640,3,3,112,74,6,7,132,1075,7939,2,2,2274,30,198,153,932,2,4384,186,188,1207,33,8,7083,8,6,16,13412,139,245,11,12,28,3,1,890,17,59,39,9,18,10,242,20,609,206,2597,1207,2646,140,151,1518,5195,38,265,3093,69,336,29,32,1,18,1942,177,12,265,12,36,1,8,118,4,112,145,58,0,377,35,18,35,3,1214,1,45,28,56,18,9,31,47,2,0,15,80,606,19,16,15,379,3,4504,1597,113,1114,134,836,102,269,220,1,17,1536,3,1095,34,103,0,369,463,1500,67,1533,63,45,1086,2,2,4,12,9,1,5,277,3,0,1,228,293,2618,3,2,12,14,1,1,8,468,7,2,1,3,40,248,1121,0,1129,114,197,186,124,31260,25,0,4,2,56,0,350,4,2,6,35,1394,39,50
CHE,0,10,7,4,43,4,0,227,594,189,1,3480,3163,136,9,3168,33,0,64,124,371,16,8,42,1,198,2,3,26,1715,8,12,8,44,11,3963,0,596,3611,85,120,92,77,0,474,0,5,56,63,2,2,299,1294,12892,2,2,2237,17,78,159,400,4,4728,294,151,1237,21,2,7415,2,5,29,11303,243,167,4,34,34,8,8,1483,8,7,31,11,7,8,454,8,828,201,1467,1054,623,37,122,1101,7509,35,111,2119,49,327,39,29,1,2,999,96,24,143,14,26,0,48,119,13,288,176,186,0,182,40,26,43,3,568,1,71,42,86,30,81,36,62,2,0,11,93,284,27,9,26,200,5,5065,1473,102,576,59,318,66,208,218,0,19,1693,2,1391,20,68,0,179,658,1502,46,421,43,60,714,1,2,8,21,7,2,3,510,8,2,2,370,523,2786,14,3,16,9,0,18,20,389,7,3,4,1,9,91,974,0,546,203,172,353,92,13601,47,0,2,2,34,0,169,8,3,8,17,1054,62,77
CHL,2,1,8,2,10,1,0,120,1063,63,1,1053,346,83,1,428,4,0,2,78,106,5,4,14,0,82,3,1,64,1642,6,8,3,11,1,1062,596,0,992,10,16,8,3,1,815,0,4,141,89,1,0,32,290,1753,0,0,427,58,33,325,162,0,2840,60,28,271,10,9,1492,0,2,7,2380,96,27,0,5,6,0,0,282,4,3,64,5,5,33,86,7,224,53,572,213,250,17,35,321,1263,5,35,644,50,43,9,3,0,11,327,16,2,33,2,12,0,1,23,0,33,23,38,0,159,3,4,6,1,878,0,21,0,13,2,2,7,14,0,0,11,13,163,12,3,5,82,20,736,302,20,213,44,177,72,405,88,0,4,422,1,548,118,59,0,31,213,419,3,218,12,8,108,1,0,3,2,22,0,0,195,1,0,0,118,134,486,1,0,6,7,0,6,1,118,5,1,0,1,4,53,303,0,280,16,30,68,199,3451,8,0,34,0,149,0,79,0,1,5,18,418,6,19
CHN,0,43,7,5,32,0,1,1092,587,198,0,18503,1824,205,20,2762,38,0,10,855,335,60,16,33,0,317,3,3,20,2235,8,115,8,25,5,13153,3611,992,6,36,144,47,17,0,555,1,2,42,123,0,0,224,1572,13061,0,1,3237,16,254,234,2814,13,4470,363,369,2085,28,2,7617,3,8,13,23876,239,481,1,11,21,0,1,1246,10,7,17,2,12,7,434,7,903,592,5380,1478,3027,387,133,1491,5722,9,262,10878,341,361,39,36,0,11,7124,174,36,159,9,32,1,4,303,5,284,146,153,1,327,27,19,33,3,1144,1,61,13,47,136,69,189,28,2,0,49,42,2609,18,5,21,806,4,4974,1898,327,1901,197,7484,64,202,524,0,17,2371,67,1428,19,125,0,573,782,3829,94,4983,258,33,8005,1,2,3,29,1,1,5,506,8,1,2,408,421,4487,7,0,8,38,0,4,14,1820,32,1,0,3,12,296,2033,0,5690,158,107,599,98,62083,203,0,4,2,46,0,1271,2,3,6,129,1622,40,50
CIV,0,0,2,0,2,0,0,5,9,3,0,26,10,0,3,43,50,0,63,5,6,0,0,3,0,1,2,0,2,25,2,3,1,6,6,38,85,10,36,0,47,22,16,0,13,0,4,7,2,0,0,2,9,69,2,0,13,2,9,8,18,0,19,8,20,9,1,0,244,0,0,12,134,2,38,0,9,6,3,1,7,0,0,2,8,1,0,6,2,8,13,21,6,8,0,4,5,29,2,4,20,3,63,3,4,0,0,8,2,4,5,4,3,0,0,2,3,4,3,5,0,28,0,1,17,0,12,0,4,37,2,2,1,1,25,3,0,21,13,6,10,0,24,54,1,32,9,4,5,4,12,5,9,11,0,0,8,1,11,2,2,0,4,7,11,16,12,2,54,9,0,0,3,9,0,0,1,7,0,0,0,6,4,14,4,0,5,0,0,3,34,9,2,1,0,1,1,10,19,0,4,33,36,4,3,137,0,0,0,0,6,0,17,0,0,0,2,62,10,16
CMR,0,1,2,5,5,0,0,21,17,1,0,80,30,2,16,143,71,0,34,21,12,5,0,5,0,3,1,0,1,64,2,5,1,49,18,119,120,16,144,47,0,64,39,0,31,0,3,12,3,0,0,6,39,253,1,1,17,2,26,11,50,0,48,10,46,24,3,0,316,0,2,36,329,10,84,0,12,13,3,3,21,0,0,6,1,6,1,14,5,13,23,132,13,44,15,8,17,112,8,10,60,8,116,8,4,0,0,21,6,0,9,10,6,0,0,13,3,5,6,4,0,43,0,1,24,0,38,0,2,26,3,2,1,0,20,3,0,3,28,29,11,0,21,131,1,77,27,20,20,3,65,10,17,19,0,1,24,2,23,2,7,0,11,29,36,38,63,23,52,18,0,0,2,15,1,0,3,16,3,0,0,3,10,40,9,0,3,2,0,11,16,16,1,1,0,1,3,34,97,0,53,73,69,10,8,363,5,0,0,0,5,1,36,1,0,0,6,234,27,42
COD,0,1,6,1,1,0,0,2,5,1,0,21,13,0,6,194,23,0,24,11,3,1,0,0,0,1,1,0,1,14,0,1,1,7,7,51,92,8,47,22,64,0,38,0,7,0,1,3,2,0,0,2,15,51,1,1,8,0,5,4,16,0,24,2,25,6,2,0,95,0,0,22,147,3,25,0,6,5,1,3,1,0,0,6,2,2,1,3,4,2,25,32,5,3,3,1,2,29,0,3,29,2,66,2,4,0,0,16,1,2,1,9,6,0,0,4,1,4,3,2,0,14,0,0,14,0,6,0,2,26,0,3,1,1,19,3,0,2,25,6,5,0,11,61,3,31,21,8,6,3,13,2,10,11,0,1,7,0,6,1,1,0,2,6,8,23,6,6,27,14,0,0,0,10,1,0,3,3,5,0,0,1,1,20,5,0,0,0,0,3,12,13,0,0,0,0,0,9,4,0,4,37,49,2,0,245,2,0,0,0,1,0,14,0,0,0,2,70,21,12
COG,0,0,2,0,0,0,0,2,6,0,0,18,5,0,5,36,18,0,20,4,2,0,0,1,0,0,1,0,1,20,0,2,0,3,14,25,77,3,17,16,39,38,0,0,5,0,0,3,0,0,0,0,9,49,1,0,22,0,2,3,19,1,12,0,14,8,2,0,74,0,1,32,102,0,19,0,7,8,1,2,2,0,0,0,2,2,0,1,0,1,10,28,3,1,1,2,4,13,0,3,15,1,41,1,2,0,0,5,1,1,0,6,2,0,0,4,3,0,0,2,0,8,0,0,8,0,4,0,0,7,0,0,0,2,14,1,0,1,5,4,4,1,8,30,1,25,9,2,6,1,6,2,4,15,0,1,2,0,4,1,0,0,1,1,3,16,4,1,18,8,0,0,1,8,0,0,0,2,1,1,0,1,1,10,3,0,0,1,0,3,6,7,0,0,0,0,0,3,1,0,3,14,23,0,0,108,0,0,0,0,1,1,12,1,0,0,1,46,11,21
COK,0,0,0,0,0,0,0,0,1,0,0,1,0,0,0,0,0,0,0,0,0,0,0,0,0,0,0,0,0,0,0,0,0,0,0,0,0,1,0,0,0,0,0,0,0,0,0,0,0,0,0,0,1,1,0,0,0,0,0,0,0,0,1,0,0,1,1,0,1,0,0,0,1,0,0,0,0,0,0,0,0,0,0,0,0,0,0,0,0,0,0,0,0,0,0,0,0,0,0,0,0,0,0,0,0,0,0,1,0,0,0,0,0,0,0,0,0,0,0,0,0,0,0,0,0,0,0,0,0,0,0,0,0,0,0,0,0,0,0,0,0,0,0,0,0,0,0,0,3,0,0,0,0,0,0,0,0,0,1,0,0,0,0,0,0,0,0,0,0,0,0,0,0,0,0,0,0,0,0,0,0,0,0,0,0,0,0,0,0,0,0,0,0,0,0,0,0,0,0,0,0,0,0,0,0,0,0,0,0,0,0,0,0,0,0,0,0,0,0,0
COL,6,3,4,4,11,2,0,120,699,111,0,591,297,87,1,318,6,0,5,70,175,10,5,10,0,163,4,1,77,1563,10,7,0,10,2,640,474,815,555,13,31,7,5,0,0,0,3,158,74,2,0,94,306,881,1,0,245,67,29,364,191,0,1700,116,46,213,6,2,786,0,5,5,1297,176,30,1,4,6,0,0,257,2,0,83,5,10,35,122,7,243,65,361,237,243,39,16,193,730,7,21,292,27,85,10,4,0,6,211,71,3,41,1,13,0,0,85,0,96,19,89,0,152,5,1,9,1,1017,0,19,4,9,5,58,4,16,0,0,5,10,159,5,0,4,99,25,494,212,32,189,23,172,135,430,152,0,6,383,1,378,62,63,0,98,218,384,13,182,13,9,105,1,0,2,6,24,0,2,207,0,0,3,108,117,374,0,0,4,5,0,0,2,148,2,1,1,1,9,42,330,0,232,18,36,168,148,2413,33,0,4,0,243,0,90,1,1,6,13,261,3,21
COM,0,0,0,0,0,0,0,0,0,0,0,2,0,0,0,2,0,0,0,0,0,0,0,0,0,0,0,0,0,0,0,0,0,0,0,3,0,0,1,0,0,0,0,0,0,0,0,0,0,0,0,0,0,1,1,0,0,0,0,0,0,0,0,0,0,3,0,0,12,0,0,0,3,0,0,0,0,0,0,0,0,0,0,0,0,0,0,0,0,0,0,0,0,0,0,0,0,5,0,0,0,0,2,0,0,0,0,0,0,0,0,0,0,0,0,0,0,0,0,0,0,0,0,0,5,0,0,0,0,0,0,0,0,0,1,0,0,1,1,0,0,0,0,0,0,2,0,0,1,0,0,0,0,0,0,0,0,0,1,0,0,0,0,0,0,0,0,0,0,0,0,0,0,0,0,0,0,0,0,1,0,0,0,0,0,0,3,0,0,0,0,0,0,0,0,0,0,0,0,0,0,2,0,0,0,4,0,0,0,0,0,0,0,0,0,0,0,3,1,0
CPV,0,0,2,0,1,0,0,2,3,0,0,5,4,0,0,2,2,0,2,2,2,0,0,2,0,0,1,0,0,13,2,2,0,0,0,3,5,4,2,4,3,1,0,0,3,0,0,2,2,0,0,3,3,7,0,0,5,2,2,2,2,0,21,3,3,2,1,0,7,0,0,0,22,2,2,0,0,0,2,0,2,0,0,2,0,0,0,2,2,2,2,2,3,2,0,3,4,6,2,2,6,2,2,2,0,0,0,2,2,0,2,0,0,0,0,0,0,2,2,2,0,2,0,1,0,0,2,0,1,0,3,2,1,0,5,1,0,3,2,2,1,0,1,4,0,5,3,2,3,0,2,3,2,2,0,0,3,1,34,1,2,0,2,2,2,0,2,0,3,2,0,0,2,2,0,0,0,2,0,0,0,2,3,4,0,0,3,0,0,0,0,2,1,1,0,1,0,3,2,0,3,3,3,2,2,8,0,0,0,0,2,0,3,0,0,0,2,3,1,0
CRI,2,0,1,2,1,0,0,14,122,0,0,76,36,1,0,38,6,0,2,9,11,3,5,3,0,0,2,0,16,197,3,3,3,2,0,112,56,141,42,7,12,3,3,0,158,0,2,0,23,1,0,8,25,137,0,0,33,28,4,86,11,0,224,14,11,20,4,2,111,0,1,0,172,8,10,0,0,2,0,0,15,0,0,35,1,2,15,10,4,21,10,23,20,24,3,9,25,84,2,5,39,5,17,6,1,0,0,18,5,0,7,1,1,0,0,6,0,5,4,9,0,6,1,1,4,0,181,0,4,0,4,3,1,4,3,0,0,3,4,14,1,0,3,13,19,84,28,7,27,7,13,70,98,14,1,0,21,1,38,36,4,0,6,13,29,2,12,1,4,18,1,0,2,0,15,0,0,12,0,0,1,8,12,57,0,0,7,0,1,0,3,16,1,1,3,1,6,5,16,0,14,8,8,7,42,432,1,0,0,0,51,0,9,0,0,0,5,37,0,1
CUB,1,0,2,0,2,0,0,6,62,34,0,26,59,34,0,76,3,0,0,8,8,3,1,2,0,0,1,0,12,193,3,2,0,1,0,74,63,89,123,2,3,2,0,0,74,0,2,23,0,0,0,3,48,138,0,0,48,43,4,73,11,0,202,6,6,48,1,0,126,0,1,0,111,3,4,0,0,0,0,0,46,0,0,20,1,0,16,43,7,41,42,59,10,9,0,3,8,121,6,6,60,6,6,3,0,0,1,51,6,0,3,0,1,0,0,3,0,6,2,2,0,5,2,1,0,0,263,0,3,0,2,2,1,2,3,0,0,3,2,12,1,0,3,6,12,72,50,5,12,1,45,19,71,7,0,2,51,1,28,16,4,0,5,42,71,0,11,0,2,8,1,0,2,0,10,0,0,9,0,0,0,44,6,59,0,0,2,0,0,0,0,40,2,1,0,1,3,4,54,0,10,2,4,39,29,209,0,0,0,0,29,0,12,0,0,2,3,52,0,0
CUW,1,0,0,0,0,0,1,0,1,0,0,7,2,0,0,1,0,1,0,0,0,0,0,0,0,0,0,0,0,1,2,0,0,0,0,6,2,1,0,0,0,0,0,0,2,0,0,1,0,0,0,0,0,5,0,0,1,1,0,1,0,0,2,0,0,0,0,0,2,0,0,0,2,0,0,0,0,0,0,0,1,0,0,0,0,0,0,0,0,0,0,3,0,0,0,0,0,1,0,0,2,0,0,0,0,0,0,0,0,0,0,0,0,0,0,0,0,0,0,0,0,0,0,0,0,0,2,0,0,0,0,0,0,0,0,0,0,0,0,0,0,0,0,0,0,30,0,0,0,0,0,0,1,0,0,0,0,0,1,1,0,0,1,0,0,0,1,0,0,0,0,0,0,0,0,0,0,0,0,0,0,0,0,0,0,0,0,0,0,0,0,0,0,0,0,0,1,0,0,0,0,0,0,0,2,15,0,0,0,0,2,0,0,0,0,0,0,0,0,0
CYM,0,0,0,1,0,0,0,0,0,0,1,4,1,0,0,0,0,0,0,0,0,0,2,0,1,0,1,2,0,2,3,0,0,0,0,7,2,0,0,0,0,0,0,0,0,0,0,0,0,0,0,0,0,1,0,1,0,0,0,0,0,0,0,0,0,0,0,0,2,0,0,0,13,0,0,0,0,0,0,0,1,1,0,0,0,1,0,0,1,1,0,1,0,0,0,0,2,3,2,0,2,0,0,0,0,0,1,0,0,0,0,0,0,0,0,0,0,0,0,0,0,0,2,0,0,0,1,0,0,0,0,0,0,0,0,0,0,0,0,2,0,0,0,1,0,3,1,0,2,0,0,0,0,0,0,0,1,0,1,0,0,0,0,1,0,0,0,0,0,0,0,0,0,0,0,0,0,0,0,0,0,0,0,0,0,1,0,0,0,0,0,1,0,0,0,0,4,0,0,0,0,0,0,0,0,23,0,0,0,2,0,0,0,0,0,0,0,0,0,0
CYP,0,4,1,0,24,0,0,37,28,83,0,220,193,7,0,225,3,0,0,21,119,7,0,21,0,84,0,1,0,126,7,2,0,1,0,132,299,32,224,2,6,2,0,0,94,0,3,8,3,0,0,0,169,498,0,0,117,5,18,77,131,0,387,121,10,179,1,0,359,0,0,2,907,91,7,0,0,1,0,0,916,2,0,6,0,1,0,145,2,144,12,169,170,153,20,16,112,525,2,26,54,15,4,6,0,0,0,111,58,0,75,0,9,0,0,60,0,122,22,96,0,18,1,8,2,0,97,0,30,1,33,2,64,2,2,0,0,4,3,109,3,0,3,40,0,215,115,3,99,12,127,5,15,12,0,0,223,1,229,1,10,0,98,87,192,1,88,2,2,37,0,0,2,0,2,2,0,151,0,0,1,38,63,165,1,0,2,1,0,0,1,87,3,3,0,1,0,22,326,0,100,5,7,91,10,561,32,0,0,0,4,0,17,0,1,6,4,71,0,0
CZE,0,1,6,5,53,1,0,121,310,185,0,1011,1559,139,4,1073,10,0,2,101,366,11,1,65,0,212,1,0,8,736,7,8,2,17,4,1075,1294,290,1572,9,39,15,9,1,306,0,3,25,48,0,0,169,0,3486,1,0,727,19,58,108,308,0,1904,300,70,697,4,1,2253,0,7,11,3147,199,47,0,4,9,0,0,762,2,1,11,3,8,0,422,2,804,116,911,415,581,69,59,506,2382,2,153,926,76,41,23,6,0,0,512,94,2,46,2,12,0,5,85,0,283,51,197,0,146,2,20,9,0,350,0,76,2,45,8,84,16,11,1,0,6,8,338,15,0,4,78,4,1425,643,27,232,41,366,45,119,88,0,18,2005,1,730,14,63,0,134,507,1391,11,360,16,10,172,0,1,3,3,1,7,0,461,1,0,1,1555,447,1113,4,0,3,5,0,1,3,215,10,8,0,2,2,54,736,0,499,18,26,420,47,3208,57,0,0,0,28,1,127,0,3,16,18,367,12,9
DEU,0,11,17,5,65,4,0,549,1354,277,0,7476,8482,178,11,6427,78,0,64,280,698,27,18,106,0,334,4,9,38,4145,11,28,13,40,11,7939,12892,1753,13061,69,253,51,49,1,881,1,7,137,138,5,1,498,3486,0,3,0,5173,21,170,281,1494,0,10998,611,316,2950,23,6,14428,2,7,114,24441,344,296,3,25,30,5,2,2856,13,24,32,12,13,7,905,2,2044,503,3444,2121,1822,169,278,2610,14049,29,314,5864,159,398,49,25,0,8,2727,140,16,187,9,37,0,45,171,1,576,517,356,0,324,55,81,81,7,1317,0,166,37,142,34,91,152,64,5,1,27,62,578,82,15,20,365,11,11991,3389,125,1205,113,1014,150,306,281,1,15,4914,3,2864,25,120,0,307,1376,5553,51,1233,95,57,1278,1,6,3,36,10,3,4,941,6,1,4,762,1069,7041,11,1,18,37,0,5,14,764,24,7,4,3,22,299,2175,0,1399,219,198,909,151,31598,108,0,11,2,80,1,545,1,4,26,36,1926,56,85
DJI,0,0,0,0,0,0,0,2,1,0,0,4,0,0,1,0,0,0,1,1,0,0,0,0,0,0,0,0,0,1,0,0,0,2,1,2,2,0,0,2,1,1,1,0,1,1,0,0,0,0,0,0,1,3,0,0,0,0,1,0,9,0,1,1,4,0,0,0,14,0,0,0,3,0,1,0,0,0,0,0,0,0,0,0,0,0,0,0,0,0,0,2,0,0,0,0,0,4,0,3,2,0,2,0,0,0,0,0,0,0,0,0,1,0,0,0,0,0,0,0,0,3,1,0,1,0,1,0,0,0,0,0,0,0,1,0,0,0,1,0,2,0,1,2,0,2,0,0,0,0,0,0,0,0,0,0,0,0,1,0,0,0,3,0,1,1,5,2,0,0,0,0,0,0,0,0,1,0,0,0,0,0,0,1,0,0,0,1,0,1,0,1,0,0,0,0,0,1,1,0,0,3,2,0,0,8,0,0,0,0,0,0,2,0,0,0,6,2,1,1
DMA,0,0,0,3,0,0,0,0,0,0,1,1,0,0,0,0,0,0,0,0,0,0,0,0,1,0,0,0,0,0,1,0,0,0,0,2,2,0,1,0,1,1,0,0,0,0,0,0,0,0,1,0,0,0,0,0,0,0,0,0,1,0,1,0,0,0,0,0,1,0,0,0,2,0,1,0,0,0,0,0,0,0,0,0,0,1,0,0,0,0,0,2,0,1,0,0,0,1,0,0,0,0,0,0,0,0,2,0,0,0,0,0,0,1,0,0,0,0,0,0,0,0,0,0,0,0,1,0,0,0,0,0,0,0,0,0,0,0,0,0,0,0,0,2,0,2,0,0,1,0,1,0,1,0,0,0,0,0,0,0,0,0,0,0,0,0,0,1,0,0,0,0,0,0,0,0,0,0,0,0,0,0,0,1,0,0,0,0,0,0,0,0,0,0,0,0,1,0,0,0,1,0,0,0,0,15,0,0,0,5,0,0,0,0,0,0,0,1,0,0
DNK,0,4,4,3,34,0,0,161,353,102,0,2525,1282,134,4,1738,21,1,20,101,217,7,4,38,0,129,2,1,4,1003,7,6,2,14,4,2274,2237,427,3237,13,17,8,22,0,245,0,5,33,48,1,0,117,727,5173,0,0,0,11,39,43,176,0,2811,240,89,1250,5,5,2946,32,4,10,7207,149,92,0,1,13,44,1,836,0,133,15,1,5,1,287,2,553,109,774,688,679,33,314,667,3157,9,30,1078,45,128,23,6,0,7,626,39,5,54,4,18,0,9,44,2,211,127,121,0,134,5,17,9,1,340,0,72,8,58,5,20,17,28,2,0,13,13,225,12,5,6,81,1,3344,2219,46,401,32,212,27,100,94,1,4,1125,1,953,15,61,0,101,396,765,21,275,28,21,388,0,2,3,3,1,7,1,309,1,0,1,255,387,3527,5,0,5,8,0,1,5,189,14,8,2,1,7,31,683,0,308,81,71,162,74,6975,20,0,0,0,24,0,95,0,1,9,13,567,13,17
DOM,2,1,2,0,5,0,0,8,76,1,0,13,10,1,1,15,3,0,1,7,7,2,0,4,0,1,0,0,14,72,3,3,0,1,0,30,17,58,16,2,2,0,0,0,67,0,2,28,43,1,0,5,19,21,0,0,11,0,4,44,14,0,88,3,7,6,1,0,33,0,0,3,60,2,5,0,0,1,0,0,8,0,0,41,1,0,24,9,7,9,7,26,9,10,3,2,12,24,4,8,8,4,3,2,1,0,2,5,6,0,5,0,5,0,0,8,0,7,2,2,0,6,0,1,2,0,89,0,6,0,2,3,1,1,3,0,0,3,2,11,2,0,3,8,20,21,5,3,5,4,10,35,50,10,0,2,13,1,15,29,7,0,8,8,12,1,9,4,1,9,0,0,2,1,19,0,0,10,0,0,0,5,4,10,0,1,2,2,0,0,0,9,1,1,0,1,1,5,13,0,12,7,4,1,34,180,1,0,0,0,44,0,4,0,1,2,5,9,1,3
DZA,0,1,6,0,11,0,0,148,24,2,0,90,40,2,3,110,10,0,4,32,23,12,0,8,0,7,0,0,1,104,2,4,0,6,1,198,78,33,254,9,26,5,2,0,29,0,2,4,4,0,0,18,58,170,1,0,39,4,0,7,273,0,387,16,15,42,2,0,1352,0,0,3,319,17,22,0,3,4,0,1,60,0,0,2,0,0,1,35,2,42,23,238,40,167,50,6,24,319,6,87,50,14,19,4,1,0,0,125,36,0,36,1,18,0,0,3,1,9,10,6,0,150,0,1,5,0,45,0,11,5,9,2,3,2,7,4,0,9,9,141,4,2,7,38,0,67,52,5,15,22,152,2,11,25,0,1,108,1,146,2,23,0,53,79,89,7,649,25,18,15,0,0,2,1,0,0,1,32,0,0,0,29,22,61,2,1,2,5,0,3,5,37,4,1,0,1,3,273,320,0,91,13,11,25,11,247,2,0,0,0,2,0,90,0,0,3,15,100,4,6
ECU,2,1,3,0,8,1,0,22,237,75,0,190,121,1,2,181,4,0,1,30,85,3,3,4,0,73,4,0,36,449,3,7,3,3,1,153,159,325,234,8,11,4,3,0,364,0,2,86,73,1,0,77,108,281,0,0,43,44,7,0,97,0,977,83,16,122,3,2,239,0,0,5,379,76,14,0,2,2,0,0,104,0,0,42,3,3,21,87,7,93,23,180,107,153,10,5,26,276,4,10,45,7,25,5,3,0,0,120,50,1,14,1,5,0,2,66,0,86,2,79,0,38,2,1,4,0,355,0,8,2,2,4,55,3,5,0,0,5,4,97,2,0,3,35,18,121,31,8,120,14,131,57,199,18,0,3,118,1,202,46,7,0,81,48,114,2,69,5,2,27,1,0,2,2,18,0,0,90,0,0,1,11,11,67,0,0,5,5,0,0,0,93,4,1,0,1,4,11,125,0,87,9,8,84,69,740,28,0,0,0,192,0,22,1,0,1,7,50,4,4
EGY,0,22,5,5,20,0,0,924,116,97,3,752,272,29,5,382,16,0,11,321,156,88,1,21,0,107,0,0,9,414,9,16,0,14,2,932,400,162,2814,18,50,16,19,0,191,0,2,11,11,0,0,131,308,1494,9,1,176,14,273,97,0,0,779,131,80,280,4,0,752,0,6,7,1975,106,63,0,1,11,0,1,356,1,0,12,0,9,2,154,4,271,163,1620,256,591,305,10,86,1008,4,410,1046,78,78,14,3,0,7,751,358,2,187,2,120,0,0,103,1,123,18,90,0,234,0,4,6,3,309,0,31,6,15,16,64,9,15,3,0,14,19,535,9,1,13,283,0,306,144,70,186,238,1231,23,57,85,0,2,445,3,299,9,90,0,339,195,798,22,9286,191,19,119,0,0,2,2,2,0,4,188,1,0,0,113,55,321,4,8,2,55,0,3,6,267,3,1,0,1,2,344,790,0,405,30,50,131,21,3183,64,0,1,0,12,0,192,1,1,15,275,319,15,16
ERI,0,0,0,0,0,0,0,0,0,0,0,3,0,0,0,1,0,0,0,0,0,0,0,0,0,0,0,0,0,0,0,0,0,0,0,2,4,0,13,0,0,0,1,0,0,0,0,0,0,0,0,0,0,0,0,0,0,0,0,0,0,0,0,0,5,1,0,0,1,0,0,0,4,0,0,0,0,0,0,0,0,0,0,0,0,0,0,0,0,0,0,5,1,0,0,0,0,3,0,0,0,0,1,0,0,0,0,0,0,0,0,0,0,0,0,0,0,0,0,0,0,0,0,0,0,0,0,0,0,0,0,0,0,0,1,0,0,0,0,0,0,0,0,2,0,4,0,0,0,0,0,0,0,0,0,0,1,0,2,0,0,0,0,0,0,0,3,3,0,0,0,0,0,0,0,0,0,0,0,0,0,0,0,0,0,0,0,0,0,0,0,0,0,0,0,0,0,0,0,0,0,5,3,0,0,7,0,0,0,0,0,0,0,0,0,0,1,4,0,0
ESP,0,6,17,5,74,22,0,355,1881,161,3,4346,2629,114,4,4195,17,0,17,158,528,18,17,82,0,232,6,5,63,3978,9,17,2,19,2,4384,4728,2840,4470,19,48,24,12,1,1700,0,21,224,202,2,0,387,1904,10998,1,1,2811,88,387,977,779,0,0,468,111,1700,12,3,10127,1,6,22,15059,276,88,12,18,31,5,5,2220,7,13,57,11,13,28,651,7,1094,149,1887,1640,1226,126,181,1549,11932,15,144,2752,75,137,30,11,0,6,1674,134,9,208,3,30,0,10,106,0,462,222,251,0,497,47,25,26,3,2561,0,138,28,111,7,84,18,181,9,2,13,26,457,28,7,12,195,24,5628,2015,55,705,79,557,135,466,206,1,26,2902,2,4711,109,103,0,233,1036,2074,15,1013,42,34,661,3,1,4,18,16,6,0,765,1,0,2,463,819,3567,5,0,12,15,0,5,9,382,16,7,0,1,10,422,1640,0,883,74,78,466,302,15638,60,0,8,0,173,0,233,1,2,23,25,1045,11,19
EST,1,0,2,2,34,0,0,29,40,89,0,300,265,10,1,332,7,0,2,18,149,7,0,36,0,107,0,0,4,191,2,7,0,9,2,186,294,60,363,8,10,2,0,0,116,0,3,14,6,0,0,121,300,611,1,0,240,3,16,83,131,0,468,0,22,568,1,0,401,0,5,3,730,105,14,0,0,3,0,0,222,0,1,6,0,3,0,164,2,231,24,217,188,167,16,58,95,484,4,13,132,32,20,22,2,0,0,141,59,0,10,0,3,0,1,75,0,219,20,263,0,18,1,11,1,0,161,0,41,2,31,2,70,5,10,1,0,3,4,114,5,1,2,28,0,297,254,11,126,10,148,13,23,26,0,3,346,1,244,3,7,0,94,123,319,7,89,4,3,48,0,0,2,0,1,6,0,155,0,0,1,75,107,461,2,0,2,1,0,1,1,97,9,7,0,1,4,25,189,0,119,5,14,158,10,570,33,0,0,0,7,0,39,0,0,7,8,64,3,2
ETH,0,7,5,5,9,0,0,62,34,9,0,320,60,14,9,217,35,0,24,89,18,9,1,4,0,3,1,0,6,92,6,7,0,63,4,188,151,28,369,20,46,25,14,0,46,0,3,11,6,0,0,10,70,316,4,0,89,7,15,16,80,5,111,22,0,49,13,0,156,0,7,13,645,8,119,0,1,24,13,1,35,0,0,9,2,11,2,23,5,31,50,797,55,96,37,8,29,134,4,35,111,12,244,11,7,0,0,153,25,1,14,8,19,0,0,26,5,11,11,4,0,51,0,4,16,1,64,0,9,24,5,10,1,12,44,2,0,7,39,93,17,1,16,160,1,192,181,40,38,31,109,19,47,30,0,3,72,1,68,3,24,0,33,36,56,53,158,39,28,38,1,0,4,18,1,0,3,34,5,0,0,10,11,168,11,0,4,18,0,5,7,36,1,1,0,2,2,24,66,0,72,104,133,16,9,809,6,0,0,0,5,0,67,1,1,0,16,295,38,55
FIN,0,1,7,3,34,0,0,110,165,142,1,1288,871,45,3,943,10,0,6,82,216,8,1,32,0,129,2,2,9,651,8,5,1,15,2,1207,1237,271,2085,9,24,6,8,1,213,3,2,20,48,0,0,179,697,2950,0,0,1250,6,42,122,280,1,1700,568,49,0,8,0,1813,3,6,5,3731,113,65,1,5,7,1,0,652,2,17,12,4,8,1,285,3,452,105,661,510,539,33,209,337,1866,10,48,792,59,75,26,4,0,0,494,77,3,49,2,22,0,10,98,0,307,65,242,0,71,0,9,10,3,329,0,57,4,46,8,75,11,12,2,0,6,23,219,15,3,5,67,2,1597,1318,35,351,33,272,29,92,47,0,4,883,1,725,15,19,0,143,298,1120,18,295,12,9,296,1,1,2,1,1,5,0,210,2,0,1,184,228,2769,2,0,5,5,0,2,3,187,8,6,0,1,1,46,467,0,252,30,38,239,28,3530,43,0,0,0,17,0,90,0,2,9,18,378,5,9
FJI,0,1,0,0,1,0,0,4,4,0,1,155,3,0,0,13,1,0,0,14,2,0,0,1,0,0,0,1,1,16,5,1,0,3,0,33,21,10,28,1,3,2,2,1,6,0,1,4,1,0,0,1,4,23,0,0,5,1,2,3,4,0,12,1,13,8,0,0,45,0,2,0,68,2,3,0,1,2,0,0,6,1,0,1,0,2,0,2,3,6,8,29,5,10,3,4,4,23,4,1,30,1,15,1,1,3,0,6,1,0,1,1,0,0,0,6,0,1,1,3,0,8,0,1,2,0,6,2,1,0,1,1,1,4,2,0,0,3,4,17,3,7,1,12,0,20,14,4,34,0,6,4,6,16,6,11,4,0,9,3,1,0,1,2,4,1,7,1,3,15,0,0,16,0,0,0,0,3,0,0,1,3,3,11,1,0,4,0,0,0,0,8,1,1,1,8,3,1,9,1,4,8,4,0,3,72,1,0,0,1,2,0,8,14,11,0,2,19,6,1
FLK,0,0,0,0,0,0,0,0,3,0,0,15,1,0,0,5,0,0,0,0,0,0,2,0,0,0,0,0,0,2,0,0,0,0,0,8,2,9,2,0,0,0,0,0,2,0,0,2,0,0,0,0,1,6,0,0,5,0,0,2,0,0,3,0,0,0,0,0,10,1,0,0,38,0,0,0,0,0,0,0,0,0,0,0,0,0,0,2,0,0,0,0,4,0,0,2,1,0,0,0,2,0,2,0,0,0,0,0,0,0,0,0,0,0,0,0,0,0,0,0,0,1,0,0,0,0,3,0,0,0,0,0,0,0,0,0,0,0,0,1,0,0,0,0,0,0,1,0,5,0,0,2,2,2,0,0,0,0,9,0,0,0,0,0,2,0,3,0,0,0,0,0,0,0,0,0,0,0,0,0,0,0,0,1,0,0,2,0,0,0,0,0,0,0,0,0,0,0,0,0,0,0,0,0,0,18,0,0,0,0,0,0,1,0,0,0,0,7,0,0
FRA,1,6,5,4,66,10,0,513,1114,255,1,5370,3060,139,17,6580,138,0,184,158,526,25,9,59,1,265,3,5,39,3627,18,19,5,37,30,7083,7415,1492,7617,244,316,95,74,1,786,12,7,111,126,2,2,359,2253,14428,14,1,2946,33,1352,239,752,1,10127,401,156,1813,45,10,2,8,5,77,17189,267,121,4,48,25,2,3,2180,6,17,28,89,10,3,693,24,1241,290,2393,1673,1037,95,203,1793,12626,21,150,4312,137,238,32,87,0,7,1903,157,44,928,15,51,0,7,105,3,366,423,228,0,1254,170,40,179,14,1370,2,103,89,104,22,90,29,62,33,2,43,40,492,39,126,55,221,7,6822,2301,66,888,121,566,94,366,227,1,18,3137,4,2570,31,96,0,324,1323,3204,40,1164,74,311,969,1,2,7,23,6,4,0,671,1,1,5,482,735,3980,10,1,35,31,1,19,57,630,15,5,0,2,16,1516,1492,0,1021,73,128,567,136,20699,60,0,10,3,98,0,704,6,4,12,25,1382,31,67
FRO,0,0,0,0,0,0,0,0,0,0,0,3,0,0,0,0,0,0,0,0,0,0,0,0,0,0,0,0,0,0,0,0,0,0,0,8,2,0,3,0,0,0,0,0,0,0,0,0,0,0,0,0,0,2,0,0,32,0,0,0,0,0,1,0,0,3,0,1,8,0,0,0,17,0,0,0,0,0,0,0,4,0,3,0,0,0,0,0,0,0,0,5,2,1,1,11,0,1,0,0,0,0,0,0,0,0,0,1,0,0,0,0,0,0,0,0,0,0,0,0,0,0,0,0,0,0,2,0,0,0,0,0,0,0,0,0,0,0,0,0,0,0,0,1,0,1,18,0,0,0,1,0,0,0,0,0,2,0,1,0,0,0,1,0,8,0,0,0,0,0,0,0,0,0,0,0,0,0,0,0,0,0,0,7,0,0,0,0,0,0,0,0,0,0,0,0,0,0,0,0,0,0,0,0,0,15,0,0,0,0,0,0,0,0,0,0,0,2,0,0
FSM,0,0,0,2,0,0,0,7,3,0,0,11,0,2,0,2,0,0,0,7,1,4,0,0,0,0,0,0,0,6,0,1,0,3,0,6,5,2,8,0,2,0,1,0,5,0,0,1,1,0,0,0,7,7,0,0,4,0,0,0,6,0,6,5,7,6,2,0,5,0,0,0,17,1,6,0,0,2,0,0,5,0,0,1,0,3,0,4,0,3,6,6,5,7,4,5,3,6,0,5,7,4,3,5,0,0,0,6,6,0,1,0,2,0,0,7,0,0,0,0,0,4,0,0,0,0,6,1,0,0,0,0,0,2,3,0,0,0,0,6,0,0,0,6,0,4,7,6,6,3,6,6,6,6,1,2,6,0,6,0,3,0,6,6,6,2,7,1,0,6,0,0,1,0,0,0,0,6,0,0,0,0,1,6,0,0,0,0,0,0,0,2,0,0,0,1,1,2,5,0,6,2,5,5,1,12,2,0,0,0,0,0,6,0,1,0,6,6,0,0
GAB,0,1,3,0,3,0,0,2,4,1,0,19,22,0,6,24,19,0,14,3,4,0,0,1,0,2,1,0,3,15,0,3,0,2,8,16,29,7,13,12,36,22,32,0,5,0,0,0,0,0,0,2,11,114,0,0,10,3,3,5,7,0,22,3,13,5,0,0,77,0,0,0,93,1,28,0,5,3,1,3,2,0,0,2,1,1,0,3,0,4,7,10,4,5,3,0,5,13,1,3,11,0,13,0,0,0,0,7,2,0,0,4,4,0,0,4,1,4,0,1,0,7,0,0,10,0,4,0,4,8,0,0,0,0,8,2,0,1,8,8,1,0,5,14,1,57,10,0,4,2,5,4,6,4,0,2,5,0,10,2,3,0,3,4,6,7,6,4,18,8,0,0,0,16,0,0,0,4,0,1,0,2,1,9,2,0,0,1,0,3,5,6,0,0,0,0,0,3,4,0,5,14,12,1,1,72,1,0,0,0,1,0,19,0,0,0,2,23,3,11
