,ABW,AFG,AGO,AIA,ALB,AND,ANT,ARE,ARG,ARM,ATG,AUS,AUT,AZE,BDI,BEL,BEN,BES,BFA,BGD,BGR,BHR,BHS,BIH,BLR,BLZ,BMU,BOL,BRA,BRB,BRN,BTN,BWA,CAF,CAN,CHE,CHL,CHN,CIV,CMR,COD,COG,COK,COL,COM,CPV,CRI,CUB,CUW,CYM,CYP,CZE,DEU,DJI,DMA,DNK,DOM,DZA,ECU,EGY,ERI,ESP,EST,ETH,FIN,FJI,FLK,FRA,FRO,FSM,GAB,GBR,GEO,GHA,GIB,GIN,GMB,GNB,GNQ,GRC,GRD,GRL,GTM,GUF,GUY,HND,HRV,HTI,HUN,IDN,IND,IRL,IRN,IRQ,ISL,ISR,ITA,JAM,JOR,JPN,KAZ,KEN,KGZ,KHM,KIR,KNA,KOR,KWT,LAO,LBN,LBR,LBY,LCA,LIE,LKA,LSO,LTU,LUX,LVA,MAF,MAR,MCO,MDA,MDG,MDV,MEX,MHL,MKD,MLI,MLT,MMR,MNE,MNG,MOZ,MRT,MSR,MUS,MWI,MYS,NAM,NCL,NER,NGA,NIC,NIU,NLD,NOR,NPL,NZL,OMN,PAK,PAN,PER,PHL,PLW,PNG,POL,PRK,PRT,PRY,PSE,QAT,ROU,RUS,RWA,SAU,SDN,SEN,SGP,SHN,SJM,SLB,SLE,SLV,SMR,SOM,SRB,SSD,STP,SUR,SVK,SVN,SWE,SWZ,SXM,SYC,SYR,TCA,TCD,TGO,THA,TJK,TKM,TLS,TON,TTO,TUN,TUR,TUV,TWN,TZA,UGA,UKR,URY,USA,UZB,Unnamed: 1,VAT,VCT,VEN,VGB,VNM,VUT,WSM,XKX,YEM,ZAF,ZMB,ZWE
ABW,0,0,0,0,0,0,0,0,0,0,0,1,0,0,0,2,0,0,0,0,0,0,0,0,0,0,0,0,1,0,0,0,0,0,0,0,0,0,0,0,0,0,0,0,0,0,0,0,1,0,0,0,0,0,0,0,0,0,0,0,0,1,0,0,0,0,0,0,0,0,0,4,0,0,0,0,0,0,0,0,0,0,0,0,0,0,0,0,0,0,0,0,0,0,0,0,2,0,0,2,0,0,0,0,0,0,0,0,0,0,0,0,0,0,0,0,0,1,0,0,0,0,0,0,0,0,0,0,0,0,0,0,0,0,0,0,0,0,0,0,0,0,0,0,0,4,0,0,0,0,0,0,0,0,0,0,0,0,0,0,0,0,0,0,0,0,0,0,0,0,0,0,0,0,0,0,0,0,0,0,0,0,0,0,0,0,0,0,0,0,1,0,0,0,0,0,0,0,0,0,0,0,0,0,5,0,0,0,0,0,0,0,0,0,0,0,1,0,0
AFG,0,0,0,1,0,0,0,1,0,0,0,7,1,0,0,5,1,0,0,4,1,1,0,0,0,0,0,0,1,0,0,1,0,0,3,6,1,4,0,1,4,1,0,1,0,0,1,0,0,0,0,0,3,0,0,4,0,1,1,5,0,3,2,2,1,0,0,6,0,1,0,20,0,5,0,0,0,0,0,0,0,0,0,0,0,0,0,2,0,2,14,1,12,1,0,3,4,0,2,15,1,2,1,0,0,0,3,1,0,2,0,0,0,0,2,0,0,3,0,0,0,0,0,0,0,3,0,0,0,0,2,0,1,2,0,0,0,1,11,0,1,0,5,0,0,5,2,2,1,0,16,1,1,2,0,0,1,0,1,0,1,1,1,1,1,4,0,1,2,0,0,0,1,0,0,0,1,0,0,0,2,0,3,0,0,0,0,0,1,0,5,0,0,0,0,0,1,3,0,2,3,3,1,0,28,0,0,0,0,0,0,2,0,0,0,0,3,1,0
AGO,0,0,0,0,0,0,0,0,3,0,0,7,1,0,0,3,2,0,3,0,1,0,0,2,0,0,0,0,15,0,0,0,1,0,2,7,0,1,0,3,1,0,0,0,0,2,0,3,0,0,0,0,10,0,0,3,0,1,0,2,0,19,0,1,2,0,0,7,0,0,1,11,0,1,0,1,0,1,0,1,0,0,0,0,0,0,2,3,1,0,1,0,1,0,0,1,8,0,0,0,0,4,0,0,0,0,1,0,0,0,0,1,0,0,0,0,0,0,0,0,0,0,0,0,0,0,0,0,4,0,0,0,0,6,1,0,0,3,0,1,0,2,2,0,0,9,2,0,1,0,1,0,1,0,0,0,0,0,47,0,0,0,0,3,1,0,0,4,1,0,0,0,0,0,0,0,0,0,3,0,0,2,2,0,0,0,0,0,1,0,0,0,0,0,0,0,0,0,0,0,3,4,0,1,30,0,0,0,0,0,0,0,0,0,0,0,5,2,2
AIA,0,1,0,0,0,0,0,7,1,0,0,8,7,0,3,7,8,0,0,9,5,7,0,0,0,0,0,1,8,0,0,6,0,0,8,6,7,8,0,7,5,0,0,8,0,0,5,0,0,0,0,0,8,0,0,7,0,7,6,8,0,8,6,8,8,0,0,6,0,6,0,23,2,7,0,0,2,0,0,4,0,0,0,0,0,0,2,0,0,7,8,6,8,8,6,7,8,1,7,8,4,8,6,0,0,0,8,1,0,6,0,0,0,0,6,0,0,6,0,0,1,0,0,0,0,8,0,0,0,0,5,0,0,6,0,0,0,0,8,1,5,0,8,0,0,8,8,8,8,4,8,7,8,7,0,1,8,0,8,0,6,5,6,8,6,8,0,0,8,0,0,0,0,0,0,0,8,0,0,0,7,0,8,0,0,0,0,0,0,0,0,0,0,0,0,0,3,8,0,7,5,5,6,0,11,0,0,0,0,0,0,7,0,0,0,3,8,6,0
ALB,0,0,0,0,0,1,0,4,4,1,0,8,20,0,0,19,3,0,2,3,19,0,0,14,10,0,0,2,12,1,3,0,1,0,8,23,4,11,3,5,1,0,0,9,0,0,2,1,0,0,8,21,42,0,0,14,2,7,4,11,0,37,13,1,14,1,0,31,1,0,0,46,6,4,0,0,0,0,0,37,0,0,0,0,0,0,28,0,15,4,12,9,5,0,6,13,100,5,5,15,2,3,2,0,0,0,6,1,0,6,0,0,0,0,1,0,8,2,7,0,6,0,2,0,0,8,0,23,0,5,1,14,3,1,0,0,2,0,8,1,0,0,6,1,0,24,12,4,1,2,5,5,4,2,0,1,24,0,20,3,1,3,24,16,0,7,4,1,6,0,0,1,2,1,0,0,26,0,0,1,8,25,20,0,0,1,1,0,0,0,5,0,0,0,1,3,8,36,0,6,3,5,8,1,46,0,0,0,0,3,0,4,0,0,27,1,4,3,0
AND,0,0,0,0,1,0,0,0,0,1,0,2,2,0,0,3,0,0,0,0,1,0,0,1,1,0,0,0,0,0,0,0,0,0,2,1,4,0,0,0,0,0,0,2,0,0,0,0,0,0,0,3,1,0,0,1,0,0,0,0,0,12,1,0,1,0,0,4,1,0,0,2,1,0,0,0,0,0,0,1,0,0,0,0,0,0,1,0,1,0,2,1,0,0,1,0,1,0,0,1,0,0,0,0,0,0,0,0,0,0,0,0,0,0,0,0,1,0,1,0,1,0,1,0,0,2,0,1,0,0,0,1,0,0,0,0,0,0,0,0,0,0,0,0,0,1,3,0,0,0,0,0,0,0,0,0,1,0,1,0,0,0,1,1,0,0,0,0,2,0,0,0,0,0,0,0,1,0,0,0,1,1,3,0,0,0,0,0,0,0,0,0,0,0,0,0,0,1,0,0,0,1,1,0,6,0,0,0,0,0,0,0,0,0,0,0,0,0,0
ANT,0,0,0,0,0,0,0,0,0,0,0,0,0,0,0,0,0,0,0,0,0,0,0,0,0,0,0,0,0,0,0,0,0,0,0,0,0,0,0,0,0,0,0,0,0,0,0,0,0,0,0,0,0,0,0,0,0,0,0,0,0,0,0,0,0,0,0,0,0,0,0,0,0,0,0,0,0,0,0,0,0,0,0,0,0,0,0,0,0,0,2,0,0,0,0,0,0,0,0,0,0,0,0,0,0,0,0,0,0,0,0,0,0,0,0,0,0,0,0,0,0,0,0,0,0,0,0,0,0,0,0,0,0,0,0,0,0,0,0,0,0,0,0,0,0,3,0,0,0,0,0,0,0,0,0,0,0,0,0,0,0,0,0,0,0,0,0,0,0,0,0,0,0,0,0,0,0,0,0,0,0,0,0,0,0,0,0,0,0,0,0,0,0,0,0,0,0,0,0,0,0,0,0,0,0,0,0,0,0,0,0,0,0,0,0,0,0,0,0
ARE,0,1,0,7,4,0,0,0,26,1,0,231,51,2,4,59,13,0,5,36,18,36,0,6,9,1,1,3,89,3,3,7,3,0,377,91,45,239,5,23,7,0,0,37,0,0,9,2,0,1,14,40,239,0,0,59,1,70,12,226,0,153,22,23,54,3,0,258,0,7,2,532,10,16,0,2,2,0,0,130,0,1,1,0,0,1,11,0,27,21,261,27,83,26,14,53,222,10,132,93,12,12,11,3,0,0,129,52,1,84,0,7,0,0,13,0,8,16,9,1,43,1,1,1,2,37,0,4,0,2,8,1,6,11,0,0,3,1,139,3,7,1,25,0,0,131,46,16,34,76,159,12,15,19,0,2,83,0,84,7,21,140,33,72,8,291,18,1,82,0,0,1,2,1,0,1,41,0,0,1,14,13,105,0,0,3,5,0,0,0,30,0,0,0,1,5,83,88,0,47,11,12,17,2,937,6,0,1,0,11,0,18,0,0,0,17,66,10,5
ARG,0,0,3,1,4,0,0,26,0,96,0,516,226,93,0,274,7,0,4,19,115,3,1,9,99,1,0,47,1230,4,3,2,4,0,615,427,644,391,4,10,7,0,0,504,1,0,83,47,0,1,10,257,956,0,1,275,13,13,126,48,0,1323,32,5,91,2,1,899,0,1,2,1021,107,21,1,2,3,0,1,170,2,1,30,1,2,13,34,2,180,22,201,60,47,5,10,201,721,10,12,312,8,29,7,2,0,0,87,15,0,14,0,0,0,0,11,0,10,13,15,0,117,4,6,3,0,459,0,3,3,3,3,1,11,8,0,0,4,1,128,5,3,1,28,14,0,422,194,14,94,5,34,43,177,33,0,2,237,0,269,48,87,14,176,249,5,43,6,2,57,0,0,1,2,10,0,0,123,0,1,4,114,147,291,0,0,4,2,0,0,1,53,0,0,0,1,7,16,218,0,145,8,14,47,256,2150,5,0,3,0,118,0,18,0,0,0,2,274,9,7
ARM,0,0,0,0,1,1,0,1,96,0,0,112,255,117,0,136,0,0,0,9,225,0,0,3,225,0,0,0,250,0,0,0,0,0,111,276,112,260,0,1,0,0,0,211,0,0,0,29,0,0,122,266,328,0,0,133,0,0,113,125,0,262,126,0,152,0,0,330,1,0,0,408,227,0,0,1,0,0,0,255,0,0,0,0,0,0,158,0,244,37,167,134,130,0,8,107,323,0,0,145,11,0,2,0,0,0,182,0,0,2,0,0,0,0,115,0,123,1,116,0,97,1,2,0,0,158,0,4,0,1,0,5,4,0,0,0,0,0,215,7,0,0,0,0,0,146,128,1,119,0,160,1,30,10,0,0,278,0,226,0,82,111,140,397,0,14,0,0,10,0,0,0,0,0,1,0,215,0,0,0,126,105,137,1,0,0,0,0,0,0,156,0,0,0,0,0,6,257,0,218,1,1,167,1,373,7,0,0,0,0,0,4,0,0,2,0,132,0,0
ATG,0,0,0,0,0,0,0,0,0,0,0,0,0,0,0,0,0,0,0,0,0,0,1,0,0,0,0,0,0,0,0,0,0,0,2,0,0,0,0,0,0,0,0,0,0,0,0,0,0,0,0,0,0,0,0,0,0,0,1,0,0,0,0,0,0,0,0,0,0,0,0,0,0,0,0,0,0,0,0,0,0,0,0,0,0,0,0,0,0,0,1,0,0,0,0,0,0,0,0,0,0,0,0,0,0,0,0,0,0,0,0,0,0,0,0,0,0,0,0,0,0,0,0,0,0,0,0,0,0,0,0,0,0,0,0,0,0,0,0,0,0,0,0,0,0,0,0,0,0,0,0,0,0,0,0,0,1,0,0,0,0,0,0,0,0,0,0,0,0,0,0,0,0,0,0,0,0,0,0,0,0,0,0,0,0,0,0,0,0,0,0,0,0,0,0,0,0,0,0,0,0,0,0,0,8,0,0,0,0,0,0,0,0,0,0,0,0,0,0
AUS,1,7,7,8,8,2,0,231,516,112,0,2,1047,96,5,1683,23,1,24,418,197,19,11,10,122,6,6,19,1652,9,31,33,38,1,4965,2481,783,11235,12,57,22,9,4,386,1,3,62,24,1,5,69,624,5750,1,0,1626,2,46,78,258,1,2781,149,133,816,96,4,3987,0,13,11,12374,125,147,1,7,30,5,1,588,4,5,18,6,7,5,139,2,454,502,1748,794,900,168,109,713,3265,16,95,2583,51,170,19,87,4,3,1236,88,49,98,6,14,4,7,226,1,84,91,39,0,160,25,7,19,5,494,2,16,17,21,42,2,32,51,1,1,12,41,1165,30,36,4,172,9,1,3390,1100,108,2516,52,443,53,114,232,3,121,920,1,734,18,111,243,341,916,21,844,20,23,1525,0,0,30,11,4,1,2,242,4,2,4,184,236,2204,8,2,14,9,1,0,2,644,0,0,17,9,20,57,511,0,812,86,101,116,74,15541,14,0,9,1,38,1,537,11,20,5,11,1359,40,31
AUT,0,1,1,7,20,2,0,51,226,255,0,1047,0,111,3,1343,16,0,15,23,405,8,0,41,240,1,1,9,761,7,13,11,8,0,1133,2495,252,1263,4,24,11,1,0,274,1,2,26,42,1,1,168,1178,6684,0,6,1023,2,30,145,230,0,1970,297,41,805,3,0,2450,1,6,17,3953,249,23,1,3,4,0,0,849,1,2,10,2,1,2,439,2,951,78,693,529,282,30,89,426,2918,10,30,960,20,40,15,4,0,3,527,39,0,36,0,2,0,113,138,0,342,73,285,0,113,4,16,5,0,286,0,45,1,28,12,16,24,13,0,0,5,3,290,19,5,3,48,2,0,1833,701,22,274,15,269,17,64,30,0,5,1071,0,774,7,94,155,570,927,7,185,14,7,195,0,1,1,3,2,1,0,427,0,1,3,503,544,1425,0,0,4,6,0,1,0,265,0,0,0,1,4,89,512,0,348,19,29,336,23,4579,8,0,1,0,17,0,55,0,0,14,6,362,10,1
AZE,0,0,0,0,0,0,0,2,93,117,0,96,111,0,0,4,0,0,1,0,98,0,0,2,107,0,0,0,109,0,0,0,1,0,97,118,95,117,0,0,0,0,0,92,0,0,0,15,0,0,4,113,143,0,0,108,0,1,0,5,0,119,3,0,22,0,0,120,0,0,0,205,102,0,0,0,0,0,0,110,0,0,0,0,0,0,24,0,114,15,22,2,24,0,2,106,122,0,0,119,16,1,2,0,0,0,18,0,0,0,0,0,0,0,0,0,3,1,2,0,93,0,1,0,0,17,0,2,0,1,0,1,1,0,0,0,0,0,92,0,0,0,0,0,0,112,112,0,1,0,17,0,15,0,0,0,124,0,109,0,82,0,111,217,0,11,0,0,0,0,0,0,0,0,1,0,96,0,0,0,112,96,110,0,0,0,0,0,0,0,15,1,0,0,0,0,2,262,0,95,0,0,33,0,143,2,0,0,0,0,0,3,0,0,2,0,109,0,0
BDI,0,0,0,3,0,0,0,4,0,0,0,5,3,0,0,22,4,0,0,5,1,4,0,0,0,0,0,0,4,0,0,4,0,0,5,5,4,7,2,7,8,0,0,4,0,0,3,1,0,0,0,1,12,0,0,7,0,4,3,4,0,4,4,8,4,0,0,12,0,4,1,18,1,6,0,0,1,0,0,4,0,0,0,0,0,0,2,0,3,4,8,4,4,4,4,3,8,0,4,7,3,8,4,0,0,0,4,1,0,4,0,1,0,0,3,0,0,7,0,0,2,0,0,1,0,4,0,1,0,0,3,0,0,4,0,0,0,1,5,0,4,0,5,0,0,10,5,4,4,3,4,3,4,6,0,1,4,0,4,0,2,3,6,4,10,4,0,1,4,0,0,0,0,0,0,0,4,0,0,0,4,0,6,0,0,0,0,0,0,0,1,0,0,0,0,0,1,6,0,4,9,12,4,0,18,0,0,0,0,0,0,5,0,0,0,3,4,5,0
BEL,2,5,3,7,19,3,0,59,274,136,0,1683,1343,4,22,0,50,0,64,38,384,12,0,30,157,3,0,14,1007,4,6,9,10,2,1780,2495,264,1642,32,96,153,7,0,284,3,2,35,93,0,1,218,915,4951,1,0,1289,6,110,205,317,0,3058,336,138,890,3,0,5333,1,7,15,6458,153,60,1,36,53,1,0,1016,2,4,12,8,2,2,332,3,778,78,726,745,365,28,85,482,3917,12,36,1129,21,146,15,34,0,6,676,39,3,86,3,7,0,3,138,0,365,242,286,0,99,24,20,15,0,399,0,42,21,48,18,9,17,29,1,0,7,22,252,13,10,6,66,0,0,4449,705,39,378,19,202,31,105,53,1,8,1237,0,1075,7,16,198,553,918,36,200,15,32,215,0,0,2,10,2,1,0,333,0,1,7,278,368,1594,6,0,6,2,0,3,6,237,2,0,0,1,7,114,546,0,352,61,104,308,36,6251,7,0,1,0,24,1,189,1,1,4,5,551,30,20
BEN,0,1,2,8,3,0,0,13,7,0,0,23,16,0,4,50,0,0,26,11,8,8,0,3,2,0,0,3,28,2,2,7,4,1,28,29,15,24,32,39,21,8,0,15,0,0,10,2,0,0,2,4,56,0,0,23,0,14,10,18,0,20,11,20,14,1,0,149,0,7,12,81,4,37,0,15,9,0,0,9,0,1,0,0,0,0,6,0,4,14,22,11,18,10,9,11,29,5,13,22,7,34,8,0,0,0,14,3,0,13,1,1,0,0,8,0,2,10,4,0,11,0,1,8,0,15,0,1,17,1,7,1,2,17,5,0,2,5,14,5,6,19,47,0,0,33,15,12,11,5,15,10,14,14,0,5,15,0,18,2,8,8,13,15,14,15,5,28,13,0,0,1,5,0,0,0,16,0,0,1,10,4,16,1,0,3,0,0,3,25,4,0,0,0,1,2,9,17,0,20,29,22,8,2,89,0,0,0,0,3,0,18,0,0,0,5,48,13,3
BES,0,0,0,0,0,0,0,0,0,0,0,1,0,0,0,0,0,0,0,0,0,0,1,0,0,0,1,0,1,0,0,0,0,0,1,0,0,0,0,0,0,0,0,1,0,0,0,0,0,1,0,0,0,0,0,0,0,0,0,0,0,0,0,0,0,0,0,0,0,0,0,1,0,0,0,0,0,0,0,0,0,0,0,0,0,0,0,0,0,0,0,0,0,0,0,0,0,0,0,0,0,0,0,0,0,0,0,0,0,0,0,0,0,0,0,0,0,0,0,0,0,0,0,0,0,1,0,0,0,0,0,0,0,0,0,0,0,0,0,0,0,0,0,0,0,1,0,0,0,0,0,0,0,0,0,0,0,0,0,0,0,0,0,0,0,0,0,0,0,0,0,0,0,0,0,0,0,0,0,0,0,0,0,0,0,0,0,1,0,0,0,0,0,0,0,0,0,0,0,0,0,0,0,1,2,0,0,0,0,0,0,0,0,0,0,0,0,0,0
BFA,0,0,3,0,2,0,0,5,4,0,0,24,15,1,0,64,26,0,0,6,3,0,0,1,1,0,0,1,12,0,1,0,1,1,43,52,5,11,50,32,15,10,0,7,0,0,0,1,0,0,2,5,61,0,0,24,1,2,1,6,0,19,2,12,16,0,0,192,0,0,13,141,2,53,0,15,29,3,0,4,0,0,0,0,0,1,3,0,2,7,11,3,4,0,0,3,27,2,2,9,1,36,1,6,0,0,10,0,0,3,0,0,0,0,3,1,1,4,2,0,8,0,0,6,0,10,0,1,37,0,1,0,1,9,7,0,1,18,1,0,0,26,32,1,0,51,9,8,2,2,5,2,4,4,0,2,4,0,5,3,0,3,3,5,6,4,4,59,3,0,0,0,8,1,0,0,3,1,0,0,2,2,15,3,0,0,1,0,12,23,9,0,0,0,0,1,4,2,0,9,24,35,2,1,118,0,0,0,0,5,0,11,0,0,0,0,39,13,8
BGD,0,4,0,9,3,0,0,36,19,9,0,418,23,0,5,38,11,0,6,0,9,10,0,2,1,0,0,3,69,2,18,12,1,0,172,77,27,218,3,11,10,0,1,27,0,0,10,4,0,0,4,9,157,0,0,44,0,18,10,61,0,46,14,34,32,12,0,72,0,9,2,374,3,21,1,1,32,1,0,16,0,1,5,0,0,1,10,1,8,48,209,24,36,23,15,15,64,4,16,434,10,48,10,15,0,1,164,11,4,14,1,1,0,0,35,0,4,10,4,0,6,0,3,2,1,31,0,2,20,1,14,1,4,16,0,0,3,14,340,1,6,0,29,1,0,80,45,65,46,12,143,13,30,50,0,7,27,0,22,4,14,15,18,24,12,128,4,7,47,0,0,2,1,4,0,0,15,2,0,1,11,3,87,1,0,2,3,0,0,1,81,0,0,0,1,0,8,39,0,28,35,21,11,7,730,1,0,0,0,6,0,53,1,1,0,7,100,30,7
BGR,0,1,1,5,19,1,0,18,115,225,0,197,405,98,1,384,8,0,3,9,0,10,0,25,238,0,0,5,366,1,4,4,1,0,190,445,125,368,3,17,4,1,0,239,0,0,8,2,0,1,142,419,735,0,0,216,4,18,121,159,0,544,217,9,280,1,0,559,1,5,0,863,232,11,0,0,1,0,0,426,0,1,4,1,1,0,210,0,392,16,268,256,143,11,15,157,616,7,18,270,26,8,7,0,0,1,218,1,0,20,0,1,0,1,121,0,228,13,210,0,104,1,7,0,0,179,0,46,0,12,4,12,7,6,0,0,2,0,231,5,3,0,32,0,0,334,172,8,142,11,134,12,23,12,0,2,537,0,380,7,88,126,334,515,4,45,6,1,27,0,0,1,2,1,0,1,333,0,1,2,236,220,262,0,0,1,1,0,0,0,151,1,0,0,1,4,13,334,0,241,7,9,201,6,628,6,0,0,0,6,0,17,0,0,6,3,144,7,0
BHR,0,1,0,7,0,0,0,36,3,0,0,19,8,0,4,12,8,0,0,10,10,0,0,0,0,0,0,1,14,0,0,7,1,0,20,12,9,28,0,12,6,0,0,11,0,0,6,0,0,0,0,2,19,0,0,18,3,21,6,39,0,15,9,14,11,0,0,19,0,8,0,88,2,11,0,0,2,0,0,8,0,0,0,0,0,0,7,0,2,10,37,14,13,12,8,12,17,1,19,17,9,9,7,2,0,0,11,14,0,17,0,2,0,0,7,0,1,9,1,0,7,0,0,0,0,12,0,0,0,0,5,0,1,7,0,0,0,1,31,1,6,0,13,0,0,20,14,9,14,23,21,7,9,8,0,2,12,0,10,0,7,63,9,14,7,53,0,0,11,0,0,0,0,0,0,0,10,0,0,0,9,0,15,0,0,0,0,0,0,0,1,0,0,0,0,0,16,22,0,16,6,6,10,1,87,0,0,0,0,0,0,9,0,0,0,14,54,7,0
BHS,0,0,0,0,0,0,0,0,1,0,1,11,0,0,0,0,0,1,0,0,0,0,0,0,0,1,2,1,4,3,0,0,0,0,22,5,2,1,0,0,0,0,0,1,0,0,2,1,0,1,0,0,3,0,0,0,0,0,1,0,0,0,0,0,0,0,0,3,0,0,0,17,0,0,0,0,0,0,0,0,0,0,1,0,1,1,0,0,0,0,0,1,0,0,0,1,1,5,0,0,0,1,0,0,0,0,0,0,0,0,0,0,1,0,0,0,0,0,0,0,0,0,0,0,1,3,0,0,0,0,0,0,0,0,0,0,0,0,0,0,1,0,0,0,0,2,0,0,0,0,0,1,0,0,0,0,0,0,1,1,0,0,0,0,0,0,0,0,0,0,0,0,0,1,0,0,0,0,0,0,0,0,0,0,0,0,0,2,0,0,0,0,0,0,0,3,0,0,0,0,0,0,0,2,48,0,0,0,2,0,0,0,0,0,0,0,0,0,0
BIH,0,0,2,0,14,1,0,6,9,3,0,10,41,2,0,30,3,0,1,2,25,0,0,0,7,0,0,1,13,2,3,0,1,0,13,36,6,13,3,4,0,0,0,4,0,0,2,4,0,0,9,46,71,0,0,20,1,2,3,8,0,37,17,1,17,1,0,34,1,0,0,77,6,4,0,0,0,0,0,20,0,1,0,0,0,0,179,0,19,4,9,20,7,1,8,17,56,4,5,9,4,5,2,0,0,0,15,5,0,6,1,0,0,0,0,0,28,5,16,0,6,0,5,0,0,9,0,19,0,5,2,31,2,2,0,0,2,0,4,0,0,0,6,0,0,45,25,3,4,1,4,3,5,3,0,0,42,0,23,2,2,4,35,29,0,11,2,1,6,0,0,1,2,1,1,0,222,0,0,1,14,66,28,0,0,2,1,0,0,0,4,0,0,0,1,2,7,38,0,4,3,5,19,3,50,0,0,0,0,4,0,4,0,0,9,1,4,1,0
BLR,0,0,0,0,10,1,0,9,99,225,0,122,240,107,0,157,2,0,1,1,238,0,0,7,0,0,0,2,229,0,3,0,1,0,129,258,100,277,1,6,0,0,0,218,0,0,0,0,0,1,125,253,374,0,0,123,1,3,113,128,0,309,142,0,165,0,0,297,1,0,0,410,234,2,0,0,0,0,0,237,0,0,0,0,0,0,136,0,225,3,153,131,130,1,8,120,275,5,10,127,32,0,1,0,0,0,155,1,0,4,0,0,0,0,115,0,171,2,133,0,97,0,11,0,0,128,0,10,1,6,0,5,4,0,0,0,1,0,215,3,0,0,8,0,0,134,122,2,120,2,119,3,5,4,0,1,348,0,251,6,82,113,135,724,0,17,3,1,19,0,0,0,2,1,1,1,227,0,0,0,108,109,149,2,0,0,0,0,0,0,124,1,0,0,0,3,5,238,0,224,1,5,235,0,327,7,0,0,0,2,0,16,0,0,2,0,112,2,0
BLZ,0,0,0,0,0,0,0,1,1,0,0,6,1,0,0,3,0,0,0,0,0,0,1,0,0,0,0,0,2,1,0,0,0,0,5,1,1,1,0,0,0,0,0,2,0,0,2,1,0,0,0,1,3,0,0,3,0,0,1,0,0,4,0,0,0,0,0,2,0,0,0,15,0,0,0,0,0,0,0,0,0,0,3,0,0,4,0,0,0,1,4,0,1,0,0,2,4,1,0,4,0,0,0,0,0,0,2,0,1,0,0,0,0,0,0,0,0,0,0,0,0,0,0,0,1,8,0,0,0,0,0,0,0,1,0,0,0,1,0,0,0,0,0,2,0,3,1,1,1,1,0,2,0,2,0,0,0,0,3,0,0,1,0,1,0,4,0,1,0,0,0,0,0,2,0,0,0,0,0,0,0,0,1,0,0,1,0,0,0,0,2,0,0,0,0,0,0,0,0,0,0,0,0,1,33,0,0,0,0,0,0,1,0,0,0,0,3,0,0
BMU,0,0,0,0,0,0,0,1,0,0,0,6,1,0,0,0,0,1,0,0,0,0,2,0,0,0,0,0,4,3,0,0,0,0,9,4,1,2,0,0,0,0,0,0,0,1,1,0,0,2,0,0,10,0,1,3,0,0,0,1,0,6,0,0,0,0,0,6,0,0,0,17,0,0,0,0,0,0,0,0,0,0,0,0,1,0,0,0,0,0,0,1,0,0,1,1,2,3,0,1,0,1,0,0,0,0,0,0,0,0,0,0,0,0,0,0,0,0,0,0,0,0,0,0,0,4,0,0,0,0,0,0,0,0,0,0,0,0,0,0,0,0,0,0,0,3,2,0,3,0,0,1,0,0,0,0,0,0,1,0,0,0,0,0,0,1,0,0,0,0,0,0,0,0,0,0,0,0,0,1,0,0,1,0,0,0,0,1,0,0,0,0,0,0,0,4,0,0,0,0,0,0,1,1,36,0,0,0,0,1,0,0,0,0,0,0,1,0,0
BOL,0,0,0,1,2,0,0,3,47,0,0,19,9,0,0,14,3,0,1,3,5,1,1,1,2,0,0,0,58,0,2,1,0,0,22,19,33,11,1,5,1,0,0,41,0,0,9,11,0,0,1,5,38,0,0,18,4,1,30,5,0,42,5,2,7,0,0,48,0,1,1,53,6,5,0,1,1,0,0,6,0,0,6,5,2,1,2,0,5,6,10,4,3,1,1,5,22,2,4,14,1,3,1,0,0,0,5,0,1,3,1,0,0,0,2,0,0,2,2,0,3,0,0,0,0,42,0,0,1,0,1,0,2,1,0,0,2,0,5,3,0,0,4,5,0,26,10,3,8,2,1,12,41,3,0,2,6,0,10,15,1,1,4,7,2,5,3,2,4,0,0,0,1,5,0,0,5,0,1,2,2,2,26,0,0,0,0,0,0,0,3,0,0,0,0,2,3,6,0,4,2,6,4,21,101,0,0,0,0,20,0,4,0,0,0,1,12,2,0
BRA,1,1,15,8,12,0,0,89,1230,250,0,1652,761,109,4,1007,28,1,12,69,366,14,4,13,229,2,4,58,0,6,10,7,10,0,2242,1366,954,1454,7,49,11,4,1,1003,2,6,128,201,0,3,139,651,3070,0,1,805,18,43,312,244,1,3133,239,37,569,8,1,3007,0,9,6,4570,229,37,0,3,9,0,0,580,5,2,34,16,4,25,227,9,561,89,1004,537,336,32,31,375,2486,19,35,982,22,86,14,7,0,2,649,28,1,68,0,4,0,4,159,0,270,44,255,0,137,28,7,9,0,920,0,15,6,14,10,6,14,61,1,0,9,22,338,13,8,5,120,16,0,1483,464,42,348,32,319,78,383,148,1,11,886,0,2052,71,97,216,465,955,14,189,14,13,180,0,0,1,3,16,0,1,311,0,3,10,294,297,951,1,0,4,2,1,0,3,343,0,0,0,1,12,64,478,1,423,42,49,368,288,9097,12,0,8,0,157,0,143,0,0,2,8,539,14,17
BRB,0,0,0,0,1,0,0,3,4,0,0,9,7,0,0,4,2,0,0,2,1,0,3,2,0,1,3,0,6,0,1,0,1,0,17,10,6,4,2,2,0,0,0,8,1,0,5,4,0,2,3,2,9,0,1,4,1,2,5,3,0,5,2,3,3,1,0,4,0,0,0,28,0,2,0,0,1,0,0,3,1,1,1,0,2,1,2,0,3,3,4,2,4,0,3,3,4,19,2,5,1,4,1,0,0,1,3,2,0,2,0,0,1,0,0,0,2,2,2,0,3,0,1,0,0,5,0,1,0,1,2,1,1,2,0,0,2,2,4,0,0,0,6,0,0,6,4,2,3,0,3,5,3,3,0,0,3,0,3,2,2,1,2,3,0,3,0,1,2,0,0,2,0,2,0,0,2,0,0,3,2,2,5,0,0,3,0,0,0,0,3,0,0,0,1,13,2,3,0,7,2,4,0,4,44,0,0,0,3,5,0,2,0,0,0,1,7,0,0
BRN,0,0,0,0,3,0,0,3,3,0,0,31,13,0,0,6,2,0,1,18,4,0,0,3,3,0,0,2,10,1,0,0,1,0,19,14,4,32,2,4,1,0,0,5,0,0,1,1,0,1,4,10,22,0,0,3,1,1,3,11,0,7,3,1,5,1,0,11,0,0,1,62,3,4,0,1,0,0,0,4,0,0,0,1,0,0,4,0,5,19,19,6,6,0,1,4,13,3,3,20,1,1,1,1,0,0,15,1,0,3,0,0,0,0,7,0,1,1,3,0,3,0,1,0,0,3,0,1,0,1,1,1,2,1,0,0,2,0,52,0,0,0,5,0,0,9,6,2,2,2,10,4,4,3,0,0,5,0,4,3,1,4,3,4,0,9,2,1,18,0,0,1,2,1,0,0,3,0,0,1,1,4,5,0,0,1,0,0,0,0,6,0,0,0,1,2,3,3,0,14,2,4,4,1,30,0,0,0,0,4,0,20,0,0,0,1,6,1,0
BTN,0,1,0,6,0,0,0,7,2,0,0,33,11,0,4,9,7,0,0,12,4,7,0,0,0,0,0,1,7,0,0,0,1,0,13,11,7,13,0,7,6,0,0,7,0,0,6,0,0,0,1,1,14,0,0,9,1,7,5,7,0,8,7,9,8,0,0,11,0,7,0,28,2,7,0,0,2,0,0,5,0,0,0,0,0,0,2,0,0,11,20,7,9,7,6,7,10,1,8,12,6,8,7,2,0,0,11,2,1,7,0,1,0,0,8,0,0,8,1,0,2,0,1,0,1,9,0,0,0,0,9,0,2,7,0,0,1,0,10,1,6,0,8,0,0,14,8,16,10,5,10,6,7,9,0,3,8,0,8,0,6,5,8,8,7,8,0,0,7,0,0,1,0,0,0,0,7,0,0,0,7,0,10,0,0,0,0,0,0,0,8,0,0,1,0,0,3,7,0,8,7,6,7,1,26,0,0,0,0,0,0,7,1,0,0,4,9,8,0
BWA,0,0,1,0,1,0,0,3,4,0,0,38,8,1,0,10,4,0,1,1,1,1,0,1,1,0,0,0,10,1,1,1,0,0,26,16,16,7,2,15,1,1,0,3,1,0,3,1,0,1,1,5,34,0,0,6,2,1,2,4,0,7,1,34,4,0,0,18,0,0,0,75,3,7,0,0,1,0,0,2,1,0,1,0,0,0,1,2,7,1,26,1,3,0,1,2,15,2,2,6,1,25,0,0,0,0,6,1,0,1,1,2,0,0,1,4,0,0,2,0,5,0,1,0,0,12,0,0,1,0,0,0,3,5,0,0,2,12,5,19,0,1,17,0,0,13,8,0,8,2,2,0,3,2,0,0,6,0,6,3,1,2,6,4,3,6,3,1,1,0,0,0,2,0,0,0,1,0,0,1,1,1,19,5,0,2,0,0,0,0,10,0,0,0,0,2,2,4,0,4,14,13,0,1,176,0,0,0,0,2,0,2,0,0,0,0,115,13,24
CAF,0,0,0,0,0,0,0,0,0,0,0,1,0,0,0,2,1,0,1,0,0,0,0,0,0,0,0,0,0,0,0,0,0,0,1,2,0,3,1,6,1,2,0,0,0,0,0,0,0,0,0,3,3,1,0,0,0,0,0,0,0,0,0,0,0,0,0,19,0,0,3,8,0,0,0,0,0,0,0,0,0,0,0,3,0,0,0,0,0,0,1,0,0,0,0,0,2,0,0,2,0,1,0,0,0,0,0,0,0,2,0,0,0,0,0,0,0,0,0,0,0,0,0,2,0,0,0,0,0,0,0,0,0,0,0,0,0,0,0,0,0,2,0,0,0,0,0,0,0,0,0,0,0,0,0,0,0,0,0,0,0,0,1,1,0,0,0,3,0,0,0,0,0,0,0,0,0,0,0,0,0,0,0,0,0,0,0,0,0,0,0,0,0,0,0,0,1,0,0,0,1,0,0,0,5,0,0,0,0,0,0,0,0,0,0,0,1,0,0
CAN,0,3,2,8,8,2,0,377,615,111,2,4965,1133,97,5,1780,28,1,43,172,190,20,22,13,129,5,9,22,2242,17,19,13,26,1,0,2864,693,8316,28,74,38,6,0,435,1,1,75,60,0,6,74,728,6127,2,1,1587,6,182,78,595,0,2822,123,119,834,15,2,5836,0,10,13,9807,125,106,2,12,23,2,0,582,8,28,20,5,7,8,158,10,505,99,1353,796,1223,49,117,1091,3519,39,109,2379,41,186,19,26,0,14,1257,124,7,174,8,20,2,10,66,1,61,112,36,0,222,20,13,13,1,781,0,32,20,23,9,7,34,28,4,0,9,45,398,18,9,5,152,15,0,3230,1169,74,891,54,361,63,145,95,0,9,1056,0,667,23,121,226,344,962,32,925,20,42,703,1,1,3,14,8,1,1,252,1,1,6,198,234,2007,2,2,5,13,1,3,1,305,0,0,2,1,22,195,715,0,797,82,149,128,82,25003,7,0,3,2,46,0,121,8,2,2,9,1011,30,28
CHE,0,6,7,6,23,1,0,91,427,276,0,2481,2495,118,5,2495,29,0,52,77,445,12,5,36,258,1,4,19,1366,10,14,11,16,2,2864,0,454,2279,60,63,46,25,1,461,1,2,44,84,0,1,197,1214,10243,1,2,1702,10,59,150,267,6,3669,343,101,1092,10,0,6449,1,8,18,9122,272,130,2,25,30,2,3,1217,2,3,19,6,2,3,404,6,877,128,1133,900,364,23,105,852,5761,16,41,1738,28,165,31,36,2,7,865,33,23,105,14,2,0,30,145,4,386,129,289,0,158,20,20,23,0,500,0,34,35,47,20,10,21,73,4,1,5,50,333,9,8,16,114,4,0,3745,1046,55,504,28,264,38,150,148,1,29,1612,0,1156,12,96,215,657,1296,31,251,26,62,456,0,0,5,17,3,2,1,415,9,1,4,430,486,2253,11,0,13,3,0,18,12,347,8,0,1,1,6,81,699,0,560,149,121,428,44,11891,16,0,8,0,30,0,155,2,1,8,7,791,40,42
CHL,0,1,0,7,4,4,0,45,644,112,0,783,252,95,4,264,15,0,5,27,125,9,2,6,100,1,1,33,954,6,4,7,16,0,693,454,0,500,4,21,8,1,0,539,1,0,97,65,0,1,18,222,1225,0,0,305,11,23,171,41,0,1733,34,17,137,2,2,1120,0,7,0,1718,106,15,0,0,4,0,0,195,1,1,36,1,2,18,40,1,160,22,209,75,101,8,30,221,827,13,23,382,12,27,12,3,0,1,186,7,2,30,0,0,1,0,15,0,22,17,14,0,113,4,5,1,0,495,0,12,1,5,7,1,6,20,1,0,4,3,137,8,9,13,33,8,0,504,218,19,119,11,40,41,176,38,0,4,294,0,296,56,91,21,145,298,7,82,7,4,57,0,0,1,2,10,0,0,133,0,1,3,138,127,345,0,0,3,3,0,0,1,59,0,0,0,1,6,23,191,0,203,15,20,53,132,2781,2,0,32,0,93,0,35,0,0,0,5,342,12,6
CHN,0,4,1,8,11,0,0,239,391,260,0,11235,1263,117,7,1642,24,0,11,218,368,28,1,13,277,1,2,11,1454,4,32,13,7,3,8316,2279,500,0,13,64,25,4,0,475,1,1,36,72,0,2,162,923,7817,0,0,1851,7,132,166,726,7,2624,301,103,1315,7,0,5176,0,9,9,14250,245,125,0,11,8,1,0,785,5,10,8,1,1,1,305,3,723,245,2264,965,755,107,106,792,3222,9,71,7587,110,170,38,33,0,11,4176,35,17,84,2,5,0,1,221,1,301,104,256,0,150,13,8,12,0,654,0,33,7,7,99,4,72,19,0,0,29,27,1019,16,9,6,221,2,0,2945,1025,128,1151,78,2202,34,132,311,1,12,1306,54,946,15,107,461,631,2093,37,1833,119,21,5064,0,0,2,27,3,0,0,393,3,1,4,355,367,2775,1,0,3,15,0,0,3,914,8,2,0,1,10,81,847,0,3818,61,52,479,47,52318,45,0,2,0,37,0,461,3,1,1,16,860,23,22
CIV,0,0,0,0,3,0,0,5,4,0,0,12,4,0,2,32,32,0,50,3,3,0,0,3,1,0,0,1,7,2,2,0,2,1,28,60,4,13,0,38,16,7,0,6,1,0,5,2,0,0,2,4,40,1,0,4,0,7,7,7,0,6,4,11,4,1,0,159,0,0,6,73,1,29,0,19,4,1,0,4,0,1,0,1,1,0,3,0,5,6,12,4,2,0,2,4,20,4,4,8,1,15,1,3,0,0,5,2,0,4,2,0,0,0,2,1,2,9,3,0,14,0,1,7,0,5,0,1,17,1,2,1,1,9,8,0,4,7,4,3,0,12,20,0,0,14,4,3,3,0,3,3,6,6,0,3,4,0,6,1,2,3,6,7,7,3,4,42,4,0,0,1,5,0,0,0,4,0,1,2,2,3,11,1,0,3,0,0,3,21,4,0,0,0,1,1,8,4,0,6,20,24,0,3,69,0,0,0,0,4,0,9,0,0,0,1,21,5,2
CMR,0,1,3,7,5,0,0,23,10,1,0,57,24,0,7,96,39,0,32,11,17,12,0,4,6,0,0,5,49,2,4,7,15,6,74,63,21,64,38,0,36,20,0,29,0,0,13,2,0,0,3,19,139,1,0,19,5,14,12,31,0,49,15,29,24,1,0,278,0,7,22,191,9,59,0,16,8,1,1,18,0,1,0,6,1,0,12,0,10,27,62,13,24,8,9,21,76,9,23,51,11,59,10,4,0,0,24,3,0,18,2,0,0,0,12,0,3,12,9,0,17,0,1,8,0,22,0,1,16,1,7,1,4,25,3,0,6,14,27,8,6,7,72,1,0,56,27,17,19,12,26,15,18,14,0,8,23,0,24,5,7,13,26,31,15,25,10,45,20,0,0,1,7,1,0,1,18,0,1,2,10,5,26,1,0,3,1,0,11,6,13,0,0,0,1,3,18,26,0,23,39,54,10,4,237,0,0,0,0,6,0,28,0,0,0,5,152,22,6
COD,0,4,1,5,1,0,0,7,7,0,0,22,11,0,8,153,21,0,15,10,4,6,0,0,0,0,0,1,11,0,1,6,1,1,38,46,8,25,16,36,0,13,0,11,0,0,5,0,0,0,1,4,47,0,0,14,0,7,6,13,0,14,7,16,8,0,0,67,0,6,8,85,3,16,0,18,5,0,0,7,0,0,8,1,0,0,4,1,3,12,21,8,7,6,5,9,17,2,6,21,5,50,7,1,0,0,12,1,1,7,3,0,0,0,5,0,2,11,1,0,1,0,0,5,0,10,0,1,9,0,4,0,1,16,5,0,0,6,8,0,6,7,22,1,0,24,14,10,7,4,19,6,8,8,0,3,10,0,9,1,4,5,8,8,20,6,3,15,8,0,0,0,5,0,0,0,8,0,0,0,7,1,19,0,0,0,1,0,3,9,7,0,0,0,0,0,4,7,0,7,26,38,7,2,181,0,0,0,0,2,1,13,0,0,0,3,36,22,1
COG,0,1,0,0,0,0,0,0,0,0,0,9,1,0,0,7,8,0,10,0,1,0,0,0,0,0,0,0,4,0,0,0,1,2,6,25,1,4,7,20,13,0,0,1,0,0,0,0,0,0,0,1,22,0,0,6,0,0,0,5,0,6,0,3,0,0,0,41,0,0,15,32,0,10,0,6,4,0,0,0,0,0,0,0,0,0,1,1,0,2,8,0,1,0,0,0,5,0,0,1,0,10,1,1,0,0,0,0,0,2,5,0,0,0,1,0,0,0,0,0,0,0,0,0,0,0,0,0,2,0,1,0,0,4,5,0,0,2,2,1,0,5,6,0,0,0,2,2,1,3,1,0,0,4,0,1,0,0,0,0,0,0,0,0,2,2,1,11,2,0,0,0,5,0,0,0,0,1,0,0,0,0,7,0,0,0,0,0,3,6,1,0,0,0,0,0,0,0,0,1,4,7,0,0,54,0,0,0,0,0,1,7,0,0,0,0,8,9,10
COK,0,0,0,0,0,0,0,0,0,0,0,4,0,0,0,0,0,0,0,1,0,0,0,0,0,0,0,0,1,0,0,0,0,0,0,1,0,0,0,0,0,0,0,0,0,0,0,0,0,0,0,0,1,0,0,0,0,0,0,0,0,0,0,0,0,1,0,3,0,0,0,2,0,0,0,0,0,0,0,0,0,0,0,0,0,0,0,0,0,0,0,0,0,0,0,0,0,0,0,2,0,0,0,0,0,0,0,0,0,0,0,0,0,0,0,0,0,0,0,0,0,0,0,0,0,0,0,0,0,0,0,0,0,0,0,0,0,0,0,0,1,0,0,0,0,0,0,0,4,0,0,0,0,0,0,0,0,0,0,0,0,0,0,0,0,0,0,1,1,0,0,0,0,0,0,0,0,0,0,0,0,0,0,0,0,0,0,0,0,0,0,0,0,0,0,0,0,0,0,0,0,0,0,0,4,0,0,0,0,0,0,0,0,0,0,0,1,0,0
COL,0,1,0,8,9,2,0,37,504,211,0,386,274,92,4,284,15,1,7,27,239,11,1,4,218,2,0,41,1003,8,5,7,3,0,435,461,539,475,6,29,11,1,0,0,1,0,100,73,0,2,130,273,659,0,0,207,18,23,302,167,0,1229,144,24,205,3,0,702,0,8,1,1017,223,26,0,1,3,0,0,256,7,1,36,4,3,13,137,0,234,39,240,224,183,25,19,151,587,16,24,241,12,49,12,2,0,0,198,7,1,44,0,1,0,0,133,0,128,18,123,0,117,3,1,1,0,724,0,4,3,1,7,1,7,14,0,0,4,5,262,4,6,0,57,14,0,431,184,19,199,10,160,71,190,106,0,7,381,0,356,32,94,127,221,380,11,69,6,4,53,0,0,3,2,10,0,0,244,0,2,4,110,114,213,0,0,3,2,0,0,0,161,0,0,0,1,7,16,285,0,257,18,26,218,94,1840,5,0,0,0,174,1,107,0,1,0,6,207,12,7
COM,0,0,0,0,0,0,0,0,1,0,0,1,1,0,0,3,0,0,0,0,0,0,0,0,0,0,0,0,2,1,0,0,1,0,1,1,1,1,1,0,0,0,0,1,0,0,1,1,0,1,0,0,1,0,0,1,0,0,1,1,0,2,0,1,1,0,0,7,0,0,0,4,0,0,0,0,1,0,0,0,1,0,0,0,0,0,0,0,1,0,1,0,1,0,1,1,2,1,0,2,0,0,0,0,0,0,1,0,0,0,0,0,0,0,0,0,0,0,0,0,2,0,0,3,0,1,0,0,1,0,0,0,1,0,0,0,4,0,0,0,0,0,1,0,0,1,1,0,1,0,0,0,1,0,0,0,1,0,1,1,0,0,0,1,0,1,0,1,0,0,0,0,0,0,0,0,0,0,0,1,0,0,1,0,0,3,0,0,0,0,0,0,0,0,0,1,0,1,0,1,0,0,0,1,1,0,0,0,0,1,0,0,0,0,0,0,1,0,0
CPV,0,0,2,0,0,0,0,0,0,0,0,3,2,0,0,2,0,0,0,0,0,0,0,0,0,0,1,0,6,0,0,0,0,0,1,2,0,1,0,0,0,0,0,0,0,0,0,0,0,0,0,0,4,0,0,2,0,0,0,0,0,9,0,0,0,0,0,4,0,0,1,14,0,1,0,0,0,0,0,0,0,0,0,0,0,0,0,0,1,0,0,0,0,0,0,0,0,0,0,0,0,0,0,0,0,0,0,0,0,0,0,0,0,0,0,0,0,0,0,0,0,0,0,1,0,1,0,0,0,0,0,0,0,2,1,0,0,0,0,0,0,0,1,0,0,0,1,0,0,0,0,0,0,0,0,0,0,0,23,0,0,0,0,0,0,1,0,1,0,0,0,0,0,1,0,0,0,0,2,0,0,0,0,0,0,0,0,0,0,0,0,0,0,0,0,0,0,0,0,0,0,0,0,0,7,0,0,0,0,0,0,0,0,1,0,0,2,0,0
CRI,0,1,0,5,2,0,0,9,83,0,0,62,26,0,3,35,10,0,0,10,8,6,2,2,0,2,1,9,128,5,1,6,3,0,75,44,97,36,5,13,5,0,0,100,1,0,0,14,0,2,5,14,112,0,0,31,8,11,48,13,0,135,9,12,18,3,0,106,0,5,1,131,3,9,0,0,3,0,0,11,1,1,23,1,2,12,3,0,8,17,29,11,14,7,8,15,62,7,12,34,7,20,7,1,0,0,16,5,1,12,0,1,0,0,7,0,3,10,3,0,5,0,2,1,1,112,0,1,0,1,6,1,2,11,0,0,3,1,19,2,5,13,15,26,0,53,26,10,22,4,14,38,52,19,0,6,22,0,26,9,7,4,13,27,5,20,0,0,13,0,0,1,0,12,0,0,13,0,1,4,10,2,34,1,0,3,0,0,0,0,9,0,0,0,1,4,4,12,0,19,14,11,8,33,367,1,0,0,0,39,0,20,0,0,0,4,37,6,0
CUB,0,0,3,0,1,0,0,2,47,29,0,24,42,15,1,93,2,0,1,4,2,0,1,4,0,1,0,11,201,4,1,0,1,0,60,84,65,72,2,2,0,0,0,73,1,0,14,0,0,1,2,36,99,0,0,44,9,2,77,12,0,209,4,3,37,1,0,92,0,0,0,104,0,5,0,1,1,0,0,59,1,1,14,0,1,15,33,0,37,33,49,5,9,0,3,10,120,4,3,44,1,9,1,1,0,0,40,6,0,3,0,0,0,0,3,0,2,3,2,0,4,1,1,0,0,228,0,1,0,1,2,1,1,3,0,0,4,1,27,0,0,0,8,3,0,53,43,2,8,2,35,8,65,5,0,0,61,0,43,21,2,2,32,45,0,10,1,0,6,0,0,1,0,7,0,0,6,0,1,2,32,3,53,0,0,3,1,0,0,0,39,0,0,0,1,2,3,40,0,5,2,3,31,25,179,0,0,0,0,30,0,15,0,0,0,1,48,0,1
CUW,1,0,0,0,0,0,0,0,0,0,0,1,1,0,0,0,0,0,0,0,0,0,0,0,0,0,0,0,0,0,0,0,0,0,0,0,0,0,0,0,0,0,0,0,0,0,0,0,0,0,0,0,3,0,0,0,0,0,0,0,0,2,0,0,0,0,0,2,0,0,0,5,0,0,0,0,0,0,0,0,0,0,0,0,0,0,0,0,0,1,3,0,0,0,0,0,1,0,0,0,0,0,0,0,0,0,0,0,0,0,0,0,0,0,0,0,0,0,0,0,0,0,0,0,0,0,0,0,0,0,0,0,0,0,0,0,0,0,0,0,0,0,0,0,0,27,0,0,0,0,0,0,0,0,0,0,0,0,1,0,0,0,0,0,0,0,0,0,0,0,0,0,0,0,0,0,0,0,0,0,0,0,0,0,0,0,0,0,0,0,0,0,0,0,0,0,0,0,0,0,0,0,0,0,12,0,0,0,0,0,0,0,0,0,0,0,0,0,0
CYM,0,0,0,0,0,0,0,1,1,0,0,5,1,0,0,1,0,1,0,0,1,0,1,0,1,0,2,0,3,2,1,0,1,0,6,1,1,2,0,0,0,0,0,2,1,0,2,1,0,0,0,0,2,0,0,1,1,0,1,2,0,2,0,1,2,0,0,2,0,0,0,7,1,0,0,0,1,0,0,0,1,0,0,0,0,0,0,0,1,0,4,1,1,0,1,2,3,2,0,2,0,0,0,0,0,0,2,0,0,0,0,0,0,0,0,0,0,0,0,0,1,0,0,0,0,3,0,0,0,0,0,0,1,0,0,0,1,0,0,0,0,0,2,0,0,2,1,0,1,0,0,1,1,0,0,0,2,0,1,2,1,0,0,1,0,1,0,0,0,0,0,0,0,0,0,0,0,0,0,1,0,0,1,0,0,1,0,1,0,0,0,0,0,0,0,3,0,1,0,1,0,0,1,2,17,0,0,0,0,2,0,0,0,0,0,0,2,0,0
CYP,0,0,0,0,8,0,0,14,10,122,0,69,168,4,0,218,2,0,2,4,142,0,0,9,125,0,0,1,139,3,4,1,1,0,74,197,18,162,2,3,1,0,0,130,0,0,5,2,0,0,0,173,351,0,0,74,1,8,115,129,0,294,157,2,183,1,0,265,0,0,0,513,123,3,0,0,0,0,0,538,1,1,0,0,0,0,157,0,153,8,152,165,149,0,6,60,364,3,11,39,11,2,5,0,0,0,146,5,0,12,0,3,0,0,117,0,142,6,125,0,7,0,5,0,0,133,0,15,0,25,2,6,7,3,0,0,3,0,128,0,0,0,5,0,0,134,32,3,126,4,147,4,5,3,0,0,191,0,199,2,3,117,68,170,0,25,1,1,9,0,0,1,1,1,1,0,147,0,0,1,24,30,126,0,0,2,1,0,0,0,127,0,0,0,1,1,9,309,0,140,3,3,129,3,386,3,0,0,0,4,0,6,0,0,1,1,21,0,0
CZE,0,0,0,0,21,3,0,40,257,266,0,624,1178,113,1,915,4,0,5,9,419,2,0,46,253,1,0,5,651,2,10,1,5,3,728,1214,222,923,4,19,4,1,0,273,0,0,14,36,0,0,173,0,2709,0,0,626,3,28,129,222,1,1472,317,13,661,1,0,1842,1,0,2,2565,242,14,2,1,0,0,0,709,3,5,4,1,1,0,372,0,792,57,587,412,278,5,33,344,1785,8,20,786,24,13,7,3,0,0,526,26,1,16,0,1,0,2,125,0,364,21,304,0,112,2,16,2,0,306,0,32,0,17,2,11,18,3,0,0,6,2,309,12,0,0,22,0,0,1007,472,8,230,13,216,18,65,21,0,16,1484,0,701,6,88,148,520,1137,0,104,9,4,120,0,0,1,2,1,2,1,375,0,1,4,1344,459,910,0,0,2,6,0,1,0,201,0,0,0,1,6,26,493,0,349,11,15,427,10,2629,18,0,1,0,18,1,75,0,1,8,1,283,3,2
DEU,0,3,10,8,42,1,0,239,956,328,0,5750,6684,143,12,4951,56,0,61,157,735,19,3,71,374,3,10,38,3070,9,22,14,34,3,6127,10243,1225,7817,40,139,47,22,1,659,1,4,112,99,3,2,351,2709,0,1,7,4087,11,119,268,1020,2,8507,584,174,2608,10,3,12221,1,9,63,19892,322,144,3,19,25,2,0,2241,8,10,19,9,4,6,760,3,1890,328,2326,1612,923,105,272,2085,10474,11,166,4575,91,254,50,17,0,4,2096,82,12,132,6,12,1,43,170,0,548,377,406,0,229,28,108,60,0,1054,0,98,22,75,29,19,63,35,4,1,15,41,553,54,14,13,168,11,0,9257,2400,87,1036,71,641,85,168,200,0,13,3804,5,2115,26,123,282,1297,4737,24,840,48,39,932,1,0,1,21,9,1,2,682,4,2,8,691,803,5460,9,0,9,20,0,5,10,516,11,1,1,1,14,150,1476,0,1088,141,100,974,90,27069,52,0,21,0,73,2,414,1,1,7,13,1404,39,21
DJI,0,0,0,0,0,0,0,0,0,0,0,1,0,0,0,1,0,0,0,0,0,0,0,0,0,0,0,0,0,0,0,0,0,1,2,1,0,0,1,1,0,0,0,0,0,0,0,0,0,0,0,0,1,0,0,0,0,1,0,0,0,0,0,3,0,0,0,16,0,0,0,3,0,0,0,0,0,0,0,0,0,0,0,0,0,0,0,0,0,1,1,0,0,0,0,0,5,0,0,0,0,0,0,0,0,0,0,0,0,1,0,0,0,0,0,0,0,0,0,0,0,0,0,0,0,0,0,0,0,0,0,0,0,0,0,0,0,0,0,0,0,1,0,0,0,1,0,0,0,0,0,0,0,0,0,0,0,0,0,0,0,0,1,1,0,0,0,1,0,0,0,0,0,0,0,0,0,0,0,0,0,0,0,0,0,0,0,0,0,0,1,0,0,0,0,0,1,0,0,0,0,0,0,0,3,0,0,0,0,0,0,0,0,0,0,0,1,0,0
DMA,0,0,0,0,0,0,0,0,1,0,0,0,6,0,0,0,0,0,0,0,0,0,0,0,0,0,1,0,1,1,0,0,0,0,1,2,0,0,0,0,0,0,0,0,0,0,0,0,0,0,0,0,7,0,0,0,0,0,1,0,0,0,0,0,0,0,0,0,0,0,0,3,0,0,0,0,0,0,0,0,0,0,0,0,0,0,0,0,1,0,3,0,0,0,0,1,0,0,0,1,0,0,0,0,0,0,0,0,0,0,0,0,2,0,0,0,0,0,0,0,1,0,0,0,0,0,0,0,0,0,0,0,0,0,0,0,0,0,1,0,0,0,0,0,0,0,0,0,2,0,0,0,0,0,0,0,0,0,0,0,0,0,1,0,0,1,0,0,1,0,0,0,0,0,0,0,0,0,0,0,0,0,0,0,0,0,0,0,0,0,0,0,0,0,0,1,0,0,0,0,0,0,0,0,23,0,0,0,0,0,0,0,0,0,0,0,1,0,0
DNK,0,4,3,7,14,1,0,59,275,133,0,1626,1023,108,7,1289,23,0,24,44,216,18,0,20,123,3,3,18,805,4,3,9,6,0,1587,1702,305,1851,4,19,14,6,0,207,1,2,31,44,0,1,74,626,4087,0,0,0,2,23,42,113,0,2082,242,34,1151,3,0,2384,2,7,7,5629,116,72,1,1,6,37,0,690,1,85,6,2,2,1,203,0,520,74,462,529,244,14,257,478,2353,6,27,912,18,73,15,6,0,13,459,25,5,40,2,5,0,9,26,0,224,77,176,0,117,5,11,3,0,242,0,41,7,28,9,8,10,14,3,0,4,18,235,7,11,6,48,1,0,2411,1699,29,265,25,130,17,75,39,0,7,839,0,725,8,91,61,447,666,7,131,4,20,251,0,0,1,6,1,1,0,226,0,1,4,351,370,2842,0,0,4,2,0,2,0,121,2,0,0,1,20,19,404,0,252,88,75,183,41,5861,2,0,0,0,16,1,66,1,1,3,5,406,19,20
DOM,0,0,0,0,2,0,0,1,13,0,0,2,2,0,0,6,0,0,1,0,4,3,0,1,1,0,0,4,18,1,1,1,2,0,6,10,11,7,0,5,0,0,0,18,0,0,8,9,0,1,1,3,11,0,0,2,0,0,7,5,0,36,1,3,2,0,0,12,0,0,0,16,2,4,0,0,0,0,0,3,0,0,6,0,0,6,5,1,2,2,5,2,1,0,0,3,11,3,4,5,3,0,0,0,0,0,1,0,0,1,0,0,0,0,0,0,0,0,1,0,4,0,0,0,0,18,0,0,0,0,0,0,1,0,0,0,1,0,5,0,1,0,4,5,0,7,2,1,2,4,0,11,10,3,0,0,3,0,2,5,0,4,2,4,0,1,1,1,2,0,0,0,2,4,0,0,3,0,0,0,0,1,2,0,0,0,0,0,0,0,2,0,0,0,0,1,2,2,0,4,0,1,1,6,83,0,0,0,0,8,0,1,0,0,0,0,3,0,0
DZA,0,1,1,7,7,0,0,70,13,0,0,46,30,1,4,110,14,0,2,18,18,21,0,2,3,0,0,1,43,2,1,7,1,0,182,59,23,132,7,14,7,0,0,23,0,0,11,2,0,0,8,28,119,1,0,23,0,0,11,94,0,249,17,19,37,3,0,1601,0,9,0,214,7,16,0,1,2,0,0,30,0,1,0,1,0,1,14,0,14,16,81,25,58,22,9,22,188,7,47,47,12,16,13,0,0,1,43,11,0,39,0,7,0,0,13,0,6,15,4,0,89,0,1,0,0,38,0,2,1,4,7,3,0,11,0,0,2,4,65,2,6,2,22,0,0,32,26,16,18,14,36,10,15,16,0,3,37,0,81,2,13,35,36,45,8,246,4,7,22,0,0,1,0,0,0,0,26,0,0,1,18,10,37,0,0,3,5,0,0,0,7,1,0,0,1,0,148,117,0,22,10,9,19,3,167,1,0,0,0,7,0,25,0,0,0,8,73,9,1
ECU,0,1,0,6,4,0,0,12,126,113,1,78,145,0,3,205,10,0,1,10,121,6,1,3,113,1,0,30,312,5,3,5,2,0,78,150,171,166,7,12,6,0,0,302,1,0,48,77,0,1,115,129,268,0,1,42,7,11,0,131,0,718,122,9,127,3,1,248,0,5,2,310,114,12,0,1,2,0,0,133,1,1,23,5,3,18,117,0,127,13,145,130,126,9,8,19,200,6,9,37,7,14,7,0,0,0,134,3,0,9,0,0,0,0,115,0,115,7,113,0,8,0,1,2,1,302,0,1,0,1,6,1,3,8,0,0,3,0,137,3,6,0,12,10,0,85,30,9,135,4,123,37,120,15,0,4,145,0,184,30,6,118,18,145,5,25,1,1,13,0,0,1,1,8,0,0,122,0,1,4,10,4,40,0,0,4,0,0,0,0,122,1,0,0,1,3,10,128,0,127,11,12,122,23,614,3,0,0,0,166,0,22,0,0,0,3,41,6,0
EGY,0,5,2,8,11,0,0,226,48,125,0,258,230,5,4,317,18,0,6,61,159,39,0,8,128,0,1,5,244,3,11,7,4,0,595,267,41,726,7,31,13,5,0,167,1,0,13,12,0,2,129,222,1020,0,0,113,5,94,131,0,0,468,142,42,223,3,0,513,0,9,2,1013,130,34,0,2,3,0,0,214,2,1,0,1,0,3,148,0,185,47,504,186,283,42,15,57,519,11,98,668,20,47,13,4,0,0,436,128,1,139,2,43,0,0,138,0,127,24,126,0,61,0,2,0,0,219,0,4,0,8,7,4,8,15,1,0,7,4,297,3,6,1,66,0,0,202,85,24,168,82,291,14,25,40,0,4,276,0,209,11,26,295,81,301,9,2948,43,8,69,0,0,1,7,2,1,3,167,1,2,2,36,33,178,0,0,5,19,0,2,2,167,2,0,0,1,7,76,327,0,228,22,25,149,8,2069,9,0,0,0,13,0,71,0,0,4,95,147,15,1
ERI,0,0,0,0,0,0,0,0,0,0,0,1,0,0,0,0,0,0,0,0,0,0,0,0,0,0,0,0,1,0,0,0,0,0,0,6,0,7,0,0,0,0,0,0,0,0,0,0,0,0,0,1,2,0,0,0,0,0,0,0,0,1,0,0,1,0,0,3,0,0,0,2,0,0,0,0,0,0,0,0,0,0,0,0,0,0,1,0,0,0,5,0,0,0,0,0,2,0,0,0,0,1,0,0,0,0,1,0,1,0,0,0,0,0,0,0,0,0,0,0,0,0,0,0,0,0,0,0,0,0,0,0,0,1,0,0,1,0,5,0,0,0,0,0,0,2,1,1,1,7,0,0,1,0,0,0,0,0,4,0,0,1,0,1,0,2,2,0,0,0,0,0,0,0,0,0,0,0,0,0,0,0,0,0,0,0,0,0,0,0,2,0,0,0,0,0,0,0,0,1,0,0,0,0,6,0,0,0,0,0,0,0,0,0,0,0,2,0,1
ESP,1,3,19,8,37,12,0,153,1323,262,0,2781,1970,119,4,3058,20,0,19,46,544,15,0,37,309,4,6,42,3133,5,7,8,7,0,2822,3669,1733,2624,6,49,14,6,0,1229,2,9,135,209,2,2,294,1472,8507,0,0,2082,36,249,718,468,1,0,426,79,1453,9,2,7987,1,9,14,11393,273,41,3,4,17,3,6,1725,3,9,37,7,2,29,473,2,1129,94,1208,1152,648,50,154,983,8250,12,63,1954,28,83,18,16,0,1,1116,70,3,108,3,6,0,3,149,0,462,139,336,0,357,33,26,17,0,2027,0,58,13,81,9,11,18,128,1,0,9,12,418,16,12,5,94,26,0,4262,1400,22,540,41,285,68,328,116,1,28,2198,1,3299,58,114,239,964,1676,12,536,16,25,363,0,0,2,3,12,1,2,531,6,5,3,508,589,2869,4,0,10,8,0,0,1,329,0,0,1,2,6,383,1023,0,710,71,43,522,215,12309,24,0,7,0,192,0,165,1,0,4,10,723,28,7
EST,0,2,0,6,13,1,0,22,32,126,0,149,297,3,4,336,11,0,2,14,217,9,0,17,142,0,0,5,239,2,3,7,1,0,123,343,34,301,4,15,7,0,0,144,0,0,9,4,0,0,157,317,584,0,0,242,1,17,122,142,0,426,0,16,602,1,0,426,1,8,0,803,132,14,1,1,2,0,0,275,0,3,3,1,1,0,193,0,286,20,232,260,155,9,52,79,453,6,17,122,13,14,13,1,0,0,220,13,0,21,0,0,0,1,130,0,275,25,286,0,11,0,11,0,0,159,0,10,0,15,7,5,4,10,0,0,3,2,143,5,6,0,22,0,0,274,159,12,166,8,144,14,22,23,0,4,355,0,284,5,9,123,137,348,7,53,4,2,41,0,0,1,2,1,1,0,170,0,1,3,116,115,424,1,0,2,1,0,0,0,132,0,0,0,1,3,15,195,0,145,11,14,185,7,535,4,0,0,0,6,0,30,0,1,4,5,44,10,0
ETH,0,2,1,8,1,0,0,23,5,0,0,133,41,0,8,138,20,0,12,34,9,14,0,1,0,0,0,2,37,3,1,9,34,0,119,101,17,103,11,29,16,3,0,24,1,0,12,3,0,1,2,13,174,3,0,34,3,19,9,42,0,79,16,0,40,4,0,77,0,9,1,312,6,50,0,6,8,2,0,14,1,0,0,0,1,0,7,1,4,21,166,18,41,14,12,25,75,3,25,60,12,124,12,4,1,0,69,4,3,17,2,4,0,0,14,0,2,18,3,0,10,1,3,5,0,30,0,1,7,1,9,1,4,29,0,0,7,22,34,8,6,4,65,0,0,179,113,24,30,16,42,9,26,17,0,2,23,0,31,1,10,12,12,37,30,45,22,13,24,0,0,1,3,0,0,1,19,2,0,2,11,2,92,8,0,4,0,0,3,3,9,0,0,0,1,2,7,21,0,36,63,58,10,3,504,0,0,0,0,2,0,17,0,1,0,8,166,25,12
FIN,0,1,2,8,14,1,0,54,91,152,0,816,805,22,4,890,14,0,16,32,280,11,0,17,165,0,0,7,569,3,5,8,4,0,834,1092,137,1315,4,24,8,0,0,205,1,0,18,37,0,2,183,661,2608,0,0,1151,2,37,127,223,1,1453,602,40,0,4,0,1759,1,9,3,3413,140,37,1,1,6,2,0,656,2,5,4,1,1,2,284,0,564,78,585,512,251,20,164,280,1648,9,42,761,26,46,16,1,0,0,507,42,2,36,0,7,0,4,136,0,363,51,325,0,20,2,11,4,0,265,0,20,1,27,9,3,16,15,0,0,6,25,204,11,6,1,52,2,0,1374,997,31,286,17,249,20,73,31,0,5,794,0,594,10,17,164,318,1103,9,158,8,7,188,0,0,1,3,1,1,2,228,0,3,5,240,265,2337,2,0,3,2,0,0,0,192,2,0,0,1,4,27,375,0,217,34,27,303,15,3124,9,0,0,0,22,0,53,0,0,2,6,281,10,2
FJI,0,0,0,0,1,0,0,3,2,0,0,96,3,0,0,3,1,0,0,12,1,0,0,1,0,0,0,0,8,1,1,0,0,0,15,10,2,7,1,1,0,0,1,3,0,0,3,1,0,0,1,1,10,0,0,3,0,3,3,3,0,9,1,4,4,0,0,21,0,3,0,35,0,2,0,0,0,0,0,3,0,0,0,0,0,0,1,0,1,4,20,1,3,1,1,3,13,1,4,18,1,4,1,1,4,0,9,1,0,2,0,0,0,0,1,0,1,1,1,0,1,1,2,0,0,5,2,1,0,1,1,1,0,2,0,0,1,0,14,0,1,0,4,0,0,3,3,2,24,0,7,1,3,4,0,0,3,0,6,0,2,0,1,3,1,5,1,0,2,0,0,6,0,0,0,0,2,0,0,2,1,1,7,0,0,1,0,0,0,0,2,0,0,1,1,0,3,3,2,2,1,1,0,1,45,0,0,0,0,1,0,5,0,4,0,2,9,0,0
FLK,0,0,0,0,0,0,0,0,1,0,0,4,0,0,0,0,0,0,0,0,0,0,0,0,0,0,0,0,1,0,0,0,0,0,2,0,2,0,0,0,0,0,0,0,0,0,0,0,0,0,0,0,3,0,0,0,0,0,1,0,0,2,0,0,0,0,0,2,0,0,0,15,0,0,0,0,0,0,0,0,0,0,0,0,0,0,0,0,0,0,0,0,0,0,1,0,0,0,0,0,0,0,0,0,0,0,0,0,0,0,0,0,0,0,0,0,0,0,0,0,0,0,0,0,0,0,0,0,0,0,0,0,0,0,0,0,0,0,0,1,0,0,0,0,0,0,1,0,4,0,0,0,1,0,0,0,0,0,2,0,0,0,0,0,0,0,0,0,0,0,0,0,0,0,0,0,0,0,0,0,0,0,0,0,0,0,0,0,0,0,0,0,0,0,0,0,0,0,0,1,0,0,0,1,1,0,0,0,0,0,0,0,0,0,0,0,3,0,0
FRA,0,6,7,6,31,4,0,258,899,330,0,3987,2450,120,12,5333,149,0,192,72,559,19,3,34,297,2,6,48,3007,4,11,11,18,19,5836,6449,1120,5176,159,278,67,41,3,702,7,4,106,92,2,2,265,1842,12221,16,0,2384,12,1601,248,513,3,7987,426,77,1759,21,2,0,1,8,79,14567,272,65,2,62,22,1,1,1837,2,5,19,83,5,4,551,10,1291,218,1780,1283,614,69,186,1377,10101,14,65,3523,52,174,16,78,0,6,1461,67,33,767,4,30,0,6,145,0,469,313,337,0,1056,129,32,111,2,1147,1,47,75,76,18,19,20,51,26,0,32,28,542,21,122,59,103,10,0,5488,1668,38,745,37,410,34,221,177,1,21,2748,0,2004,20,112,319,1315,2998,16,753,31,295,762,0,0,5,5,9,2,1,527,9,3,11,540,632,3385,12,0,20,36,1,14,42,599,5,0,0,1,14,1951,1099,1,812,63,83,730,119,18135,15,0,8,0,99,0,513,6,3,10,10,1096,35,28
FRO,0,0,0,0,1,1,0,0,0,1,0,0,1,0,0,1,0,0,0,0,1,0,0,1,1,0,0,0,0,0,0,0,0,0,0,1,0,0,0,0,0,0,0,0,0,0,0,0,0,0,0,1,1,0,0,2,0,0,0,0,0,1,1,0,1,0,0,1,0,0,0,2,1,0,0,0,0,0,0,1,0,0,0,0,0,0,1,0,1,0,0,1,0,0,1,0,1,0,0,0,0,0,0,0,0,0,0,0,0,0,0,0,0,0,0,0,1,0,1,0,0,0,1,0,0,0,0,1,0,0,0,1,0,0,0,0,0,0,0,0,0,0,0,0,0,1,1,0,0,0,0,0,0,0,0,0,1,0,1,0,0,0,1,1,0,0,0,0,0,0,0,0,0,0,0,0,1,0,0,0,1,1,2,0,0,0,0,0,0,0,0,0,0,0,0,0,0,1,0,0,0,0,1,0,0,0,0,0,0,0,0,0,0,0,0,0,0,0,0
FSM,0,1,0,6,0,0,0,7,1,0,0,13,6,0,4,7,7,0,0,9,5,8,0,0,0,0,0,1,9,0,0,7,0,0,10,8,7,9,0,7,6,0,0,8,0,0,5,0,0,0,0,0,9,0,0,7,0,9,5,9,0,9,8,9,9,3,0,8,0,0,0,26,2,8,0,0,2,0,0,6,1,0,0,0,0,0,2,0,0,8,9,8,9,9,7,9,8,2,9,10,6,8,7,0,0,0,10,1,0,8,0,0,0,0,7,0,0,8,0,0,1,0,0,0,0,9,2,0,0,0,5,0,0,7,0,0,0,1,8,1,7,0,9,0,0,7,9,7,8,4,9,6,9,8,1,2,8,0,8,0,7,5,8,9,8,9,0,0,8,0,0,0,0,0,0,0,9,0,0,0,7,0,9,0,0,0,0,0,0,0,0,0,0,0,0,0,3,7,0,8,6,6,7,1,20,0,0,0,0,0,0,8,0,0,0,5,9,7,0
GAB,0,0,1,0,0,0,0,2,2,0,0,11,17,0,1,15,12,0,13,2,0,0,0,0,0,0,0,1,6,0,1,0,0,3,13,18,0,9,6,22,8,15,0,1,0,1,1,0,0,0,0,2,63,0,0,7,0,0,2,2,0,14,0,1,3,0,0,79,0,0,0,47,0,13,0,6,2,2,0,0,0,0,0,2,0,0,0,0,2,4,4,0,0,0,0,0,11,0,0,9,0,10,0,2,0,0,2,0,0,0,0,0,0,0,1,0,0,0,0,0,3,0,0,2,0,2,0,0,6,0,0,0,0,10,3,0,0,4,1,1,0,3,3,0,0,27,1,0,1,1,2,2,3,3,0,2,0,0,7,0,0,0,0,10,0,0,0,10,2,0,0,0,2,0,0,0,0,0,0,0,0,0,6,0,0,0,0,0,0,3,1,0,0,0,0,1,1,0,0,2,14,7,0,0,58,0,0,0,0,2,0,4,0,1,0,0,12,0,4
GBR,4,20,11,23,46,2,0,532,1021,408,0,12374,3953,205,18,6458,81,1,141,374,863,88,17,77,410,15,17,53,4570,28,62,28,75,8,9807,9122,1718,14250,73,191,85,32,2,1017,4,14,131,104,5,7,513,2565,19892,3,3,5629,16,214,310,1013,2,11393,803,312,3413,35,15,14567,2,26,47,26938,414,360,10,44,196,18,9,3708,16,18,36,26,15,15,742,12,2149,425,3643,4349,1105,551,444,2021,14106,43,227,5502,140,773,54,84,2,21,2591,164,46,237,26,94,1,11,378,0,791,303,615,0,349,61,49,86,8,1387,0,79,93,196,82,20,49,107,6,3,46,327,1749,69,34,25,653,23,0,11882,3804,231,2284,169,1071,133,354,354,4,57,3951,3,3457,37,238,695,1593,3549,77,1467,80,97,2178,1,3,17,73,15,4,3,801,7,8,15,939,1093,7329,20,1,33,17,3,13,5,1064,7,0,4,4,52,170,1741,0,1517,385,516,919,151,36520,30,0,30,0,108,0,554,4,5,12,23,2917,202,163
GEO,0,0,0,2,6,1,0,10,107,227,0,125,249,102,1,153,4,0,2,3,232,2,0,6,234,0,0,6,229,0,3,2,3,0,125,272,106,245,1,9,3,0,0,223,0,0,3,0,0,1,123,242,322,0,0,116,2,7,114,130,0,273,132,6,140,0,0,272,1,2,0,414,0,5,0,1,2,0,0,232,0,0,0,0,0,0,133,0,226,6,154,137,153,2,9,113,280,5,7,116,12,2,7,0,0,0,147,1,0,7,0,0,0,0,119,0,131,3,124,0,101,1,4,0,0,139,0,7,0,2,2,3,4,3,0,0,1,0,219,3,1,0,10,0,0,130,109,5,125,5,132,5,11,10,0,1,254,0,233,7,84,114,123,277,3,20,3,1,15,0,0,0,2,1,1,0,230,0,0,0,105,108,120,2,0,0,1,0,0,0,126,1,0,0,0,4,9,250,0,228,3,5,158,0,405,10,0,0,0,3,0,7,0,0,3,1,113,4,0
GHA,0,5,1,7,4,0,0,16,21,0,0,147,23,0,6,60,37,0,53,21,11,11,0,4,2,0,0,5,37,2,4,7,7,0,106,130,15,125,29,59,16,10,0,26,0,1,9,5,0,0,3,14,144,0,0,72,4,16,12,34,0,41,14,50,37,2,0,65,0,8,13,360,5,0,0,7,17,2,1,13,0,1,2,2,1,1,10,0,8,24,68,19,22,11,11,14,49,11,22,60,9,78,9,1,0,0,32,5,0,13,11,0,0,0,11,0,3,11,5,0,16,0,1,6,0,27,0,1,20,1,8,1,3,27,3,0,6,31,36,8,6,12,131,0,0,128,37,17,23,9,28,15,25,17,0,7,22,1,23,3,9,17,14,22,23,25,12,25,16,0,0,1,19,1,0,0,18,0,2,2,11,5,83,1,0,6,0,0,4,20,17,0,0,0,1,3,16,20,0,17,54,66,8,4,508,0,0,0,0,8,0,26,0,1,0,7,203,28,14
