,ABW,AFG,AGO,AIA,ALB,AND,ANT,ARE,ARG,ARM,ATG,AUS,AUT,AZE,BDI,BEL,BEN,BES,BFA,BGD,BGR,BHR,BHS,BIH,BLR,BLZ,BMU,BOL,BRA,BRB,BRN,BTN,BWA,CAF,CAN,CHE,CHL,CHN,CIV,CMR,COD,COG,COK,COL,COM,CPV,CRI,CUB,CUW,CYM,CYP,CZE,DEU,DJI,DMA,DNK,DOM,DZA,ECU,EGY,ERI,ESP,EST,ETH,FIN,FJI,FLK,FRA,FRO,FSM,GAB,GBR,GEO,GHA,GIB,GIN,GMB,GNB,GNQ,GRC,GRD,GRL,GTM,GUF,GUY,HND,HRV,HTI,HUN,IDN,IND,IRL,IRN,IRQ,ISL,ISR,ITA,JAM,JOR,JPN,KAZ,KEN,KGZ,KHM,KIR,KNA,KOR,KWT,LAO,LBN,LBR,LBY,LCA,LIE,LKA,LSO,LTU,LUX,LVA,MAF,MAR,MCO,MDA,MDG,MDV,MEX,MHL,MKD,MLI,MLT,MMR,MNE,MNG,MOZ,MRT,MSR,MUS,MWI,MYS,NAM,NCL,NER,NGA,NIC,NIU,NLD,NOR,NPL,NZL,OMN,PAK,PAN,PER,PHL,PLW,PNG,POL,PRK,PRT,PRY,PSE,QAT,ROU,RUS,RWA,SAU,SDN,SEN,SGP,SHN,SJM,SLB,SLE,SLV,SMR,SOM,SRB,SSD,STP,SUR,SVK,SVN,SWE,SWZ,SXM,SYC,SYR,TCA,TCD,TGO,THA,TJK,TKM,TLS,TON,TTO,TUN,TUR,TUV,TWN,TZA,UGA,UKR,URY,USA,UZB,VAT,VCT,VEN,VGB,VNM,VUT,WSM,XKX,YEM,ZAF,ZMB,ZWE
ABW,0,0,0,0,0,0,0,0,0,0,0,2,0,0,0,4,0,0,0,0,0,0,0,0,0,0,0,0,2,0,0,0,0,0,0,0,0,0,0,0,0,0,0,0,0,0,0,0,2,0,0,0,0,0,0,0,0,0,0,0,0,2,0,0,0,0,0,0,0,0,0,8,0,0,0,0,0,0,0,0,0,0,0,0,0,0,0,0,0,0,0,0,0,0,0,0,4,0,0,4,0,0,0,0,0,0,0,0,0,0,0,0,0,0,0,0,0,2,0,0,0,0,0,0,0,0,0,0,0,0,0,0,0,0,0,0,0,0,0,0,0,0,0,0,0,8,0,0,0,0,0,0,0,0,0,0,0,0,0,0,0,0,0,0,0,0,0,0,0,0,0,0,0,0,0,0,0,0,0,0,0,0,0,0,0,0,0,0,0,0,2,0,0,0,0,0,0,0,0,0,0,0,0,0,10,0,0,0,0,0,0,0,0,0,0,2,0,0
AFG,0,0,0,2,0,0,0,2,0,0,0,14,2,0,0,10,2,0,0,8,2,2,0,0,0,0,0,0,2,0,0,2,0,0,6,12,2,8,0,2,8,2,0,2,0,0,2,0,0,0,0,0,6,0,0,8,0,2,2,10,0,6,4,4,2,0,0,12,0,2,0,40,0,10,0,0,0,0,0,0,0,0,0,0,0,0,0,4,0,4,28,2,24,2,0,6,8,0,4,30,2,4,2,0,0,0,6,2,0,4,0,0,0,0,4,0,0,6,0,0,0,0,0,0,0,6,0,0,0,0,4,0,2,4,0,0,0,2,22,0,2,0,10,0,0,10,4,4,2,0,32,2,2,4,0,0,2,0,2,0,2,2,2,2,2,8,0,2,4,0,0,0,2,0,0,0,2,0,0,0,4,0,6,0,0,0,0,0,2,0,10,0,0,0,0,0,2,6,0,4,6,6,2,0,56,0,0,0,0,0,4,0,0,0,0,6,2,0
AGO,0,0,0,0,0,0,0,0,6,0,0,14,2,0,0,6,4,0,6,0,2,0,0,4,0,0,0,0,30,0,0,0,2,0,4,14,0,2,0,6,2,0,0,0,0,4,0,6,0,0,0,0,20,0,0,6,0,2,0,4,0,38,0,2,4,0,0,14,0,0,2,22,0,2,0,2,0,2,0,2,0,0,0,0,0,0,4,6,2,0,2,0,2,0,0,2,16,0,0,0,0,8,0,0,0,0,2,0,0,0,0,2,0,0,0,0,0,0,0,0,0,0,0,0,0,0,0,0,8,0,0,0,0,12,2,0,0,6,0,2,0,4,4,0,0,18,4,0,2,0,2,0,2,0,0,0,0,0,94,0,0,0,0,6,2,0,0,8,2,0,0,0,0,0,0,0,0,0,6,0,0,4,4,0,0,0,0,0,2,0,0,0,0,0,0,0,0,0,0,0,6,8,0,2,60,0,0,0,0,0,0,0,0,0,0,10,4,4
AIA,0,2,0,0,0,0,0,14,2,0,0,16,14,0,6,14,16,0,0,18,10,14,0,0,0,0,0,2,16,0,0,12,0,0,16,12,14,16,0,14,10,0,0,16,0,0,10,0,0,0,0,0,16,0,0,14,0,14,12,16,0,16,12,16,16,0,0,12,0,12,0,46,4,14,0,0,4,0,0,8,0,0,0,0,0,0,4,0,0,14,16,12,16,16,12,14,16,2,14,16,8,16,12,0,0,0,16,2,0,12,0,0,0,0,12,0,0,12,0,0,2,0,0,0,0,16,0,0,0,0,10,0,0,12,0,0,0,0,16,2,10,0,16,0,0,16,16,16,16,8,16,14,16,14,0,2,16,0,16,0,12,10,12,16,12,16,0,0,16,0,0,0,0,0,0,0,16,0,0,0,14,0,16,0,0,0,0,0,0,0,0,0,0,0,0,0,6,16,0,14,10,10,12,0,22,0,0,0,0,0,14,0,0,0,6,16,12,0
ALB,0,0,0,0,0,2,0,8,8,2,0,16,40,0,0,38,6,0,4,6,38,0,0,28,20,0,0,4,24,2,6,0,2,0,16,46,8,22,6,10,2,0,0,18,0,0,4,2,0,0,16,42,84,0,0,28,4,14,8,22,0,74,26,2,28,2,0,62,2,0,0,92,12,8,0,0,0,0,0,74,0,0,0,0,0,0,56,0,30,8,24,18,10,0,12,26,200,10,10,30,4,6,4,0,0,0,12,2,0,12,0,0,0,0,2,0,16,4,14,0,12,0,4,0,0,16,0,46,0,10,2,28,6,2,0,0,4,0,16,2,0,0,12,2,0,48,24,8,2,4,10,10,8,4,0,2,48,0,40,6,2,6,48,32,0,14,8,2,12,0,0,2,4,2,0,0,52,0,0,2,16,50,40,0,0,2,2,0,0,0,10,0,0,0,2,6,16,72,0,12,6,10,16,2,92,0,0,0,6,0,8,0,0,54,2,8,6,0
AND,0,0,0,0,2,0,0,0,0,2,0,4,4,0,0,6,0,0,0,0,2,0,0,2,2,0,0,0,0,0,0,0,0,0,4,2,8,0,0,0,0,0,0,4,0,0,0,0,0,0,0,6,2,0,0,2,0,0,0,0,0,24,2,0,2,0,0,8,2,0,0,4,2,0,0,0,0,0,0,2,0,0,0,0,0,0,2,0,2,0,4,2,0,0,2,0,2,0,0,2,0,0,0,0,0,0,0,0,0,0,0,0,0,0,0,0,2,0,2,0,2,0,2,0,0,4,0,2,0,0,0,2,0,0,0,0,0,0,0,0,0,0,0,0,0,2,6,0,0,0,0,0,0,0,0,0,2,0,2,0,0,0,2,2,0,0,0,0,4,0,0,0,0,0,0,0,2,0,0,0,2,2,6,0,0,0,0,0,0,0,0,0,0,0,0,0,0,2,0,0,0,2,2,0,12,0,0,0,0,0,0,0,0,0,0,0,0,0
ANT,0,0,0,0,0,0,0,0,0,0,0,0,0,0,0,0,0,0,0,0,0,0,0,0,0,0,0,0,0,0,0,0,0,0,0,0,0,0,0,0,0,0,0,0,0,0,0,0,0,0,0,0,0,0,0,0,0,0,0,0,0,0,0,0,0,0,0,0,0,0,0,0,0,0,0,0,0,0,0,0,0,0,0,0,0,0,0,0,0,0,4,0,0,0,0,0,0,0,0,0,0,0,0,0,0,0,0,0,0,0,0,0,0,0,0,0,0,0,0,0,0,0,0,0,0,0,0,0,0,0,0,0,0,0,0,0,0,0,0,0,0,0,0,0,0,6,0,0,0,0,0,0,0,0,0,0,0,0,0,0,0,0,0,0,0,0,0,0,0,0,0,0,0,0,0,0,0,0,0,0,0,0,0,0,0,0,0,0,0,0,0,0,0,0,0,0,0,0,0,0,0,0,0,0,0,0,0,0,0,0,0,0,0,0,0,0,0,0
ARE,0,2,0,14,8,0,0,0,52,2,0,462,102,4,8,118,26,0,10,72,36,72,0,12,18,2,2,6,178,6,6,14,6,0,754,182,90,478,10,46,14,0,0,74,0,0,18,4,0,2,28,80,478,0,0,118,2,140,24,452,0,306,44,46,108,6,0,516,0,14,4,1064,20,32,0,4,4,0,0,260,0,2,2,0,0,2,22,0,54,42,522,54,166,52,28,106,444,20,264,186,24,24,22,6,0,0,258,104,2,168,0,14,0,0,26,0,16,32,18,2,86,2,2,2,4,74,0,8,0,4,16,2,12,22,0,0,6,2,278,6,14,2,50,0,0,262,92,32,68,152,318,24,30,38,0,4,166,0,168,14,42,280,66,144,16,582,36,2,164,0,0,2,4,2,0,2,82,0,0,2,28,26,210,0,0,6,10,0,0,0,60,0,0,0,2,10,166,176,0,94,22,24,34,4,1874,12,2,0,22,0,36,0,0,0,34,132,20,10
ARG,0,0,6,2,8,0,0,52,0,192,0,1032,452,186,0,548,14,0,8,38,230,6,2,18,198,2,0,94,2460,8,6,4,8,0,1230,854,1288,782,8,20,14,0,0,1008,2,0,166,94,0,2,20,514,1912,0,2,550,26,26,252,96,0,2646,64,10,182,4,2,1798,0,2,4,2042,214,42,2,4,6,0,2,340,4,2,60,2,4,26,68,4,360,44,402,120,94,10,20,402,1442,20,24,624,16,58,14,4,0,0,174,30,0,28,0,0,0,0,22,0,20,26,30,0,234,8,12,6,0,918,0,6,6,6,6,2,22,16,0,0,8,2,256,10,6,2,56,28,0,844,388,28,188,10,68,86,354,66,0,4,474,0,538,96,174,28,352,498,10,86,12,4,114,0,0,2,4,20,0,0,246,0,2,8,228,294,582,0,0,8,4,0,0,2,106,0,0,0,2,14,32,436,0,290,16,28,94,512,4300,10,6,0,236,0,36,0,0,0,4,548,18,14
ARM,0,0,0,0,2,2,0,2,192,0,0,224,510,234,0,272,0,0,0,18,450,0,0,6,450,0,0,0,500,0,0,0,0,0,222,552,224,520,0,2,0,0,0,422,0,0,0,58,0,0,244,532,656,0,0,266,0,0,226,250,0,524,252,0,304,0,0,660,2,0,0,816,454,0,0,2,0,0,0,510,0,0,0,0,0,0,316,0,488,74,334,268,260,0,16,214,646,0,0,290,22,0,4,0,0,0,364,0,0,4,0,0,0,0,230,0,246,2,232,0,194,2,4,0,0,316,0,8,0,2,0,10,8,0,0,0,0,0,430,14,0,0,0,0,0,292,256,2,238,0,320,2,60,20,0,0,556,0,452,0,164,222,280,794,0,28,0,0,20,0,0,0,0,0,2,0,430,0,0,0,252,210,274,2,0,0,0,0,0,0,312,0,0,0,0,0,12,514,0,436,2,2,334,2,746,14,0,0,0,0,8,0,0,4,0,264,0,0
ATG,0,0,0,0,0,0,0,0,0,0,0,0,0,0,0,0,0,0,0,0,0,0,2,0,0,0,0,0,0,0,0,0,0,0,4,0,0,0,0,0,0,0,0,0,0,0,0,0,0,0,0,0,0,0,0,0,0,0,2,0,0,0,0,0,0,0,0,0,0,0,0,0,0,0,0,0,0,0,0,0,0,0,0,0,0,0,0,0,0,0,2,0,0,0,0,0,0,0,0,0,0,0,0,0,0,0,0,0,0,0,0,0,0,0,0,0,0,0,0,0,0,0,0,0,0,0,0,0,0,0,0,0,0,0,0,0,0,0,0,0,0,0,0,0,0,0,0,0,0,0,0,0,0,0,0,0,2,0,0,0,0,0,0,0,0,0,0,0,0,0,0,0,0,0,0,0,0,0,0,0,0,0,0,0,0,0,0,0,0,0,0,0,0,0,0,0,0,0,0,0,0,0,0,0,16,0,0,0,0,0,0,0,0,0,0,0,0,0
AUS,2,14,14,16,16,4,0,462,1032,224,0,4,2094,192,10,3366,46,2,48,836,394,38,22,20,244,12,12,38,3304,18,62,66,76,2,9930,4962,1566,22470,24,114,44,18,8,772,2,6,124,48,2,10,138,1248,11500,2,0,3252,4,92,156,516,2,5562,298,266,1632,192,8,7974,0,26,22,24748,250,294,2,14,60,10,2,1176,8,10,36,12,14,10,278,4,908,1004,3496,1588,1800,336,218,1426,6530,32,190,5166,102,340,38,174,8,6,2472,176,98,196,12,28,8,14,452,2,168,182,78,0,320,50,14,38,10,988,4,32,34,42,84,4,64,102,2,2,24,82,2330,60,72,8,344,18,2,6780,2200,216,5032,104,886,106,228,464,6,242,1840,2,1468,36,222,486,682,1832,42,1688,40,46,3050,0,0,60,22,8,2,4,484,8,4,8,368,472,4408,16,4,28,18,2,0,4,1288,0,0,34,18,40,114,1022,0,1624,172,202,232,148,31082,28,18,2,76,2,1074,22,40,10,22,2718,80,62
AUT,0,2,2,14,40,4,0,102,452,510,0,2094,0,222,6,2686,32,0,30,46,810,16,0,82,480,2,2,18,1522,14,26,22,16,0,2266,4990,504,2526,8,48,22,2,0,548,2,4,52,84,2,2,336,2356,13368,0,12,2046,4,60,290,460,0,3940,594,82,1610,6,0,4900,2,12,34,7906,498,46,2,6,8,0,0,1698,2,4,20,4,2,4,878,4,1902,156,1386,1058,564,60,178,852,5836,20,60,1920,40,80,30,8,0,6,1054,78,0,72,0,4,0,226,276,0,684,146,570,0,226,8,32,10,0,572,0,90,2,56,24,32,48,26,0,0,10,6,580,38,10,6,96,4,0,3666,1402,44,548,30,538,34,128,60,0,10,2142,0,1548,14,188,310,1140,1854,14,370,28,14,390,0,2,2,6,4,2,0,854,0,2,6,1006,1088,2850,0,0,8,12,0,2,0,530,0,0,0,2,8,178,1024,0,696,38,58,672,46,9158,16,2,0,34,0,110,0,0,28,12,724,20,2
AZE,0,0,0,0,0,0,0,4,186,234,0,192,222,0,0,8,0,0,2,0,196,0,0,4,214,0,0,0,218,0,0,0,2,0,194,236,190,234,0,0,0,0,0,184,0,0,0,30,0,0,8,226,286,0,0,216,0,2,0,10,0,238,6,0,44,0,0,240,0,0,0,410,204,0,0,0,0,0,0,220,0,0,0,0,0,0,48,0,228,30,44,4,48,0,4,212,244,0,0,238,32,2,4,0,0,0,36,0,0,0,0,0,0,0,0,0,6,2,4,0,186,0,2,0,0,34,0,4,0,2,0,2,2,0,0,0,0,0,184,0,0,0,0,0,0,224,224,0,2,0,34,0,30,0,0,0,248,0,218,0,164,0,222,434,0,22,0,0,0,0,0,0,0,0,2,0,192,0,0,0,224,192,220,0,0,0,0,0,0,0,30,2,0,0,0,0,4,524,0,190,0,0,66,0,286,4,0,0,0,0,6,0,0,4,0,218,0,0
BDI,0,0,0,6,0,0,0,8,0,0,0,10,6,0,0,44,8,0,0,10,2,8,0,0,0,0,0,0,8,0,0,8,0,0,10,10,8,14,4,14,16,0,0,8,0,0,6,2,0,0,0,2,24,0,0,14,0,8,6,8,0,8,8,16,8,0,0,24,0,8,2,36,2,12,0,0,2,0,0,8,0,0,0,0,0,0,4,0,6,8,16,8,8,8,8,6,16,0,8,14,6,16,8,0,0,0,8,2,0,8,0,2,0,0,6,0,0,14,0,0,4,0,0,2,0,8,0,2,0,0,6,0,0,8,0,0,0,2,10,0,8,0,10,0,0,20,10,8,8,6,8,6,8,12,0,2,8,0,8,0,4,6,12,8,20,8,0,2,8,0,0,0,0,0,0,0,8,0,0,0,8,0,12,0,0,0,0,0,0,0,2,0,0,0,0,0,2,12,0,8,18,24,8,0,36,0,0,0,0,0,10,0,0,0,6,8,10,0
BEL,4,10,6,14,38,6,0,118,548,272,0,3366,2686,8,44,0,100,0,128,76,768,24,0,60,314,6,0,28,2014,8,12,18,20,4,3560,4990,528,3284,64,192,306,14,0,568,6,4,70,186,0,2,436,1830,9902,2,0,2578,12,220,410,634,0,6116,672,276,1780,6,0,10666,2,14,30,12916,306,120,2,72,106,2,0,2032,4,8,24,16,4,4,664,6,1556,156,1452,1490,730,56,170,964,7834,24,72,2258,42,292,30,68,0,12,1352,78,6,172,6,14,0,6,276,0,730,484,572,0,198,48,40,30,0,798,0,84,42,96,36,18,34,58,2,0,14,44,504,26,20,12,132,0,0,8898,1410,78,756,38,404,62,210,106,2,16,2474,0,2150,14,32,396,1106,1836,72,400,30,64,430,0,0,4,20,4,2,0,666,0,2,14,556,736,3188,12,0,12,4,0,6,12,474,4,0,0,2,14,228,1092,0,704,122,208,616,72,12502,14,2,0,48,2,378,2,2,8,10,1102,60,40
BEN,0,2,4,16,6,0,0,26,14,0,0,46,32,0,8,100,0,0,52,22,16,16,0,6,4,0,0,6,56,4,4,14,8,2,56,58,30,48,64,78,42,16,0,30,0,0,20,4,0,0,4,8,112,0,0,46,0,28,20,36,0,40,22,40,28,2,0,298,0,14,24,162,8,74,0,30,18,0,0,18,0,2,0,0,0,0,12,0,8,28,44,22,36,20,18,22,58,10,26,44,14,68,16,0,0,0,28,6,0,26,2,2,0,0,16,0,4,20,8,0,22,0,2,16,0,30,0,2,34,2,14,2,4,34,10,0,4,10,28,10,12,38,94,0,0,66,30,24,22,10,30,20,28,28,0,10,30,0,36,4,16,16,26,30,28,30,10,56,26,0,0,2,10,0,0,0,32,0,0,2,20,8,32,2,0,6,0,0,6,50,8,0,0,0,2,4,18,34,0,40,58,44,16,4,178,0,0,0,6,0,36,0,0,0,10,96,26,6
BES,0,0,0,0,0,0,0,0,0,0,0,2,0,0,0,0,0,0,0,0,0,0,2,0,0,0,2,0,2,0,0,0,0,0,2,0,0,0,0,0,0,0,0,2,0,0,0,0,0,2,0,0,0,0,0,0,0,0,0,0,0,0,0,0,0,0,0,0,0,0,0,2,0,0,0,0,0,0,0,0,0,0,0,0,0,0,0,0,0,0,0,0,0,0,0,0,0,0,0,0,0,0,0,0,0,0,0,0,0,0,0,0,0,0,0,0,0,0,0,0,0,0,0,0,0,2,0,0,0,0,0,0,0,0,0,0,0,0,0,0,0,0,0,0,0,2,0,0,0,0,0,0,0,0,0,0,0,0,0,0,0,0,0,0,0,0,0,0,0,0,0,0,0,0,0,0,0,0,0,0,0,0,0,0,0,0,0,2,0,0,0,0,0,0,0,0,0,0,0,0,0,0,0,2,4,0,0,0,0,0,0,0,0,0,0,0,0,0
BFA,0,0,6,0,4,0,0,10,8,0,0,48,30,2,0,128,52,0,0,12,6,0,0,2,2,0,0,2,24,0,2,0,2,2,86,104,10,22,100,64,30,20,0,14,0,0,0,2,0,0,4,10,122,0,0,48,2,4,2,12,0,38,4,24,32,0,0,384,0,0,26,282,4,106,0,30,58,6,0,8,0,0,0,0,0,2,6,0,4,14,22,6,8,0,0,6,54,4,4,18,2,72,2,12,0,0,20,0,0,6,0,0,0,0,6,2,2,8,4,0,16,0,0,12,0,20,0,2,74,0,2,0,2,18,14,0,2,36,2,0,0,52,64,2,0,102,18,16,4,4,10,4,8,8,0,4,8,0,10,6,0,6,6,10,12,8,8,118,6,0,0,0,16,2,0,0,6,2,0,0,4,4,30,6,0,0,2,0,24,46,18,0,0,0,0,2,8,4,0,18,48,70,4,2,236,0,0,0,10,0,22,0,0,0,0,78,26,16
BGD,0,8,0,18,6,0,0,72,38,18,0,836,46,0,10,76,22,0,12,0,18,20,0,4,2,0,0,6,138,4,36,24,2,0,344,154,54,436,6,22,20,0,2,54,0,0,20,8,0,0,8,18,314,0,0,88,0,36,20,122,0,92,28,68,64,24,0,144,0,18,4,748,6,42,2,2,64,2,0,32,0,2,10,0,0,2,20,2,16,96,418,48,72,46,30,30,128,8,32,868,20,96,20,30,0,2,328,22,8,28,2,2,0,0,70,0,8,20,8,0,12,0,6,4,2,62,0,4,40,2,28,2,8,32,0,0,6,28,680,2,12,0,58,2,0,160,90,130,92,24,286,26,60,100,0,14,54,0,44,8,28,30,36,48,24,256,8,14,94,0,0,4,2,8,0,0,30,4,0,2,22,6,174,2,0,4,6,0,0,2,162,0,0,0,2,0,16,78,0,56,70,42,22,14,1460,2,0,0,12,0,106,2,2,0,14,200,60,14
BGR,0,2,2,10,38,2,0,36,230,450,0,394,810,196,2,768,16,0,6,18,0,20,0,50,476,0,0,10,732,2,8,8,2,0,380,890,250,736,6,34,8,2,0,478,0,0,16,4,0,2,284,838,1470,0,0,432,8,36,242,318,0,1088,434,18,560,2,0,1118,2,10,0,1726,464,22,0,0,2,0,0,852,0,2,8,2,2,0,420,0,784,32,536,512,286,22,30,314,1232,14,36,540,52,16,14,0,0,2,436,2,0,40,0,2,0,2,242,0,456,26,420,0,208,2,14,0,0,358,0,92,0,24,8,24,14,12,0,0,4,0,462,10,6,0,64,0,0,668,344,16,284,22,268,24,46,24,0,4,1074,0,760,14,176,252,668,1030,8,90,12,2,54,0,0,2,4,2,0,2,666,0,2,4,472,440,524,0,0,2,2,0,0,0,302,2,0,0,2,8,26,668,0,482,14,18,402,12,1256,12,0,0,12,0,34,0,0,12,6,288,14,0
BHR,0,2,0,14,0,0,0,72,6,0,0,38,16,0,8,24,16,0,0,20,20,0,0,0,0,0,0,2,28,0,0,14,2,0,40,24,18,56,0,24,12,0,0,22,0,0,12,0,0,0,0,4,38,0,0,36,6,42,12,78,0,30,18,28,22,0,0,38,0,16,0,176,4,22,0,0,4,0,0,16,0,0,0,0,0,0,14,0,4,20,74,28,26,24,16,24,34,2,38,34,18,18,14,4,0,0,22,28,0,34,0,4,0,0,14,0,2,18,2,0,14,0,0,0,0,24,0,0,0,0,10,0,2,14,0,0,0,2,62,2,12,0,26,0,0,40,28,18,28,46,42,14,18,16,0,4,24,0,20,0,14,126,18,28,14,106,0,0,22,0,0,0,0,0,0,0,20,0,0,0,18,0,30,0,0,0,0,0,0,0,2,0,0,0,0,0,32,44,0,32,12,12,20,2,174,0,0,0,0,0,18,0,0,0,28,108,14,0
BHS,0,0,0,0,0,0,0,0,2,0,2,22,0,0,0,0,0,2,0,0,0,0,0,0,0,2,4,2,8,6,0,0,0,0,44,10,4,2,0,0,0,0,0,2,0,0,4,2,0,2,0,0,6,0,0,0,0,0,2,0,0,0,0,0,0,0,0,6,0,0,0,34,0,0,0,0,0,0,0,0,0,0,2,0,2,2,0,0,0,0,0,2,0,0,0,2,2,10,0,0,0,2,0,0,0,0,0,0,0,0,0,0,2,0,0,0,0,0,0,0,0,0,0,0,2,6,0,0,0,0,0,0,0,0,0,0,0,0,0,0,2,0,0,0,0,4,0,0,0,0,0,2,0,0,0,0,0,0,2,2,0,0,0,0,0,0,0,0,0,0,0,0,0,2,0,0,0,0,0,0,0,0,0,0,0,0,0,4,0,0,0,0,0,0,0,6,0,0,0,0,0,0,0,4,96,0,0,4,0,0,0,0,0,0,0,0,0,0
BIH,0,0,4,0,28,2,0,12,18,6,0,20,82,4,0,60,6,0,2,4,50,0,0,0,14,0,0,2,26,4,6,0,2,0,26,72,12,26,6,8,0,0,0,8,0,0,4,8,0,0,18,92,142,0,0,40,2,4,6,16,0,74,34,2,34,2,0,68,2,0,0,154,12,8,0,0,0,0,0,40,0,2,0,0,0,0,358,0,38,8,18,40,14,2,16,34,112,8,10,18,8,10,4,0,0,0,30,10,0,12,2,0,0,0,0,0,56,10,32,0,12,0,10,0,0,18,0,38,0,10,4,62,4,4,0,0,4,0,8,0,0,0,12,0,0,90,50,6,8,2,8,6,10,6,0,0,84,0,46,4,4,8,70,58,0,22,4,2,12,0,0,2,4,2,2,0,444,0,0,2,28,132,56,0,0,4,2,0,0,0,8,0,0,0,2,4,14,76,0,8,6,10,38,6,100,0,0,0,8,0,8,0,0,18,2,8,2,0
BLR,0,0,0,0,20,2,0,18,198,450,0,244,480,214,0,314,4,0,2,2,476,0,0,14,0,0,0,4,458,0,6,0,2,0,258,516,200,554,2,12,0,0,0,436,0,0,0,0,0,2,250,506,748,0,0,246,2,6,226,256,0,618,284,0,330,0,0,594,2,0,0,820,468,4,0,0,0,0,0,474,0,0,0,0,0,0,272,0,450,6,306,262,260,2,16,240,550,10,20,254,64,0,2,0,0,0,310,2,0,8,0,0,0,0,230,0,342,4,266,0,194,0,22,0,0,256,0,20,2,12,0,10,8,0,0,0,2,0,430,6,0,0,16,0,0,268,244,4,240,4,238,6,10,8,0,2,696,0,502,12,164,226,270,1448,0,34,6,2,38,0,0,0,4,2,2,2,454,0,0,0,216,218,298,4,0,0,0,0,0,0,248,2,0,0,0,6,10,476,0,448,2,10,470,0,654,14,0,0,4,0,32,0,0,4,0,224,4,0
BLZ,0,0,0,0,0,0,0,2,2,0,0,12,2,0,0,6,0,0,0,0,0,0,2,0,0,0,0,0,4,2,0,0,0,0,10,2,2,2,0,0,0,0,0,4,0,0,4,2,0,0,0,2,6,0,0,6,0,0,2,0,0,8,0,0,0,0,0,4,0,0,0,30,0,0,0,0,0,0,0,0,0,0,6,0,0,8,0,0,0,2,8,0,2,0,0,4,8,2,0,8,0,0,0,0,0,0,4,0,2,0,0,0,0,0,0,0,0,0,0,0,0,0,0,0,2,16,0,0,0,0,0,0,0,2,0,0,0,2,0,0,0,0,0,4,0,6,2,2,2,2,0,4,0,4,0,0,0,0,6,0,0,2,0,2,0,8,0,2,0,0,0,0,0,4,0,0,0,0,0,0,0,0,2,0,0,2,0,0,0,0,4,0,0,0,0,0,0,0,0,0,0,0,0,2,66,0,0,0,0,0,2,0,0,0,0,6,0,0
BMU,0,0,0,0,0,0,0,2,0,0,0,12,2,0,0,0,0,2,0,0,0,0,4,0,0,0,0,0,8,6,0,0,0,0,18,8,2,4,0,0,0,0,0,0,0,2,2,0,0,4,0,0,20,0,2,6,0,0,0,2,0,12,0,0,0,0,0,12,0,0,0,34,0,0,0,0,0,0,0,0,0,0,0,0,2,0,0,0,0,0,0,2,0,0,2,2,4,6,0,2,0,2,0,0,0,0,0,0,0,0,0,0,0,0,0,0,0,0,0,0,0,0,0,0,0,8,0,0,0,0,0,0,0,0,0,0,0,0,0,0,0,0,0,0,0,6,4,0,6,0,0,2,0,0,0,0,0,0,2,0,0,0,0,0,0,2,0,0,0,0,0,0,0,0,0,0,0,0,0,2,0,0,2,0,0,0,0,2,0,0,0,0,0,0,0,8,0,0,0,0,0,0,2,2,72,0,0,0,2,0,0,0,0,0,0,2,0,0
BOL,0,0,0,2,4,0,0,6,94,0,0,38,18,0,0,28,6,0,2,6,10,2,2,2,4,0,0,0,116,0,4,2,0,0,44,38,66,22,2,10,2,0,0,82,0,0,18,22,0,0,2,10,76,0,0,36,8,2,60,10,0,84,10,4,14,0,0,96,0,2,2,106,12,10,0,2,2,0,0,12,0,0,12,10,4,2,4,0,10,12,20,8,6,2,2,10,44,4,8,28,2,6,2,0,0,0,10,0,2,6,2,0,0,0,4,0,0,4,4,0,6,0,0,0,0,84,0,0,2,0,2,0,4,2,0,0,4,0,10,6,0,0,8,10,0,52,20,6,16,4,2,24,82,6,0,4,12,0,20,30,2,2,8,14,4,10,6,4,8,0,0,0,2,10,0,0,10,0,2,4,4,4,52,0,0,0,0,0,0,0,6,0,0,0,0,4,6,12,0,8,4,12,8,42,202,0,0,0,40,0,8,0,0,0,2,24,4,0
BRA,2,2,30,16,24,0,0,178,2460,500,0,3304,1522,218,8,2014,56,2,24,138,732,28,8,26,458,4,8,116,0,12,20,14,20,0,4484,2732,1908,2908,14,98,22,8,2,2006,4,12,256,402,0,6,278,1302,6140,0,2,1610,36,86,624,488,2,6266,478,74,1138,16,2,6014,0,18,12,9140,458,74,0,6,18,0,0,1160,10,4,68,32,8,50,454,18,1122,178,2008,1074,672,64,62,750,4972,38,70,1964,44,172,28,14,0,4,1298,56,2,136,0,8,0,8,318,0,540,88,510,0,274,56,14,18,0,1840,0,30,12,28,20,12,28,122,2,0,18,44,676,26,16,10,240,32,0,2966,928,84,696,64,638,156,766,296,2,22,1772,0,4104,142,194,432,930,1910,28,378,28,26,360,0,0,2,6,32,0,2,622,0,6,20,588,594,1902,2,0,8,4,2,0,6,686,0,0,0,2,24,128,956,2,846,84,98,736,576,18194,24,16,0,314,0,286,0,0,4,16,1078,28,34
BRB,0,0,0,0,2,0,0,6,8,0,0,18,14,0,0,8,4,0,0,4,2,0,6,4,0,2,6,0,12,0,2,0,2,0,34,20,12,8,4,4,0,0,0,16,2,0,10,8,0,4,6,4,18,0,2,8,2,4,10,6,0,10,4,6,6,2,0,8,0,0,0,56,0,4,0,0,2,0,0,6,2,2,2,0,4,2,4,0,6,6,8,4,8,0,6,6,8,38,4,10,2,8,2,0,0,2,6,4,0,4,0,0,2,0,0,0,4,4,4,0,6,0,2,0,0,10,0,2,0,2,4,2,2,4,0,0,4,4,8,0,0,0,12,0,0,12,8,4,6,0,6,10,6,6,0,0,6,0,6,4,4,2,4,6,0,6,0,2,4,0,0,4,0,4,0,0,4,0,0,6,4,4,10,0,0,6,0,0,0,0,6,0,0,0,2,26,4,6,0,14,4,8,0,8,88,0,0,6,10,0,4,0,0,0,2,14,0,0
BRN,0,0,0,0,6,0,0,6,6,0,0,62,26,0,0,12,4,0,2,36,8,0,0,6,6,0,0,4,20,2,0,0,2,0,38,28,8,64,4,8,2,0,0,10,0,0,2,2,0,2,8,20,44,0,0,6,2,2,6,22,0,14,6,2,10,2,0,22,0,0,2,124,6,8,0,2,0,0,0,8,0,0,0,2,0,0,8,0,10,38,38,12,12,0,2,8,26,6,6,40,2,2,2,2,0,0,30,2,0,6,0,0,0,0,14,0,2,2,6,0,6,0,2,0,0,6,0,2,0,2,2,2,4,2,0,0,4,0,104,0,0,0,10,0,0,18,12,4,4,4,20,8,8,6,0,0,10,0,8,6,2,8,6,8,0,18,4,2,36,0,0,2,4,2,0,0,6,0,0,2,2,8,10,0,0,2,0,0,0,0,12,0,0,0,2,4,6,6,0,28,4,8,8,2,60,0,0,0,8,0,40,0,0,0,2,12,2,0
BTN,0,2,0,12,0,0,0,14,4,0,0,66,22,0,8,18,14,0,0,24,8,14,0,0,0,0,0,2,14,0,0,0,2,0,26,22,14,26,0,14,12,0,0,14,0,0,12,0,0,0,2,2,28,0,0,18,2,14,10,14,0,16,14,18,16,0,0,22,0,14,0,56,4,14,0,0,4,0,0,10,0,0,0,0,0,0,4,0,0,22,40,14,18,14,12,14,20,2,16,24,12,16,14,4,0,0,22,4,2,14,0,2,0,0,16,0,0,16,2,0,4,0,2,0,2,18,0,0,0,0,18,0,4,14,0,0,2,0,20,2,12,0,16,0,0,28,16,32,20,10,20,12,14,18,0,6,16,0,16,0,12,10,16,16,14,16,0,0,14,0,0,2,0,0,0,0,14,0,0,0,14,0,20,0,0,0,0,0,0,0,16,0,0,2,0,0,6,14,0,16,14,12,14,2,52,0,0,0,0,0,14,2,0,0,8,18,16,0
BWA,0,0,2,0,2,0,0,6,8,0,0,76,16,2,0,20,8,0,2,2,2,2,0,2,2,0,0,0,20,2,2,2,0,0,52,32,32,14,4,30,2,2,0,6,2,0,6,2,0,2,2,10,68,0,0,12,4,2,4,8,0,14,2,68,8,0,0,36,0,0,0,150,6,14,0,0,2,0,0,4,2,0,2,0,0,0,2,4,14,2,52,2,6,0,2,4,30,4,4,12,2,50,0,0,0,0,12,2,0,2,2,4,0,0,2,8,0,0,4,0,10,0,2,0,0,24,0,0,2,0,0,0,6,10,0,0,4,24,10,38,0,2,34,0,0,26,16,0,16,4,4,0,6,4,0,0,12,0,12,6,2,4,12,8,6,12,6,2,2,0,0,0,4,0,0,0,2,0,0,2,2,2,38,10,0,4,0,0,0,0,20,0,0,0,0,4,4,8,0,8,28,26,0,2,352,0,0,0,4,0,4,0,0,0,0,230,26,48
CAF,0,0,0,0,0,0,0,0,0,0,0,2,0,0,0,4,2,0,2,0,0,0,0,0,0,0,0,0,0,0,0,0,0,0,2,4,0,6,2,12,2,4,0,0,0,0,0,0,0,0,0,6,6,2,0,0,0,0,0,0,0,0,0,0,0,0,0,38,0,0,6,16,0,0,0,0,0,0,0,0,0,0,0,6,0,0,0,0,0,0,2,0,0,0,0,0,4,0,0,4,0,2,0,0,0,0,0,0,0,4,0,0,0,0,0,0,0,0,0,0,0,0,0,4,0,0,0,0,0,0,0,0,0,0,0,0,0,0,0,0,0,4,0,0,0,0,0,0,0,0,0,0,0,0,0,0,0,0,0,0,0,0,2,2,0,0,0,6,0,0,0,0,0,0,0,0,0,0,0,0,0,0,0,0,0,0,0,0,0,0,0,0,0,0,0,0,2,0,0,0,2,0,0,0,10,0,0,0,0,0,0,0,0,0,0,2,0,0
CAN,0,6,4,16,16,4,0,754,1230,222,4,9930,2266,194,10,3560,56,2,86,344,380,40,44,26,258,10,18,44,4484,34,38,26,52,2,0,5728,1386,16632,56,148,76,12,0,870,2,2,150,120,0,12,148,1456,12254,4,2,3174,12,364,156,1190,0,5644,246,238,1668,30,4,11672,0,20,26,19614,250,212,4,24,46,4,0,1164,16,56,40,10,14,16,316,20,1010,198,2706,1592,2446,98,234,2182,7038,78,218,4758,82,372,38,52,0,28,2514,248,14,348,16,40,4,20,132,2,122,224,72,0,444,40,26,26,2,1562,0,64,40,46,18,14,68,56,8,0,18,90,796,36,18,10,304,30,0,6460,2338,148,1782,108,722,126,290,190,0,18,2112,0,1334,46,242,452,688,1924,64,1850,40,84,1406,2,2,6,28,16,2,2,504,2,2,12,396,468,4014,4,4,10,26,2,6,2,610,0,0,4,2,44,390,1430,0,1594,164,298,256,164,50006,14,6,4,92,0,242,16,4,4,18,2022,60,56
CHE,0,12,14,12,46,2,0,182,854,552,0,4962,4990,236,10,4990,58,0,104,154,890,24,10,72,516,2,8,38,2732,20,28,22,32,4,5728,0,908,4558,120,126,92,50,2,922,2,4,88,168,0,2,394,2428,20486,2,4,3404,20,118,300,534,12,7338,686,202,2184,20,0,12898,2,16,36,18244,544,260,4,50,60,4,6,2434,4,6,38,12,4,6,808,12,1754,256,2266,1800,728,46,210,1704,11522,32,82,3476,56,330,62,72,4,14,1730,66,46,210,28,4,0,60,290,8,772,258,578,0,316,40,40,46,0,1000,0,68,70,94,40,20,42,146,8,2,10,100,666,18,16,32,228,8,0,7490,2092,110,1008,56,528,76,300,296,2,58,3224,0,2312,24,192,430,1314,2592,62,502,52,124,912,0,0,10,34,6,4,2,830,18,2,8,860,972,4506,22,0,26,6,0,36,24,694,16,0,2,2,12,162,1398,0,1120,298,242,856,88,23782,32,16,0,60,0,310,4,2,16,14,1582,80,84
CHL,0,2,0,14,8,8,0,90,1288,224,0,1566,504,190,8,528,30,0,10,54,250,18,4,12,200,2,2,66,1908,12,8,14,32,0,1386,908,0,1000,8,42,16,2,0,1078,2,0,194,130,0,2,36,444,2450,0,0,610,22,46,342,82,0,3466,68,34,274,4,4,2240,0,14,0,3436,212,30,0,0,8,0,0,390,2,2,72,2,4,36,80,2,320,44,418,150,202,16,60,442,1654,26,46,764,24,54,24,6,0,2,372,14,4,60,0,0,2,0,30,0,44,34,28,0,226,8,10,2,0,990,0,24,2,10,14,2,12,40,2,0,8,6,274,16,18,26,66,16,0,1008,436,38,238,22,80,82,352,76,0,8,588,0,592,112,182,42,290,596,14,164,14,8,114,0,0,2,4,20,0,0,266,0,2,6,276,254,690,0,0,6,6,0,0,2,118,0,0,0,2,12,46,382,0,406,30,40,106,264,5562,4,64,0,186,0,70,0,0,0,10,684,24,12
CHN,0,8,2,16,22,0,0,478,782,520,0,22470,2526,234,14,3284,48,0,22,436,736,56,2,26,554,2,4,22,2908,8,64,26,14,6,16632,4558,1000,0,26,128,50,8,0,950,2,2,72,144,0,4,324,1846,15634,0,0,3702,14,264,332,1452,14,5248,602,206,2630,14,0,10352,0,18,18,28500,490,250,0,22,16,2,0,1570,10,20,16,2,2,2,610,6,1446,490,4528,1930,1510,214,212,1584,6444,18,142,15174,220,340,76,66,0,22,8352,70,34,168,4,10,0,2,442,2,602,208,512,0,300,26,16,24,0,1308,0,66,14,14,198,8,144,38,0,0,58,54,2038,32,18,12,442,4,0,5890,2050,256,2302,156,4404,68,264,622,2,24,2612,108,1892,30,214,922,1262,4186,74,3666,238,42,10128,0,0,4,54,6,0,0,786,6,2,8,710,734,5550,2,0,6,30,0,0,6,1828,16,4,0,2,20,162,1694,0,7636,122,104,958,94,104636,90,4,0,74,0,922,6,2,2,32,1720,46,44
CIV,0,0,0,0,6,0,0,10,8,0,0,24,8,0,4,64,64,0,100,6,6,0,0,6,2,0,0,2,14,4,4,0,4,2,56,120,8,26,0,76,32,14,0,12,2,0,10,4,0,0,4,8,80,2,0,8,0,14,14,14,0,12,8,22,8,2,0,318,0,0,12,146,2,58,0,38,8,2,0,8,0,2,0,2,2,0,6,0,10,12,24,8,4,0,4,8,40,8,8,16,2,30,2,6,0,0,10,4,0,8,4,0,0,0,4,2,4,18,6,0,28,0,2,14,0,10,0,2,34,2,4,2,2,18,16,0,8,14,8,6,0,24,40,0,0,28,8,6,6,0,6,6,12,12,0,6,8,0,12,2,4,6,12,14,14,6,8,84,8,0,0,2,10,0,0,0,8,0,2,4,4,6,22,2,0,6,0,0,6,42,8,0,0,0,2,2,16,8,0,12,40,48,0,6,138,0,0,0,8,0,18,0,0,0,2,42,10,4
CMR,0,2,6,14,10,0,0,46,20,2,0,114,48,0,14,192,78,0,64,22,34,24,0,8,12,0,0,10,98,4,8,14,30,12,148,126,42,128,76,0,72,40,0,58,0,0,26,4,0,0,6,38,278,2,0,38,10,28,24,62,0,98,30,58,48,2,0,556,0,14,44,382,18,118,0,32,16,2,2,36,0,2,0,12,2,0,24,0,20,54,124,26,48,16,18,42,152,18,46,102,22,118,20,8,0,0,48,6,0,36,4,0,0,0,24,0,6,24,18,0,34,0,2,16,0,44,0,2,32,2,14,2,8,50,6,0,12,28,54,16,12,14,144,2,0,112,54,34,38,24,52,30,36,28,0,16,46,0,48,10,14,26,52,62,30,50,20,90,40,0,0,2,14,2,0,2,36,0,2,4,20,10,52,2,0,6,2,0,22,12,26,0,0,0,2,6,36,52,0,46,78,108,20,8,474,0,0,0,12,0,56,0,0,0,10,304,44,12
COD,0,8,2,10,2,0,0,14,14,0,0,44,22,0,16,306,42,0,30,20,8,12,0,0,0,0,0,2,22,0,2,12,2,2,76,92,16,50,32,72,0,26,0,22,0,0,10,0,0,0,2,8,94,0,0,28,0,14,12,26,0,28,14,32,16,0,0,134,0,12,16,170,6,32,0,36,10,0,0,14,0,0,16,2,0,0,8,2,6,24,42,16,14,12,10,18,34,4,12,42,10,100,14,2,0,0,24,2,2,14,6,0,0,0,10,0,4,22,2,0,2,0,0,10,0,20,0,2,18,0,8,0,2,32,10,0,0,12,16,0,12,14,44,2,0,48,28,20,14,8,38,12,16,16,0,6,20,0,18,2,8,10,16,16,40,12,6,30,16,0,0,0,10,0,0,0,16,0,0,0,14,2,38,0,0,0,2,0,6,18,14,0,0,0,0,0,8,14,0,14,52,76,14,4,362,0,0,0,4,2,26,0,0,0,6,72,44,2
COG,0,2,0,0,0,0,0,0,0,0,0,18,2,0,0,14,16,0,20,0,2,0,0,0,0,0,0,0,8,0,0,0,2,4,12,50,2,8,14,40,26,0,0,2,0,0,0,0,0,0,0,2,44,0,0,12,0,0,0,10,0,12,0,6,0,0,0,82,0,0,30,64,0,20,0,12,8,0,0,0,0,0,0,0,0,0,2,2,0,4,16,0,2,0,0,0,10,0,0,2,0,20,2,2,0,0,0,0,0,4,10,0,0,0,2,0,0,0,0,0,0,0,0,0,0,0,0,0,4,0,2,0,0,8,10,0,0,4,4,2,0,10,12,0,0,0,4,4,2,6,2,0,0,8,0,2,0,0,0,0,0,0,0,0,4,4,2,22,4,0,0,0,10,0,0,0,0,2,0,0,0,0,14,0,0,0,0,0,6,12,2,0,0,0,0,0,0,0,0,2,8,14,0,0,108,0,0,0,0,2,14,0,0,0,0,16,18,20
COK,0,0,0,0,0,0,0,0,0,0,0,8,0,0,0,0,0,0,0,2,0,0,0,0,0,0,0,0,2,0,0,0,0,0,0,2,0,0,0,0,0,0,0,0,0,0,0,0,0,0,0,0,2,0,0,0,0,0,0,0,0,0,0,0,0,2,0,6,0,0,0,4,0,0,0,0,0,0,0,0,0,0,0,0,0,0,0,0,0,0,0,0,0,0,0,0,0,0,0,4,0,0,0,0,0,0,0,0,0,0,0,0,0,0,0,0,0,0,0,0,0,0,0,0,0,0,0,0,0,0,0,0,0,0,0,0,0,0,0,0,2,0,0,0,0,0,0,0,8,0,0,0,0,0,0,0,0,0,0,0,0,0,0,0,0,0,0,2,2,0,0,0,0,0,0,0,0,0,0,0,0,0,0,0,0,0,0,0,0,0,0,0,0,0,0,0,0,0,0,0,0,0,0,0,8,0,0,0,0,0,0,0,0,0,0,2,0,0
COL,0,2,0,16,18,4,0,74,1008,422,0,772,548,184,8,568,30,2,14,54,478,22,2,8,436,4,0,82,2006,16,10,14,6,0,870,922,1078,950,12,58,22,2,0,0,2,0,200,146,0,4,260,546,1318,0,0,414,36,46,604,334,0,2458,288,48,410,6,0,1404,0,16,2,2034,446,52,0,2,6,0,0,512,14,2,72,8,6,26,274,0,468,78,480,448,366,50,38,302,1174,32,48,482,24,98,24,4,0,0,396,14,2,88,0,2,0,0,266,0,256,36,246,0,234,6,2,2,0,1448,0,8,6,2,14,2,14,28,0,0,8,10,524,8,12,0,114,28,0,862,368,38,398,20,320,142,380,212,0,14,762,0,712,64,188,254,442,760,22,138,12,8,106,0,0,6,4,20,0,0,488,0,4,8,220,228,426,0,0,6,4,0,0,0,322,0,0,0,2,14,32,570,0,514,36,52,436,188,3680,10,0,0,348,2,214,0,2,0,12,414,24,14
COM,0,0,0,0,0,0,0,0,2,0,0,2,2,0,0,6,0,0,0,0,0,0,0,0,0,0,0,0,4,2,0,0,2,0,2,2,2,2,2,0,0,0,0,2,0,0,2,2,0,2,0,0,2,0,0,2,0,0,2,2,0,4,0,2,2,0,0,14,0,0,0,8,0,0,0,0,2,0,0,0,2,0,0,0,0,0,0,0,2,0,2,0,2,0,2,2,4,2,0,4,0,0,0,0,0,0,2,0,0,0,0,0,0,0,0,0,0,0,0,0,4,0,0,6,0,2,0,0,2,0,0,0,2,0,0,0,8,0,0,0,0,0,2,0,0,2,2,0,2,0,0,0,2,0,0,0,2,0,2,2,0,0,0,2,0,2,0,2,0,0,0,0,0,0,0,0,0,0,0,2,0,0,2,0,0,6,0,0,0,0,0,0,0,0,0,2,0,2,0,2,0,0,0,2,2,0,0,0,2,0,0,0,0,0,0,2,0,0
CPV,0,0,4,0,0,0,0,0,0,0,0,6,4,0,0,4,0,0,0,0,0,0,0,0,0,0,2,0,12,0,0,0,0,0,2,4,0,2,0,0,0,0,0,0,0,0,0,0,0,0,0,0,8,0,0,4,0,0,0,0,0,18,0,0,0,0,0,8,0,0,2,28,0,2,0,0,0,0,0,0,0,0,0,0,0,0,0,0,2,0,0,0,0,0,0,0,0,0,0,0,0,0,0,0,0,0,0,0,0,0,0,0,0,0,0,0,0,0,0,0,0,0,0,2,0,2,0,0,0,0,0,0,0,4,2,0,0,0,0,0,0,0,2,0,0,0,2,0,0,0,0,0,0,0,0,0,0,0,46,0,0,0,0,0,0,2,0,2,0,0,0,0,0,2,0,0,0,0,4,0,0,0,0,0,0,0,0,0,0,0,0,0,0,0,0,0,0,0,0,0,0,0,0,0,14,0,0,0,0,0,0,0,2,0,0,4,0,0
CRI,0,2,0,10,4,0,0,18,166,0,0,124,52,0,6,70,20,0,0,20,16,12,4,4,0,4,2,18,256,10,2,12,6,0,150,88,194,72,10,26,10,0,0,200,2,0,0,28,0,4,10,28,224,0,0,62,16,22,96,26,0,270,18,24,36,6,0,212,0,10,2,262,6,18,0,0,6,0,0,22,2,2,46,2,4,24,6,0,16,34,58,22,28,14,16,30,124,14,24,68,14,40,14,2,0,0,32,10,2,24,0,2,0,0,14,0,6,20,6,0,10,0,4,2,2,224,0,2,0,2,12,2,4,22,0,0,6,2,38,4,10,26,30,52,0,106,52,20,44,8,28,76,104,38,0,12,44,0,52,18,14,8,26,54,10,40,0,0,26,0,0,2,0,24,0,0,26,0,2,8,20,4,68,2,0,6,0,0,0,0,18,0,0,0,2,8,8,24,0,38,28,22,16,66,734,2,0,0,78,0,40,0,0,0,8,74,12,0
CUB,0,0,6,0,2,0,0,4,94,58,0,48,84,30,2,186,4,0,2,8,4,0,2,8,0,2,0,22,402,8,2,0,2,0,120,168,130,144,4,4,0,0,0,146,2,0,28,0,0,2,4,72,198,0,0,88,18,4,154,24,0,418,8,6,74,2,0,184,0,0,0,208,0,10,0,2,2,0,0,118,2,2,28,0,2,30,66,0,74,66,98,10,18,0,6,20,240,8,6,88,2,18,2,2,0,0,80,12,0,6,0,0,0,0,6,0,4,6,4,0,8,2,2,0,0,456,0,2,0,2,4,2,2,6,0,0,8,2,54,0,0,0,16,6,0,106,86,4,16,4,70,16,130,10,0,0,122,0,86,42,4,4,64,90,0,20,2,0,12,0,0,2,0,14,0,0,12,0,2,4,64,6,106,0,0,6,2,0,0,0,78,0,0,0,2,4,6,80,0,10,4,6,62,50,358,0,0,0,60,0,30,0,0,0,2,96,0,2
CUW,2,0,0,0,0,0,0,0,0,0,0,2,2,0,0,0,0,0,0,0,0,0,0,0,0,0,0,0,0,0,0,0,0,0,0,0,0,0,0,0,0,0,0,0,0,0,0,0,0,0,0,0,6,0,0,0,0,0,0,0,0,4,0,0,0,0,0,4,0,0,0,10,0,0,0,0,0,0,0,0,0,0,0,0,0,0,0,0,0,2,6,0,0,0,0,0,2,0,0,0,0,0,0,0,0,0,0,0,0,0,0,0,0,0,0,0,0,0,0,0,0,0,0,0,0,0,0,0,0,0,0,0,0,0,0,0,0,0,0,0,0,0,0,0,0,54,0,0,0,0,0,0,0,0,0,0,0,0,2,0,0,0,0,0,0,0,0,0,0,0,0,0,0,0,0,0,0,0,0,0,0,0,0,0,0,0,0,0,0,0,0,0,0,0,0,0,0,0,0,0,0,0,0,0,24,0,0,0,0,0,0,0,0,0,0,0,0,0
CYM,0,0,0,0,0,0,0,2,2,0,0,10,2,0,0,2,0,2,0,0,2,0,2,0,2,0,4,0,6,4,2,0,2,0,12,2,2,4,0,0,0,0,0,4,2,0,4,2,0,0,0,0,4,0,0,2,2,0,2,4,0,4,0,2,4,0,0,4,0,0,0,14,2,0,0,0,2,0,0,0,2,0,0,0,0,0,0,0,2,0,8,2,2,0,2,4,6,4,0,4,0,0,0,0,0,0,4,0,0,0,0,0,0,0,0,0,0,0,0,0,2,0,0,0,0,6,0,0,0,0,0,0,2,0,0,0,2,0,0,0,0,0,4,0,0,4,2,0,2,0,0,2,2,0,0,0,4,0,2,4,2,0,0,2,0,2,0,0,0,0,0,0,0,0,0,0,0,0,0,2,0,0,2,0,0,2,0,2,0,0,0,0,0,0,0,6,0,2,0,2,0,0,2,4,34,0,0,0,4,0,0,0,0,0,0,4,0,0
CYP,0,0,0,0,16,0,0,28,20,244,0,138,336,8,0,436,4,0,4,8,284,0,0,18,250,0,0,2,278,6,8,2,2,0,148,394,36,324,4,6,2,0,0,260,0,0,10,4,0,0,0,346,702,0,0,148,2,16,230,258,0,588,314,4,366,2,0,530,0,0,0,1026,246,6,0,0,0,0,0,1076,2,2,0,0,0,0,314,0,306,16,304,330,298,0,12,120,728,6,22,78,22,4,10,0,0,0,292,10,0,24,0,6,0,0,234,0,284,12,250,0,14,0,10,0,0,266,0,30,0,50,4,12,14,6,0,0,6,0,256,0,0,0,10,0,0,268,64,6,252,8,294,8,10,6,0,0,382,0,398,4,6,234,136,340,0,50,2,2,18,0,0,2,2,2,2,0,294,0,0,2,48,60,252,0,0,4,2,0,0,0,254,0,0,0,2,2,18,618,0,280,6,6,258,6,772,6,0,0,8,0,12,0,0,2,2,42,0,0
CZE,0,0,0,0,42,6,0,80,514,532,0,1248,2356,226,2,1830,8,0,10,18,838,4,0,92,506,2,0,10,1302,4,20,2,10,6,1456,2428,444,1846,8,38,8,2,0,546,0,0,28,72,0,0,346,0,5418,0,0,1252,6,56,258,444,2,2944,634,26,1322,2,0,3684,2,0,4,5130,484,28,4,2,0,0,0,1418,6,10,8,2,2,0,744,0,1584,114,1174,824,556,10,66,688,3570,16,40,1572,48,26,14,6,0,0,1052,52,2,32,0,2,0,4,250,0,728,42,608,0,224,4,32,4,0,612,0,64,0,34,4,22,36,6,0,0,12,4,618,24,0,0,44,0,0,2014,944,16,460,26,432,36,130,42,0,32,2968,0,1402,12,176,296,1040,2274,0,208,18,8,240,0,0,2,4,2,4,2,750,0,2,8,2688,918,1820,0,0,4,12,0,2,0,402,0,0,0,2,12,52,986,0,698,22,30,854,20,5258,36,2,0,36,2,150,0,2,16,2,566,6,4
DEU,0,6,20,16,84,2,0,478,1912,656,0,11500,13368,286,24,9902,112,0,122,314,1470,38,6,142,748,6,20,76,6140,18,44,28,68,6,12254,20486,2450,15634,80,278,94,44,2,1318,2,8,224,198,6,4,702,5418,0,2,14,8174,22,238,536,2040,4,17014,1168,348,5216,20,6,24442,2,18,126,39784,644,288,6,38,50,4,0,4482,16,20,38,18,8,12,1520,6,3780,656,4652,3224,1846,210,544,4170,20948,22,332,9150,182,508,100,34,0,8,4192,164,24,264,12,24,2,86,340,0,1096,754,812,0,458,56,216,120,0,2108,0,196,44,150,58,38,126,70,8,2,30,82,1106,108,28,26,336,22,0,18514,4800,174,2072,142,1282,170,336,400,0,26,7608,10,4230,52,246,564,2594,9474,48,1680,96,78,1864,2,0,2,42,18,2,4,1364,8,4,16,1382,1606,10920,18,0,18,40,0,10,20,1032,22,2,2,2,28,300,2952,0,2176,282,200,1948,180,54138,104,42,0,146,4,828,2,2,14,26,2808,78,42
DJI,0,0,0,0,0,0,0,0,0,0,0,2,0,0,0,2,0,0,0,0,0,0,0,0,0,0,0,0,0,0,0,0,0,2,4,2,0,0,2,2,0,0,0,0,0,0,0,0,0,0,0,0,2,0,0,0,0,2,0,0,0,0,0,6,0,0,0,32,0,0,0,6,0,0,0,0,0,0,0,0,0,0,0,0,0,0,0,0,0,2,2,0,0,0,0,0,10,0,0,0,0,0,0,0,0,0,0,0,0,2,0,0,0,0,0,0,0,0,0,0,0,0,0,0,0,0,0,0,0,0,0,0,0,0,0,0,0,0,0,0,0,2,0,0,0,2,0,0,0,0,0,0,0,0,0,0,0,0,0,0,0,0,2,2,0,0,0,2,0,0,0,0,0,0,0,0,0,0,0,0,0,0,0,0,0,0,0,0,0,0,2,0,0,0,0,0,2,0,0,0,0,0,0,0,6,0,0,0,0,0,0,0,0,0,0,2,0,0
DMA,0,0,0,0,0,0,0,0,2,0,0,0,12,0,0,0,0,0,0,0,0,0,0,0,0,0,2,0,2,2,0,0,0,0,2,4,0,0,0,0,0,0,0,0,0,0,0,0,0,0,0,0,14,0,0,0,0,0,2,0,0,0,0,0,0,0,0,0,0,0,0,6,0,0,0,0,0,0,0,0,0,0,0,0,0,0,0,0,2,0,6,0,0,0,0,2,0,0,0,2,0,0,0,0,0,0,0,0,0,0,0,0,4,0,0,0,0,0,0,0,2,0,0,0,0,0,0,0,0,0,0,0,0,0,0,0,0,0,2,0,0,0,0,0,0,0,0,0,4,0,0,0,0,0,0,0,0,0,0,0,0,0,2,0,0,2,0,0,2,0,0,0,0,0,0,0,0,0,0,0,0,0,0,0,0,0,0,0,0,0,0,0,0,0,0,2,0,0,0,0,0,0,0,0,46,0,0,0,0,0,0,0,0,0,0,2,0,0
DNK,0,8,6,14,28,2,0,118,550,266,0,3252,2046,216,14,2578,46,0,48,88,432,36,0,40,246,6,6,36,1610,8,6,18,12,0,3174,3404,610,3702,8,38,28,12,0,414,2,4,62,88,0,2,148,1252,8174,0,0,0,4,46,84,226,0,4164,484,68,2302,6,0,4768,4,14,14,11258,232,144,2,2,12,74,0,1380,2,170,12,4,4,2,406,0,1040,148,924,1058,488,28,514,956,4706,12,54,1824,36,146,30,12,0,26,918,50,10,80,4,10,0,18,52,0,448,154,352,0,234,10,22,6,0,484,0,82,14,56,18,16,20,28,6,0,8,36,470,14,22,12,96,2,0,4822,3398,58,530,50,260,34,150,78,0,14,1678,0,1450,16,182,122,894,1332,14,262,8,40,502,0,0,2,12,2,2,0,452,0,2,8,702,740,5684,0,0,8,4,0,4,0,242,4,0,0,2,40,38,808,0,504,176,150,366,82,11722,4,0,0,32,2,132,2,2,6,10,812,38,40
DOM,0,0,0,0,4,0,0,2,26,0,0,4,4,0,0,12,0,0,2,0,8,6,0,2,2,0,0,8,36,2,2,2,4,0,12,20,22,14,0,10,0,0,0,36,0,0,16,18,0,2,2,6,22,0,0,4,0,0,14,10,0,72,2,6,4,0,0,24,0,0,0,32,4,8,0,0,0,0,0,6,0,0,12,0,0,12,10,2,4,4,10,4,2,0,0,6,22,6,8,10,6,0,0,0,0,0,2,0,0,2,0,0,0,0,0,0,0,0,2,0,8,0,0,0,0,36,0,0,0,0,0,0,2,0,0,0,2,0,10,0,2,0,8,10,0,14,4,2,4,8,0,22,20,6,0,0,6,0,4,10,0,8,4,8,0,2,2,2,4,0,0,0,4,8,0,0,6,0,0,0,0,2,4,0,0,0,0,0,0,0,4,0,0,0,0,2,4,4,0,8,0,2,2,12,166,0,0,0,16,0,2,0,0,0,0,6,0,0
DZA,0,2,2,14,14,0,0,140,26,0,0,92,60,2,8,220,28,0,4,36,36,42,0,4,6,0,0,2,86,4,2,14,2,0,364,118,46,264,14,28,14,0,0,46,0,0,22,4,0,0,16,56,238,2,0,46,0,0,22,188,0,498,34,38,74,6,0,3202,0,18,0,428,14,32,0,2,4,0,0,60,0,2,0,2,0,2,28,0,28,32,162,50,116,44,18,44,376,14,94,94,24,32,26,0,0,2,86,22,0,78,0,14,0,0,26,0,12,30,8,0,178,0,2,0,0,76,0,4,2,8,14,6,0,22,0,0,4,8,130,4,12,4,44,0,0,64,52,32,36,28,72,20,30,32,0,6,74,0,162,4,26,70,72,90,16,492,8,14,44,0,0,2,0,0,0,0,52,0,0,2,36,20,74,0,0,6,10,0,0,0,14,2,0,0,2,0,296,234,0,44,20,18,38,6,334,2,0,0,14,0,50,0,0,0,16,146,18,2
ECU,0,2,0,12,8,0,0,24,252,226,2,156,290,0,6,410,20,0,2,20,242,12,2,6,226,2,0,60,624,10,6,10,4,0,156,300,342,332,14,24,12,0,0,604,2,0,96,154,0,2,230,258,536,0,2,84,14,22,0,262,0,1436,244,18,254,6,2,496,0,10,4,620,228,24,0,2,4,0,0,266,2,2,46,10,6,36,234,0,254,26,290,260,252,18,16,38,400,12,18,74,14,28,14,0,0,0,268,6,0,18,0,0,0,0,230,0,230,14,226,0,16,0,2,4,2,604,0,2,0,2,12,2,6,16,0,0,6,0,274,6,12,0,24,20,0,170,60,18,270,8,246,74,240,30,0,8,290,0,368,60,12,236,36,290,10,50,2,2,26,0,0,2,2,16,0,0,244,0,2,8,20,8,80,0,0,8,0,0,0,0,244,2,0,0,2,6,20,256,0,254,22,24,244,46,1228,6,0,0,332,0,44,0,0,0,6,82,12,0
EGY,0,10,4,16,22,0,0,452,96,250,0,516,460,10,8,634,36,0,12,122,318,78,0,16,256,0,2,10,488,6,22,14,8,0,1190,534,82,1452,14,62,26,10,0,334,2,0,26,24,0,4,258,444,2040,0,0,226,10,188,262,0,0,936,284,84,446,6,0,1026,0,18,4,2026,260,68,0,4,6,0,0,428,4,2,0,2,0,6,296,0,370,94,1008,372,566,84,30,114,1038,22,196,1336,40,94,26,8,0,0,872,256,2,278,4,86,0,0,276,0,254,48,252,0,122,0,4,0,0,438,0,8,0,16,14,8,16,30,2,0,14,8,594,6,12,2,132,0,0,404,170,48,336,164,582,28,50,80,0,8,552,0,418,22,52,590,162,602,18,5896,86,16,138,0,0,2,14,4,2,6,334,2,4,4,72,66,356,0,0,10,38,0,4,4,334,4,0,0,2,14,152,654,0,456,44,50,298,16,4138,18,0,0,26,0,142,0,0,8,190,294,30,2
ERI,0,0,0,0,0,0,0,0,0,0,0,2,0,0,0,0,0,0,0,0,0,0,0,0,0,0,0,0,2,0,0,0,0,0,0,12,0,14,0,0,0,0,0,0,0,0,0,0,0,0,0,2,4,0,0,0,0,0,0,0,0,2,0,0,2,0,0,6,0,0,0,4,0,0,0,0,0,0,0,0,0,0,0,0,0,0,2,0,0,0,10,0,0,0,0,0,4,0,0,0,0,2,0,0,0,0,2,0,2,0,0,0,0,0,0,0,0,0,0,0,0,0,0,0,0,0,0,0,0,0,0,0,0,2,0,0,2,0,10,0,0,0,0,0,0,4,2,2,2,14,0,0,2,0,0,0,0,0,8,0,0,2,0,2,0,4,4,0,0,0,0,0,0,0,0,0,0,0,0,0,0,0,0,0,0,0,0,0,0,0,4,0,0,0,0,0,0,0,0,2,0,0,0,0,12,0,0,0,0,0,0,0,0,0,0,4,0,2
ESP,2,6,38,16,74,24,0,306,2646,524,0,5562,3940,238,8,6116,40,0,38,92,1088,30,0,74,618,8,12,84,6266,10,14,16,14,0,5644,7338,3466,5248,12,98,28,12,0,2458,4,18,270,418,4,4,588,2944,17014,0,0,4164,72,498,1436,936,2,0,852,158,2906,18,4,15974,2,18,28,22786,546,82,6,8,34,6,12,3450,6,18,74,14,4,58,946,4,2258,188,2416,2304,1296,100,308,1966,16500,24,126,3908,56,166,36,32,0,2,2232,140,6,216,6,12,0,6,298,0,924,278,672,0,714,66,52,34,0,4054,0,116,26,162,18,22,36,256,2,0,18,24,836,32,24,10,188,52,0,8524,2800,44,1080,82,570,136,656,232,2,56,4396,2,6598,116,228,478,1928,3352,24,1072,32,50,726,0,0,4,6,24,2,4,1062,12,10,6,1016,1178,5738,8,0,20,16,0,0,2,658,0,0,2,4,12,766,2046,0,1420,142,86,1044,430,24618,48,14,0,384,0,330,2,0,8,20,1446,56,14
EST,0,4,0,12,26,2,0,44,64,252,0,298,594,6,8,672,22,0,4,28,434,18,0,34,284,0,0,10,478,4,6,14,2,0,246,686,68,602,8,30,14,0,0,288,0,0,18,8,0,0,314,634,1168,0,0,484,2,34,244,284,0,852,0,32,1204,2,0,852,2,16,0,1606,264,28,2,2,4,0,0,550,0,6,6,2,2,0,386,0,572,40,464,520,310,18,104,158,906,12,34,244,26,28,26,2,0,0,440,26,0,42,0,0,0,2,260,0,550,50,572,0,22,0,22,0,0,318,0,20,0,30,14,10,8,20,0,0,6,4,286,10,12,0,44,0,0,548,318,24,332,16,288,28,44,46,0,8,710,0,568,10,18,246,274,696,14,106,8,4,82,0,0,2,4,2,2,0,340,0,2,6,232,230,848,2,0,4,2,0,0,0,264,0,0,0,2,6,30,390,0,290,22,28,370,14,1070,8,0,0,12,0,60,0,2,8,10,88,20,0
ETH,0,4,2,16,2,0,0,46,10,0,0,266,82,0,16,276,40,0,24,68,18,28,0,2,0,0,0,4,74,6,2,18,68,0,238,202,34,206,22,58,32,6,0,48,2,0,24,6,0,2,4,26,348,6,0,68,6,38,18,84,0,158,32,0,80,8,0,154,0,18,2,624,12,100,0,12,16,4,0,28,2,0,0,0,2,0,14,2,8,42,332,36,82,28,24,50,150,6,50,120,24,248,24,8,2,0,138,8,6,34,4,8,0,0,28,0,4,36,6,0,20,2,6,10,0,60,0,2,14,2,18,2,8,58,0,0,14,44,68,16,12,8,130,0,0,358,226,48,60,32,84,18,52,34,0,4,46,0,62,2,20,24,24,74,60,90,44,26,48,0,0,2,6,0,0,2,38,4,0,4,22,4,184,16,0,8,0,0,6,6,18,0,0,0,2,4,14,42,0,72,126,116,20,6,1008,0,0,0,4,0,34,0,2,0,16,332,50,24
FIN,0,2,4,16,28,2,0,108,182,304,0,1632,1610,44,8,1780,28,0,32,64,560,22,0,34,330,0,0,14,1138,6,10,16,8,0,1668,2184,274,2630,8,48,16,0,0,410,2,0,36,74,0,4,366,1322,5216,0,0,2302,4,74,254,446,2,2906,1204,80,0,8,0,3518,2,18,6,6826,280,74,2,2,12,4,0,1312,4,10,8,2,2,4,568,0,1128,156,1170,1024,502,40,328,560,3296,18,84,1522,52,92,32,2,0,0,1014,84,4,72,0,14,0,8,272,0,726,102,650,0,40,4,22,8,0,530,0,40,2,54,18,6,32,30,0,0,12,50,408,22,12,2,104,4,0,2748,1994,62,572,34,498,40,146,62,0,10,1588,0,1188,20,34,328,636,2206,18,316,16,14,376,0,0,2,6,2,2,4,456,0,6,10,480,530,4674,4,0,6,4,0,0,0,384,4,0,0,2,8,54,750,0,434,68,54,606,30,6248,18,0,0,44,0,106,0,0,4,12,562,20,4
FJI,0,0,0,0,2,0,0,6,4,0,0,192,6,0,0,6,2,0,0,24,2,0,0,2,0,0,0,0,16,2,2,0,0,0,30,20,4,14,2,2,0,0,2,6,0,0,6,2,0,0,2,2,20,0,0,6,0,6,6,6,0,18,2,8,8,0,0,42,0,6,0,70,0,4,0,0,0,0,0,6,0,0,0,0,0,0,2,0,2,8,40,2,6,2,2,6,26,2,8,36,2,8,2,2,8,0,18,2,0,4,0,0,0,0,2,0,2,2,2,0,2,2,4,0,0,10,4,2,0,2,2,2,0,4,0,0,2,0,28,0,2,0,8,0,0,6,6,4,48,0,14,2,6,8,0,0,6,0,12,0,4,0,2,6,2,10,2,0,4,0,0,12,0,0,0,0,4,0,0,4,2,2,14,0,0,2,0,0,0,0,4,0,0,2,2,0,6,6,4,4,2,2,0,2,90,0,0,0,2,0,10,0,8,0,4,18,0,0
FLK,0,0,0,0,0,0,0,0,2,0,0,8,0,0,0,0,0,0,0,0,0,0,0,0,0,0,0,0,2,0,0,0,0,0,4,0,4,0,0,0,0,0,0,0,0,0,0,0,0,0,0,0,6,0,0,0,0,0,2,0,0,4,0,0,0,0,0,4,0,0,0,30,0,0,0,0,0,0,0,0,0,0,0,0,0,0,0,0,0,0,0,0,0,0,2,0,0,0,0,0,0,0,0,0,0,0,0,0,0,0,0,0,0,0,0,0,0,0,0,0,0,0,0,0,0,0,0,0,0,0,0,0,0,0,0,0,0,0,0,2,0,0,0,0,0,0,2,0,8,0,0,0,2,0,0,0,0,0,4,0,0,0,0,0,0,0,0,0,0,0,0,0,0,0,0,0,0,0,0,0,0,0,0,0,0,0,0,0,0,0,0,0,0,0,0,0,0,0,0,2,0,0,0,2,2,0,0,0,0,0,0,0,0,0,0,6,0,0
FRA,0,12,14,12,62,8,0,516,1798,660,0,7974,4900,240,24,10666,298,0,384,144,1118,38,6,68,594,4,12,96,6014,8,22,22,36,38,11672,12898,2240,10352,318,556,134,82,6,1404,14,8,212,184,4,4,530,3684,24442,32,0,4768,24,3202,496,1026,6,15974,852,154,3518,42,4,0,2,16,158,29134,544,130,4,124,44,2,2,3674,4,10,38,166,10,8,1102,20,2582,436,3560,2566,1228,138,372,2754,20202,28,130,7046,104,348,32,156,0,12,2922,134,66,1534,8,60,0,12,290,0,938,626,674,0,2112,258,64,222,4,2294,2,94,150,152,36,38,40,102,52,0,64,56,1084,42,244,118,206,20,0,10976,3336,76,1490,74,820,68,442,354,2,42,5496,0,4008,40,224,638,2630,5996,32,1506,62,590,1524,0,0,10,10,18,4,2,1054,18,6,22,1080,1264,6770,24,0,40,72,2,28,84,1198,10,0,0,2,28,3902,2198,2,1624,126,166,1460,238,36270,30,16,0,198,0,1026,12,6,20,20,2192,70,56
FRO,0,0,0,0,2,2,0,0,0,2,0,0,2,0,0,2,0,0,0,0,2,0,0,2,2,0,0,0,0,0,0,0,0,0,0,2,0,0,0,0,0,0,0,0,0,0,0,0,0,0,0,2,2,0,0,4,0,0,0,0,0,2,2,0,2,0,0,2,0,0,0,4,2,0,0,0,0,0,0,2,0,0,0,0,0,0,2,0,2,0,0,2,0,0,2,0,2,0,0,0,0,0,0,0,0,0,0,0,0,0,0,0,0,0,0,0,2,0,2,0,0,0,2,0,0,0,0,2,0,0,0,2,0,0,0,0,0,0,0,0,0,0,0,0,0,2,2,0,0,0,0,0,0,0,0,0,2,0,2,0,0,0,2,2,0,0,0,0,0,0,0,0,0,0,0,0,2,0,0,0,2,2,4,0,0,0,0,0,0,0,0,0,0,0,0,0,0,2,0,0,0,0,2,0,0,0,0,0,0,0,0,0,0,0,0,0,0,0
FSM,0,2,0,12,0,0,0,14,2,0,0,26,12,0,8,14,14,0,0,18,10,16,0,0,0,0,0,2,18,0,0,14,0,0,20,16,14,18,0,14,12,0,0,16,0,0,10,0,0,0,0,0,18,0,0,14,0,18,10,18,0,18,16,18,18,6,0,16,0,0,0,52,4,16,0,0,4,0,0,12,2,0,0,0,0,0,4,0,0,16,18,16,18,18,14,18,16,4,18,20,12,16,14,0,0,0,20,2,0,16,0,0,0,0,14,0,0,16,0,0,2,0,0,0,0,18,4,0,0,0,10,0,0,14,0,0,0,2,16,2,14,0,18,0,0,14,18,14,16,8,18,12,18,16,2,4,16,0,16,0,14,10,16,18,16,18,0,0,16,0,0,0,0,0,0,0,18,0,0,0,14,0,18,0,0,0,0,0,0,0,0,0,0,0,0,0,6,14,0,16,12,12,14,2,40,0,0,0,0,0,16,0,0,0,10,18,14,0
GAB,0,0,2,0,0,0,0,4,4,0,0,22,34,0,2,30,24,0,26,4,0,0,0,0,0,0,0,2,12,0,2,0,0,6,26,36,0,18,12,44,16,30,0,2,0,2,2,0,0,0,0,4,126,0,0,14,0,0,4,4,0,28,0,2,6,0,0,158,0,0,0,94,0,26,0,12,4,4,0,0,0,0,0,4,0,0,0,0,4,8,8,0,0,0,0,0,22,0,0,18,0,20,0,4,0,0,4,0,0,0,0,0,0,0,2,0,0,0,0,0,6,0,0,4,0,4,0,0,12,0,0,0,0,20,6,0,0,8,2,2,0,6,6,0,0,54,2,0,2,2,4,4,6,6,0,4,0,0,14,0,0,0,0,20,0,0,0,20,4,0,0,0,4,0,0,0,0,0,0,0,0,0,12,0,0,0,0,0,0,6,2,0,0,0,0,2,2,0,0,4,28,14,0,0,116,0,0,0,4,0,8,0,2,0,0,24,0,8
