,ABW,AFG,AGO,AIA,ALB,AND,ANT,ARE,ARG,ARM,ATG,AUS,AUT,AZE,BDI,BEL,BEN,BES,BFA,BGD,BGR,BHR,BHS,BIH,BLM,BLR,BLZ,BMU,BOL,BRA,BRB,BRN,BTN,BWA,CAF,CAN,CHE,CHL,CHN,CIV,CMR,COD,COG,COK,COL,COM,CPV,CRI,CUB,CUW,CYM,CYP,CZE,DEU,DJI,DMA,DNK,DOM,DZA,ECU,EGY,ERI,ESP,EST,ETH,FIN,FJI,FLK,FRA,FRO,FSM,GAB,GBR,GEO,GHA,GIB,GIN,GMB,GNB,GNQ,GRC,GRD,GRL,GTM,GUF,GUY,HND,HRV,HTI,HUN,IDN,IND,IOT,IRL,IRN,IRQ,ISL,ISR,ITA,JAM,JOR,JPN,KAZ,KEN,KGZ,KHM,KIR,KNA,KOR,KWT,LAO,LBN,LBR,LBY,LCA,LIE,LKA,LSO,LTU,LUX,LVA,MAF,MAR,MCO,MDA,MDG,MDV,MEX,MHL,MKD,MLI,MLT,MMR,MNE,MNG,MOZ,MRT,MSR,MUS,MWI,MYS,NAM,NCL,NER,NGA,NIC,NLD,NOR,NPL,NRU,NZL,OMN,PAK,PAN,PER,PHL,PLW,PNG,POL,PRK,PRT,PRY,PSE,PYF,QAT,ROU,RUS,RWA,SAU,SDN,SEN,SGP,SHN,SJM,SLB,SLE,SLV,SMR,SOM,SRB,SSD,STP,SUR,SVK,SVN,SWE,SWZ,SXM,SYC,SYR,TCA,TCD,TGO,THA,TJK,TKM,TLS,TON,TTO,TUN,TUR,TUV,TWN,TZA,UGA,UKR,URY,USA,UZB,VAT,VCT,VEN,VGB,VNM,VUT,WSM,XKX,YEM,ZAF,ZMB,ZWE
ABW,0,0,0,0,0,0,0,0,0,0,0,2,0,0,0,3,0,0,0,1,0,0,0,0,0,0,0,0,0,3,0,0,0,0,0,3,1,0,0,0,0,0,0,0,1,0,0,0,0,2,0,0,0,1,0,0,0,0,0,0,0,0,0,0,0,0,0,0,1,0,0,0,0,0,0,0,0,0,0,0,0,0,0,0,0,0,0,0,0,0,0,1,0,0,0,0,0,0,0,0,0,2,0,0,0,0,0,3,0,0,0,0,0,0,0,0,0,0,0,0,0,0,0,0,0,0,0,0,0,0,0,0,0,0,0,0,0,0,0,0,0,0,0,0,0,0,4,0,0,0,0,0,0,0,0,0,0,0,0,0,0,0,0,0,0,0,0,0,0,0,0,0,0,0,0,0,0,0,0,0,0,0,0,0,0,1,0,0,0,0,0,0,0,2,0,0,0,0,0,0,0,0,0,0,0,0,0,14,0,0,0,0,0,0,0,0,0,0,0,0,0
AFG,0,0,1,0,2,0,0,1,1,3,0,4,3,1,2,3,1,0,1,10,2,1,0,0,0,1,0,0,1,3,0,0,0,1,2,8,9,2,13,1,1,6,0,0,2,0,0,1,1,0,0,0,2,10,0,0,1,1,1,1,12,0,2,1,4,4,0,0,3,0,0,1,21,1,2,0,1,0,0,0,0,0,0,1,0,0,1,1,2,2,7,21,0,1,29,2,0,1,6,1,7,20,3,3,1,1,0,0,1,0,1,4,0,1,0,0,1,0,1,0,1,0,5,0,0,1,1,3,0,1,2,0,2,0,1,2,1,0,1,2,13,0,0,1,13,1,5,4,5,0,2,2,22,1,3,6,0,1,2,0,2,1,1,0,2,1,1,1,6,5,2,2,0,0,0,0,1,0,3,1,0,0,0,2,1,2,0,0,0,0,0,1,1,4,2,0,1,0,0,3,9,0,1,1,2,1,1,43,1,0,0,2,0,3,0,0,0,3,5,3,2
AGO,0,1,0,0,1,0,0,0,1,1,0,5,3,1,2,3,3,0,3,1,2,0,0,0,0,1,0,0,1,17,0,0,0,2,1,4,7,6,3,5,5,5,1,0,1,0,1,1,1,0,0,0,1,11,0,0,2,1,1,3,2,0,9,1,4,5,0,0,4,0,0,2,18,1,3,0,0,1,1,0,2,0,0,1,0,0,1,1,1,2,1,1,0,1,3,1,0,1,5,1,1,2,1,5,1,1,0,0,2,0,1,1,0,1,0,0,1,1,2,1,1,0,1,0,1,2,0,4,0,1,2,0,1,0,1,5,1,0,0,3,1,6,0,1,6,1,4,4,1,0,1,0,1,1,1,1,0,1,3,0,53,1,0,0,0,2,3,3,1,1,3,1,0,0,0,0,1,0,0,3,1,0,0,2,1,5,1,0,0,0,0,1,2,1,0,0,1,0,0,2,2,0,2,3,4,2,1,19,1,0,0,1,0,2,0,0,0,1,13,5,2
AIA,0,0,0,0,0,0,0,6,6,0,0,8,1,3,0,6,5,0,0,6,3,5,0,0,1,0,0,0,0,6,0,2,0,5,0,11,6,2,6,0,4,0,0,0,6,0,0,3,0,0,1,5,3,6,0,2,5,0,2,0,6,0,7,3,6,6,1,0,4,0,5,0,19,2,7,0,0,0,0,0,3,0,0,0,0,0,0,5,0,3,6,7,0,5,6,6,3,5,6,0,5,6,3,6,6,0,0,0,6,6,0,3,0,3,0,0,5,0,0,2,0,0,0,0,0,0,0,6,0,0,0,0,0,0,0,3,0,0,0,0,6,0,0,0,7,0,7,6,6,0,6,3,6,5,6,6,0,0,6,0,6,1,5,0,6,6,6,6,6,3,0,6,0,0,0,0,0,0,0,6,0,0,0,0,2,5,0,0,0,0,0,0,0,5,0,0,0,0,0,3,2,0,6,3,2,6,0,13,2,0,0,0,0,6,0,0,0,6,6,4,1
ALB,0,2,1,0,0,0,0,2,6,11,0,9,17,2,2,16,2,0,1,2,34,0,0,21,0,9,0,0,1,9,1,1,0,4,1,13,25,3,31,2,3,1,0,0,8,0,1,1,1,0,0,12,24,37,0,0,18,1,6,8,17,0,40,14,3,13,0,0,50,0,0,1,62,16,4,0,0,1,0,0,53,0,0,2,0,0,2,36,2,21,3,19,0,12,6,7,4,14,161,1,6,16,5,7,3,4,0,0,3,0,1,5,0,4,0,0,2,0,16,3,12,0,12,0,4,2,0,6,0,41,1,8,2,30,1,2,1,0,0,2,7,1,0,1,3,2,33,20,2,0,6,0,22,2,3,2,0,1,35,0,22,2,2,0,3,43,19,1,10,2,2,3,0,0,0,0,1,2,0,43,0,0,0,24,34,18,2,0,0,1,0,2,2,1,3,2,1,0,0,10,54,0,11,3,3,10,1,51,1,0,0,5,0,7,0,0,34,1,6,3,3
AND,0,0,0,0,0,0,0,0,0,0,0,0,1,0,0,1,0,0,0,0,0,0,0,0,0,0,0,0,0,0,0,0,0,0,0,6,5,2,1,0,0,1,0,0,0,0,0,0,0,0,0,0,0,2,0,0,0,0,0,0,0,0,16,0,0,0,0,0,7,0,0,0,4,0,0,0,0,0,0,0,0,0,0,0,0,0,0,0,0,0,0,0,0,0,0,0,0,0,2,0,0,0,0,0,0,0,0,0,0,0,0,0,0,0,0,0,0,0,0,0,0,0,0,0,0,0,0,0,0,0,0,0,0,0,0,1,0,0,0,0,1,0,0,0,0,0,1,1,0,0,0,0,0,0,0,0,0,0,0,0,1,0,0,0,0,1,0,0,0,0,0,0,0,0,0,0,0,0,0,0,1,0,0,0,0,0,0,0,0,0,0,0,0,0,0,0,0,0,0,1,0,0,0,0,1,0,0,7,0,0,0,0,0,0,0,0,0,0,0,0,0
ANT,0,0,0,0,0,0,0,0,0,0,0,0,1,0,0,0,0,0,0,0,0,0,0,0,0,0,0,0,0,0,0,0,0,0,0,2,0,0,0,0,0,0,0,0,0,0,0,0,0,0,0,0,0,2,0,0,0,0,0,0,0,0,0,0,0,0,0,0,0,0,0,0,1,0,0,0,0,0,0,0,0,0,0,0,0,0,0,0,0,0,0,0,0,0,0,0,0,0,0,0,0,0,0,0,0,0,0,0,0,0,0,0,0,0,0,0,0,0,0,0,0,0,0,0,0,0,0,0,0,0,0,0,0,0,0,0,0,0,0,0,0,0,0,0,0,0,6,1,0,0,0,0,0,0,0,0,0,0,0,0,2,0,0,0,0,0,0,0,0,0,0,0,0,0,0,0,0,0,0,0,0,0,0,0,0,0,0,0,0,0,0,0,0,0,0,0,0,0,0,0,0,0,0,0,0,0,0,1,0,0,0,0,0,0,0,0,0,0,0,0,0
ARE,0,1,0,6,2,0,0,0,133,64,0,500,153,86,0,118,8,0,2,73,78,68,1,11,1,82,2,0,2,245,1,13,1,10,0,660,224,128,781,0,14,2,0,1,162,0,0,10,3,0,0,30,123,463,0,0,172,3,112,14,586,0,314,26,44,78,3,0,420,0,8,1,1152,101,33,0,1,0,0,0,272,0,1,1,0,2,2,27,1,106,51,640,0,61,202,96,22,151,478,4,414,232,27,35,20,1,1,1,275,127,0,123,0,16,0,0,29,1,12,7,3,1,123,0,0,0,3,70,0,10,3,11,5,2,8,4,4,0,4,2,326,3,1,2,60,0,270,161,26,0,69,140,525,17,26,49,1,5,184,0,182,11,101,0,163,140,241,11,787,31,5,108,0,0,0,1,2,0,0,130,0,0,0,91,109,241,0,0,1,13,2,0,0,70,1,0,0,0,6,128,289,0,181,9,11,36,6,1549,26,1,1,5,0,122,0,3,2,20,237,7,11
ARG,0,1,1,6,6,0,0,133,0,64,0,703,273,89,3,399,11,0,6,65,118,15,1,7,0,84,1,1,77,1434,9,6,0,17,1,811,529,875,551,7,20,5,2,0,626,0,1,104,52,0,0,27,273,1245,0,1,318,36,29,198,90,1,1768,43,32,156,2,2,1095,0,9,1,1411,99,37,1,1,4,0,0,235,2,0,46,4,3,24,62,6,190,41,327,0,102,97,29,17,246,1027,6,37,460,16,66,22,3,0,0,155,34,2,63,0,7,2,0,32,0,46,18,15,0,110,5,2,2,0,665,0,9,2,12,5,1,9,13,1,0,4,6,87,5,1,4,63,17,540,239,35,0,161,17,75,68,262,62,0,3,340,0,353,74,85,0,35,192,283,19,105,8,9,126,1,0,1,2,14,0,0,132,0,0,1,136,156,386,0,0,1,7,0,1,1,93,0,0,1,0,5,38,267,0,161,15,20,53,321,2783,7,4,0,131,0,61,0,0,2,11,356,8,19
ARM,0,3,1,0,11,0,0,64,64,0,3,174,238,116,1,116,1,0,1,7,165,2,0,10,0,171,1,0,2,226,0,0,0,1,1,96,261,75,231,1,1,2,1,0,164,0,0,2,46,0,0,99,233,318,0,0,126,1,7,93,107,0,215,108,5,171,0,1,283,0,0,1,347,192,2,0,0,2,0,0,221,1,2,2,0,0,1,164,4,208,53,184,0,117,111,4,4,84,314,1,6,160,17,5,15,1,0,0,172,2,1,11,0,2,0,0,74,3,102,4,97,0,62,0,14,9,0,156,0,12,1,7,5,73,6,1,1,0,0,2,99,10,0,1,4,2,150,129,3,0,95,3,143,3,57,3,0,1,273,0,176,11,44,0,92,129,383,1,36,3,2,6,0,0,0,0,2,3,0,169,0,0,1,112,77,132,0,0,0,2,0,1,1,142,6,1,1,0,0,11,226,0,159,3,3,179,3,367,22,0,0,14,0,9,0,1,5,3,124,2,2
ATG,0,0,0,0,0,0,0,0,0,3,0,0,0,0,0,0,0,0,0,0,0,0,1,0,0,0,0,0,0,4,0,0,0,0,0,4,3,0,0,0,0,0,0,0,3,0,0,0,0,0,0,0,3,0,0,0,0,0,0,0,5,0,3,0,0,3,0,0,5,0,0,0,8,3,0,0,0,0,0,0,3,2,0,0,0,0,0,0,0,0,0,4,0,0,3,0,0,0,3,0,0,5,0,0,0,0,0,2,3,0,0,0,0,1,0,0,0,0,0,0,0,0,0,0,0,3,0,3,0,0,0,0,0,0,0,0,0,0,0,0,0,0,0,0,1,0,3,0,0,0,0,0,0,0,3,0,0,0,3,0,3,3,0,0,0,3,3,0,0,1,0,0,0,0,0,0,0,0,0,0,0,0,0,0,0,0,0,0,0,0,0,0,0,0,0,0,0,0,0,0,3,0,0,0,0,3,0,21,0,0,0,0,1,2,0,0,0,0,0,0,0
AUS,2,4,5,8,9,0,0,500,703,174,0,0,1534,114,5,2381,20,1,22,818,309,27,5,22,1,202,6,5,30,2480,9,55,58,56,4,6515,3196,976,17378,22,63,17,16,2,575,0,4,63,30,0,2,180,932,7205,0,2,2395,12,86,189,520,3,4049,323,290,1291,147,9,5263,2,14,9,16037,224,248,1,13,39,8,0,867,9,12,27,10,8,25,328,6,614,696,2996,1,1194,1798,329,162,1028,4554,12,200,3593,65,279,31,85,11,2,1983,112,48,130,3,22,1,7,400,1,211,98,136,0,170,49,10,26,11,697,3,30,11,32,69,68,41,43,6,0,27,40,1594,42,73,9,290,7,4535,1489,201,6,3199,120,910,67,164,338,11,125,1297,1,1090,27,100,0,396,401,1304,36,1238,44,42,2014,3,0,40,16,9,0,3,330,1,2,3,224,315,2894,8,0,15,14,2,3,4,874,13,0,23,21,14,90,854,1,1161,115,111,243,88,18779,28,2,1,52,0,1129,20,30,8,24,1840,52,57
AUT,0,3,3,1,17,1,1,153,273,238,0,1534,0,139,3,1567,5,0,19,25,364,4,3,55,0,195,1,1,8,862,2,12,2,8,1,1648,2851,301,1693,5,16,8,3,0,283,0,1,24,68,1,0,200,1392,7803,0,0,1093,7,27,137,232,1,2378,255,59,826,5,1,2895,0,1,11,4643,215,19,1,2,8,0,0,888,1,5,6,6,0,4,502,1,886,98,664,0,525,435,22,77,612,3607,4,101,1107,34,78,13,9,0,0,497,16,5,42,0,10,0,58,88,0,258,85,180,0,111,7,15,8,3,333,0,58,4,47,8,96,15,10,1,0,3,10,196,18,1,3,58,5,2315,877,23,0,321,10,278,18,86,39,0,5,1210,2,817,18,76,0,124,522,1154,8,217,16,17,277,2,0,1,3,4,4,0,424,0,0,1,470,584,1539,3,0,1,3,1,3,3,282,7,2,1,0,4,55,691,0,360,14,21,329,27,5331,34,2,0,28,0,86,3,1,10,4,451,9,15
AZE,0,1,1,3,2,0,0,86,89,116,0,114,139,0,1,25,6,0,1,11,88,5,0,5,0,96,0,0,3,139,0,0,0,6,1,156,144,80,190,1,5,1,0,0,89,0,0,4,46,0,0,9,148,192,0,0,138,1,14,2,28,0,113,14,14,63,0,0,155,0,3,1,271,101,8,0,0,1,0,0,132,0,0,1,0,2,1,67,1,143,55,90,0,12,121,18,6,92,186,1,16,150,23,7,14,1,0,0,63,9,1,8,0,5,0,0,12,0,6,2,7,0,84,0,12,1,0,62,0,5,5,3,1,4,2,1,1,0,0,1,18,1,0,3,13,1,149,147,8,0,11,5,76,8,53,8,0,1,164,0,105,4,67,0,11,144,284,7,49,5,1,9,0,0,0,0,1,2,0,99,0,0,0,138,86,146,0,0,0,1,0,1,1,54,2,0,1,0,0,10,317,0,144,4,5,86,1,198,13,0,0,12,0,59,0,0,2,13,152,4,2
BDI,0,2,2,0,2,0,0,0,3,1,0,5,3,1,0,22,11,0,5,2,1,0,0,0,0,2,1,0,1,3,1,0,0,2,3,3,9,1,13,5,10,10,3,0,3,0,0,1,1,0,0,0,2,7,0,0,3,2,1,2,3,0,1,2,3,3,0,0,12,0,0,1,12,1,7,0,1,0,0,0,1,0,0,2,0,0,1,2,3,3,2,6,0,2,1,1,0,3,8,1,2,3,1,18,1,2,0,0,1,0,1,1,0,1,0,0,1,0,2,0,1,0,4,0,0,3,0,3,0,1,3,0,1,0,1,4,1,0,1,7,3,0,0,5,8,1,12,2,1,0,2,0,3,1,3,1,0,1,1,0,1,1,1,0,0,3,1,14,1,1,5,1,0,0,0,1,1,0,0,1,2,1,0,1,1,3,0,0,0,0,0,1,3,5,0,0,2,0,0,1,2,0,2,16,10,1,1,20,1,0,0,2,0,1,0,0,0,2,11,7,4
BEL,3,3,3,6,16,1,0,118,399,116,0,2381,1567,25,22,0,71,0,69,82,345,17,0,28,0,134,1,3,21,1139,2,7,1,17,9,2386,2935,362,2412,43,128,175,29,0,341,2,4,30,80,2,0,239,1034,5878,0,0,1486,10,115,177,342,3,3816,322,181,1005,5,1,6269,0,7,27,7629,149,70,2,19,17,0,0,1133,7,3,13,21,4,6,440,8,673,99,811,0,872,452,44,99,680,4943,5,53,1307,58,203,30,24,0,11,704,61,8,139,4,13,1,1,122,0,276,242,182,0,155,33,19,13,0,450,0,60,21,63,8,79,7,41,5,0,13,20,271,9,6,14,138,1,5567,965,43,0,445,36,252,45,122,75,1,12,1410,1,1190,12,18,0,171,543,1003,54,336,12,50,332,1,0,1,3,7,3,5,373,7,0,9,203,382,1910,4,0,4,5,0,1,4,289,4,0,1,0,5,126,741,0,377,98,124,256,37,7257,27,2,0,28,0,272,0,0,8,14,701,29,23
BEN,0,1,3,5,2,0,0,8,11,1,0,20,5,6,11,71,0,0,36,13,4,6,0,1,0,2,1,0,4,26,2,3,4,10,5,43,35,5,35,33,49,11,11,0,17,3,1,9,2,0,0,6,5,58,0,0,11,4,9,3,15,0,21,6,20,12,0,0,152,0,6,9,94,7,49,0,7,2,1,0,4,0,0,2,0,0,1,10,5,5,20,34,0,9,12,10,5,9,25,2,12,16,7,47,11,2,0,0,15,10,1,7,3,4,0,0,8,0,3,3,3,0,9,0,0,4,0,15,0,2,18,3,2,0,4,17,8,0,5,11,16,8,0,22,53,1,28,12,14,0,13,2,13,9,10,12,0,2,12,0,17,3,6,0,9,14,11,15,16,6,23,11,0,0,1,3,1,0,0,11,0,1,0,4,4,17,3,0,5,0,0,1,21,11,0,0,6,0,4,8,6,0,13,19,29,8,2,92,3,0,0,3,0,16,0,0,0,9,55,10,5
BES,0,0,0,0,0,0,0,0,0,0,0,1,0,0,0,0,0,0,0,0,0,0,0,0,0,0,0,0,0,0,0,0,0,0,0,0,0,0,0,0,0,0,0,0,0,0,0,0,0,0,0,0,0,0,0,0,0,0,0,0,0,0,0,0,0,0,0,0,0,0,0,0,2,0,0,0,0,0,0,0,0,0,0,0,0,0,0,0,0,0,0,0,0,0,0,0,0,0,0,0,0,0,0,0,0,0,0,0,0,0,0,0,0,0,0,0,0,0,0,0,0,0,0,0,0,0,0,0,0,0,0,0,0,0,0,0,0,0,0,0,0,0,0,0,0,0,3,0,0,0,0,0,0,0,0,0,0,0,0,0,0,0,0,0,0,0,0,0,0,0,0,0,0,0,0,0,0,0,0,0,0,0,0,0,0,0,0,0,0,0,0,0,0,0,0,0,0,0,1,0,0,0,0,0,0,0,0,2,0,0,0,0,0,0,0,0,0,0,0,0,0
BFA,0,1,3,0,1,0,0,2,6,1,0,22,19,1,5,69,36,0,0,8,2,1,0,0,0,1,0,0,2,19,0,0,2,2,6,55,48,9,15,54,38,15,9,0,9,2,0,3,2,0,0,1,3,65,0,0,19,1,3,1,7,0,18,2,18,10,0,0,168,0,0,8,130,4,48,0,11,16,3,0,2,0,0,2,0,0,2,2,2,2,10,24,0,5,4,1,0,5,40,1,2,17,2,49,2,3,0,0,8,0,3,3,1,1,0,0,1,4,3,2,1,0,14,0,0,5,0,8,0,2,37,1,6,0,3,10,3,0,3,13,4,1,0,22,36,1,30,12,7,0,6,0,6,2,2,3,0,1,4,0,8,2,0,0,1,7,6,6,2,3,43,2,0,0,0,4,1,0,0,2,0,1,0,1,2,9,6,0,2,1,0,8,34,12,0,0,4,1,2,9,6,0,8,20,29,2,3,138,1,0,0,3,0,9,0,0,0,1,38,12,6
BGD,1,10,1,6,2,0,0,73,65,7,0,818,25,11,2,82,13,0,8,0,11,13,1,1,1,8,0,0,8,89,3,13,7,12,1,287,93,44,564,3,17,11,2,0,58,0,0,7,3,0,0,10,53,198,0,0,57,3,20,3,184,0,85,18,52,60,9,0,121,0,9,1,679,11,41,0,2,14,3,0,33,1,0,11,0,5,3,22,8,14,107,488,0,39,98,44,12,27,124,3,42,663,21,70,24,14,0,0,373,28,6,25,0,10,0,0,46,4,11,4,2,0,14,0,0,3,6,62,0,4,8,5,25,0,9,16,4,0,3,17,435,2,0,3,75,1,140,60,95,0,53,25,253,17,36,81,0,8,67,0,53,8,20,0,43,50,60,16,385,15,6,84,0,0,0,4,1,0,0,26,1,0,0,19,13,125,1,0,0,6,0,1,2,109,0,0,1,0,6,16,107,0,68,31,27,20,5,1077,3,0,0,6,0,148,0,1,0,14,131,19,24
BGR,0,2,2,3,34,0,0,78,118,165,0,309,364,88,1,345,4,0,2,11,0,6,4,42,0,186,0,0,2,304,1,4,0,8,1,213,402,108,324,4,11,3,0,0,203,0,1,9,4,0,0,134,370,722,0,0,219,6,20,100,151,1,544,155,5,246,0,1,517,1,3,1,734,202,10,0,1,1,1,0,389,1,1,3,0,0,3,256,1,365,19,215,0,196,148,21,25,173,679,3,11,217,37,11,13,2,0,0,175,13,1,40,0,5,0,0,85,0,185,16,158,0,88,0,24,1,0,162,0,89,1,27,3,91,7,6,3,0,7,2,128,3,0,1,20,1,277,179,9,0,127,18,126,10,23,12,0,3,558,1,330,5,70,0,114,259,479,4,74,5,4,26,0,0,1,0,3,4,0,335,0,0,0,200,193,222,1,0,1,2,0,2,6,150,6,2,1,0,0,33,340,0,195,7,10,211,6,637,25,0,0,8,0,35,0,0,13,5,120,6,3
BHR,0,1,0,5,0,0,0,68,15,2,0,27,4,5,0,17,6,0,1,13,6,0,0,0,0,0,0,0,0,20,0,2,0,7,0,34,16,5,36,0,7,0,0,0,17,0,0,7,2,0,0,8,6,22,0,0,8,3,27,3,84,0,17,8,12,12,1,0,28,0,7,0,96,3,11,0,0,0,0,0,13,0,0,1,0,2,1,12,0,4,14,48,0,13,23,23,7,8,53,0,29,26,8,11,11,0,0,0,14,50,0,18,0,6,0,0,14,0,3,2,0,0,16,0,0,0,1,14,0,3,0,0,0,0,2,3,0,0,0,0,32,2,0,0,12,0,14,15,16,0,16,32,60,13,15,14,0,2,17,0,14,3,13,0,48,15,16,10,103,17,0,12,0,0,0,0,1,0,0,14,0,0,0,5,3,15,0,0,0,3,0,0,0,13,0,0,0,0,0,30,24,0,12,5,5,11,0,69,2,0,0,4,0,14,0,0,2,15,16,4,2
BHS,0,0,0,0,0,0,0,1,1,0,1,5,3,0,0,0,0,0,0,1,4,0,0,0,0,0,0,0,0,6,2,0,0,1,0,14,3,3,5,0,0,0,1,1,3,0,0,2,2,1,1,0,0,22,0,1,1,2,1,0,1,0,3,0,0,0,2,0,5,0,0,0,25,0,0,2,0,0,0,0,1,1,0,1,0,0,0,0,2,0,1,2,0,2,0,0,0,10,4,3,0,4,0,3,0,0,1,1,0,0,0,0,0,0,0,0,1,0,0,0,0,0,0,0,0,0,1,3,0,0,0,0,0,0,0,0,0,0,0,0,4,0,1,0,0,0,2,2,0,0,5,0,0,1,0,1,1,1,0,0,3,0,0,0,1,0,0,0,1,0,0,0,0,0,0,0,0,0,0,0,0,0,0,0,0,1,0,0,1,0,2,0,0,0,0,0,0,0,2,0,0,0,1,1,0,0,0,44,0,0,1,1,1,0,0,1,0,0,3,0,1
BIH,0,0,0,0,21,0,0,11,7,10,0,22,55,5,0,28,1,0,0,1,42,0,0,0,0,9,0,0,0,15,1,2,0,1,0,12,40,5,18,0,1,1,0,0,3,0,1,2,1,0,0,22,58,88,0,0,31,1,11,2,19,0,67,24,0,25,0,0,48,0,0,0,74,15,4,0,0,0,0,0,43,0,0,1,0,0,0,188,0,38,3,16,0,34,22,2,6,15,83,2,7,12,6,3,6,0,0,0,8,3,0,10,0,4,0,0,2,0,27,7,19,0,9,0,7,0,0,6,0,39,0,13,2,45,0,1,0,0,1,1,9,2,0,0,3,0,42,34,1,0,7,1,8,2,3,3,0,0,59,0,36,1,3,0,26,49,37,0,27,2,0,5,0,0,1,0,1,3,0,298,0,0,0,34,74,43,1,0,1,0,0,0,0,8,1,1,0,0,0,12,50,0,9,3,2,20,1,70,0,0,0,1,0,14,0,0,13,3,12,1,1
BLM,0,0,0,1,0,0,0,1,0,0,0,1,0,0,0,0,0,0,0,1,0,0,0,0,0,0,0,0,0,1,0,0,0,0,0,0,0,0,0,0,0,0,0,0,0,0,0,0,0,0,0,0,0,0,0,0,0,0,0,0,0,0,1,0,0,0,0,0,1,0,0,0,2,0,0,0,0,0,0,0,0,0,0,0,0,0,0,0,0,0,0,0,0,0,1,0,0,0,1,0,0,0,0,0,0,0,0,0,0,0,0,0,0,0,0,0,1,0,0,0,0,0,0,0,0,0,0,0,0,0,0,0,0,0,0,0,0,0,0,0,1,0,0,0,0,0,0,0,0,0,1,0,0,0,0,0,0,0,0,0,0,0,0,0,0,0,0,0,0,0,0,0,0,0,0,0,0,0,0,0,0,0,0,0,0,0,0,0,0,0,0,0,0,0,0,0,0,0,1,0,0,0,0,0,0,0,0,0,0,0,0,0,0,0,0,0,0,0,1,0,0
BLR,0,1,1,0,9,0,0,82,84,171,0,202,195,96,2,134,2,0,1,8,186,0,0,9,0,0,0,0,1,194,1,3,0,2,1,118,202,85,311,1,3,2,1,0,180,0,0,1,5,0,0,101,207,313,0,0,111,1,5,91,104,0,226,111,5,165,0,1,261,0,0,1,343,190,3,0,0,1,0,0,204,0,0,3,0,0,1,110,5,195,6,138,0,104,112,3,5,109,239,2,6,109,56,7,14,2,0,0,119,1,1,3,0,5,0,0,76,4,181,1,117,0,83,0,18,2,0,104,0,14,1,6,5,68,5,1,1,0,2,4,101,0,0,1,3,1,114,113,2,0,102,1,104,3,5,3,0,1,308,0,226,3,64,0,93,113,790,1,63,1,1,11,0,0,0,0,1,0,0,186,0,0,0,102,96,131,1,0,0,0,0,1,1,96,2,0,1,0,0,8,215,0,180,2,1,180,1,288,22,0,0,1,0,22,0,0,1,1,102,2,3
BLZ,0,0,0,0,0,0,0,2,1,1,0,6,1,0,1,1,1,0,0,0,0,0,0,0,0,0,0,0,1,7,0,2,0,0,0,7,2,1,2,1,2,1,0,0,4,0,0,1,3,0,0,0,0,8,0,0,3,1,0,4,0,0,5,0,0,0,1,0,4,0,0,1,15,0,2,0,0,1,0,0,2,1,0,2,1,2,1,0,0,0,3,3,0,0,0,0,0,1,5,0,0,2,0,2,0,1,0,0,0,0,0,0,0,0,0,0,0,0,0,0,0,0,0,0,0,1,0,7,0,0,0,0,1,0,0,0,0,0,0,1,0,0,0,0,2,1,7,1,0,0,0,0,2,2,1,0,0,0,0,0,4,1,0,0,0,1,3,0,0,0,1,1,0,0,1,0,0,0,0,0,0,0,3,0,1,2,0,0,0,0,0,0,0,2,0,0,0,0,2,0,2,0,1,1,1,1,1,27,0,0,0,2,0,2,0,1,0,0,5,0,0
BMU,0,0,0,0,0,0,0,0,1,0,0,5,1,0,0,3,0,0,0,0,0,0,0,0,0,0,0,0,0,4,0,0,0,0,0,11,6,0,4,0,0,0,0,0,0,0,0,0,0,0,0,0,0,14,0,0,0,0,0,1,0,0,1,0,0,1,0,0,8,0,0,0,19,0,0,0,0,0,0,0,0,1,0,0,0,0,0,0,0,0,0,1,0,0,0,0,2,2,4,0,0,3,0,0,0,0,0,0,0,0,0,0,0,0,0,0,0,0,0,0,0,0,0,1,0,1,0,0,0,0,0,0,0,0,0,3,0,0,1,0,0,1,0,0,1,0,3,2,0,0,3,0,0,0,0,0,0,0,1,0,1,0,0,0,1,0,0,0,0,0,0,0,0,0,0,0,0,0,0,0,0,0,0,0,0,5,0,0,1,0,1,0,0,0,0,0,0,0,0,0,1,0,1,0,0,0,0,40,0,0,0,1,0,0,0,0,0,0,0,0,0
BOL,0,1,1,0,1,0,0,2,77,2,0,30,8,3,1,21,4,0,2,8,2,0,0,0,0,1,1,0,0,105,0,2,0,3,1,26,33,58,22,4,7,4,3,0,74,0,0,16,6,0,0,0,9,37,0,1,8,10,2,41,3,1,64,1,4,5,1,0,54,0,0,4,79,4,9,0,0,1,0,0,2,0,0,14,3,4,10,1,2,4,9,21,0,3,7,4,0,1,36,3,2,18,1,12,2,2,0,0,7,0,1,3,1,2,1,0,4,0,1,2,1,0,3,0,0,2,0,49,0,1,2,0,2,0,1,2,1,0,0,2,5,0,0,1,5,7,21,10,10,0,10,0,11,24,64,4,0,1,9,0,11,18,0,0,0,5,3,4,6,1,1,5,0,0,0,0,6,0,0,1,0,0,2,3,3,48,0,0,0,0,0,1,1,6,0,0,1,0,1,1,8,0,5,4,2,2,19,136,1,0,0,28,0,5,0,0,0,1,14,1,2
BRA,3,3,17,6,9,0,0,245,1434,226,4,2480,862,139,3,1139,26,0,19,89,304,20,6,15,1,194,7,4,105,0,7,14,0,21,1,3093,1564,1275,1955,13,64,15,11,1,1427,0,6,169,208,0,0,139,674,3703,0,1,906,46,100,399,349,2,3594,178,67,670,4,3,3398,2,10,6,5496,221,73,5,2,13,0,0,599,6,2,64,22,9,63,267,15,466,168,1339,0,538,581,53,33,443,3149,17,80,1336,25,139,27,13,1,13,636,55,7,87,4,17,4,3,127,1,171,54,121,0,162,29,9,22,1,1238,0,25,10,21,16,69,8,109,3,0,13,33,327,11,10,3,190,23,1695,646,54,0,480,50,428,133,630,168,2,14,971,1,2847,120,93,0,164,398,998,23,374,32,38,298,1,0,1,4,16,0,2,294,0,3,10,208,215,1254,1,1,3,7,1,2,4,392,0,0,2,1,11,112,641,0,432,59,57,294,368,11541,28,18,1,187,0,203,0,4,9,13,815,23,35
BRB,0,0,0,0,1,0,0,1,9,0,0,9,2,0,1,2,2,0,0,3,1,0,2,1,0,1,0,0,0,7,0,1,0,1,0,24,5,7,11,0,0,0,0,0,9,0,1,4,5,0,1,1,3,7,0,1,1,4,1,7,5,0,6,2,1,4,3,0,11,0,0,0,52,0,6,0,0,0,0,0,2,0,0,2,0,0,0,2,2,1,3,15,0,2,1,0,1,4,5,14,2,2,1,2,1,1,0,0,2,2,0,1,0,0,1,0,0,0,2,1,1,0,1,0,0,1,0,5,0,0,0,1,1,0,0,1,0,0,1,2,8,0,0,0,4,1,5,3,1,0,3,0,2,2,4,1,0,0,4,0,2,1,1,0,2,2,1,2,3,0,0,3,0,0,1,0,0,0,0,1,0,0,0,1,0,2,0,0,1,0,0,0,0,1,0,0,0,0,11,1,3,0,4,1,2,0,7,52,0,0,0,3,0,2,0,0,0,1,3,0,0
BRN,0,0,0,2,1,0,0,13,6,0,0,55,12,0,0,7,3,0,0,13,4,2,0,2,0,3,2,0,2,14,1,0,0,2,0,22,13,5,68,2,4,2,0,0,9,0,1,3,1,0,0,3,8,23,0,0,4,1,3,5,13,0,12,3,2,6,0,0,18,0,2,2,95,4,6,0,0,0,0,0,9,0,0,0,2,1,1,4,0,8,69,30,0,4,21,2,3,5,17,2,10,26,5,4,3,4,0,0,38,4,2,2,1,3,0,0,12,0,1,3,1,0,2,0,0,1,0,9,0,0,0,1,4,0,2,3,0,0,1,1,120,0,0,0,10,0,15,12,9,0,7,6,32,4,5,22,0,0,14,0,10,1,3,0,7,6,8,2,14,0,1,34,0,0,1,1,0,0,0,4,0,0,1,4,1,8,0,0,1,0,0,0,0,26,0,0,0,0,0,3,9,0,24,5,4,5,1,44,2,0,0,3,0,16,0,0,0,5,12,2,0
BTN,0,0,0,0,0,0,0,1,0,0,0,58,2,0,0,1,4,0,2,7,0,0,0,0,0,0,0,0,0,0,0,0,0,1,0,7,11,1,6,0,0,0,0,0,0,3,0,2,0,0,0,0,0,11,0,0,0,1,0,0,2,0,3,0,1,3,0,0,7,0,1,0,22,6,0,0,0,0,0,0,0,0,0,0,0,0,0,0,0,0,10,32,0,0,2,0,0,1,5,0,0,23,1,6,0,1,0,0,7,0,0,2,2,0,0,0,5,0,0,0,0,0,0,0,0,0,0,1,0,0,0,0,6,0,4,2,0,0,0,1,2,0,0,0,0,0,7,2,14,0,6,0,9,0,0,3,0,1,0,0,1,0,1,0,0,1,2,1,4,0,0,2,0,0,0,0,0,0,0,0,0,0,0,0,1,3,4,0,2,0,0,0,2,23,0,0,4,0,4,0,2,0,2,3,4,0,0,36,0,0,0,0,0,4,0,0,0,0,6,0,1
BWA,0,1,2,5,4,0,0,10,17,1,0,56,8,6,2,17,10,0,2,12,8,7,1,1,0,2,0,0,3,21,1,2,1,0,3,50,26,6,32,6,43,3,1,0,13,0,0,5,3,0,0,5,9,52,0,0,18,1,5,3,19,0,15,9,42,15,0,0,27,0,8,2,162,5,28,0,0,3,0,0,11,0,0,3,0,0,1,10,5,6,13,45,0,13,17,15,6,10,21,1,11,17,10,50,11,3,0,0,13,8,1,4,1,3,0,0,9,4,3,4,3,0,3,0,1,2,0,17,0,3,3,1,1,0,1,9,1,0,2,20,16,11,0,2,42,1,31,17,12,0,15,4,16,10,14,12,0,3,15,0,15,5,6,0,11,13,16,17,18,7,3,12,0,0,0,0,1,0,0,12,1,0,0,4,5,29,9,0,0,0,0,2,2,12,0,0,2,0,0,7,5,0,10,25,26,10,2,229,3,0,0,1,0,15,0,0,2,9,237,21,37
CAF,0,2,1,0,1,0,0,0,1,1,0,4,1,1,3,9,5,0,6,1,1,0,0,0,0,1,0,0,1,1,0,0,0,3,0,6,10,3,5,10,20,13,7,0,1,0,0,1,1,0,0,0,3,6,0,0,1,1,2,1,1,0,2,1,2,1,0,0,30,0,0,6,20,1,3,0,2,0,0,0,0,0,0,1,1,0,1,1,2,1,4,2,0,2,3,1,0,1,5,1,1,2,1,5,1,1,0,0,2,0,1,1,1,1,0,0,1,0,1,0,1,0,2,0,0,3,0,1,0,1,2,0,1,0,1,2,1,0,0,2,3,0,0,5,3,1,5,3,2,0,1,0,2,1,1,1,0,1,1,0,1,1,0,0,0,1,1,2,1,3,4,3,0,0,0,1,1,0,0,1,0,0,0,1,1,1,0,0,0,0,0,4,4,1,0,0,1,0,0,1,2,0,2,3,3,1,1,11,1,0,0,1,0,2,0,0,0,1,4,2,1
CAN,3,8,4,11,13,6,2,660,811,96,4,6515,1648,156,3,2386,43,0,55,287,213,34,14,12,0,118,7,11,26,3093,24,22,7,50,6,0,3746,966,12273,46,96,45,18,1,596,0,3,81,85,4,5,123,967,7553,1,3,2082,23,152,130,797,1,4180,183,165,1113,16,4,7131,3,10,17,12461,139,176,2,10,21,5,0,848,26,41,35,10,11,21,231,14,601,173,2152,0,1118,2226,93,134,1427,4987,35,234,3113,56,269,40,26,1,11,1749,140,11,267,7,30,2,5,107,3,111,143,50,0,302,24,18,39,2,1057,0,40,26,35,18,6,21,45,9,0,10,64,495,16,8,13,317,8,4106,1502,102,0,1110,130,652,82,218,156,3,10,1414,2,1008,44,116,0,319,431,1379,66,1273,35,70,1004,1,1,4,12,7,0,6,246,5,1,3,217,296,2509,4,1,7,15,1,4,8,431,8,0,3,1,30,235,896,0,1018,108,123,199,74,29898,15,2,1,52,0,387,10,3,5,37,1342,41,54
CHE,1,9,7,6,25,5,0,224,529,261,3,3196,2851,144,9,2935,35,0,48,93,402,16,3,40,0,202,2,6,33,1564,5,13,11,26,10,3746,0,608,3140,54,86,59,52,1,464,2,3,54,76,0,1,265,1267,11827,0,1,2051,12,86,156,358,3,4400,319,104,1281,4,0,7257,3,7,14,10621,259,129,2,18,24,3,2,1488,4,6,20,19,3,30,484,8,829,194,1387,0,908,582,29,123,1008,7002,17,63,2088,42,272,39,39,1,3,989,40,28,154,8,12,2,42,128,19,296,165,192,0,167,36,23,39,0,513,0,60,26,70,39,91,27,51,4,0,8,76,277,18,4,18,154,3,4583,1425,77,0,548,41,293,44,204,185,0,18,1749,0,1274,23,84,0,203,662,1459,41,367,30,64,682,1,0,3,11,5,4,5,496,3,1,5,336,462,2629,20,1,14,10,0,11,11,438,14,0,5,1,4,100,927,0,559,156,142,370,50,12827,29,2,0,44,0,193,1,0,12,14,946,60,63
CHL,0,2,6,2,3,2,0,128,875,75,0,976,301,80,1,362,5,0,9,44,108,5,3,5,0,85,1,0,58,1275,7,5,1,6,3,966,608,0,823,7,14,5,5,0,686,0,1,115,78,0,0,12,257,1642,1,1,393,28,22,234,90,2,2545,29,17,201,2,5,1368,1,2,1,2291,88,22,2,2,2,1,0,241,3,2,35,0,3,25,51,6,192,33,459,0,148,176,14,22,281,1187,13,30,570,15,31,10,3,0,12,226,12,2,36,0,7,1,1,18,0,40,22,19,0,111,8,2,2,0,674,0,8,1,13,5,1,4,11,2,0,5,7,104,5,1,2,46,16,662,249,21,0,184,23,95,55,260,50,0,2,354,0,436,71,74,0,24,155,320,5,110,4,15,86,1,1,1,2,17,0,0,143,0,0,2,118,115,436,0,0,2,4,0,2,2,68,5,0,1,1,4,31,256,0,231,15,14,63,153,3508,3,32,0,129,0,57,1,1,3,4,379,6,17
CHN,0,13,3,6,31,1,0,781,551,231,0,17378,1693,190,13,2412,35,0,15,564,324,36,5,18,0,311,2,4,22,1955,11,68,6,32,5,12273,3140,823,0,26,104,32,13,0,554,1,2,48,107,1,0,213,1277,11607,0,0,2893,21,261,194,1992,9,3945,348,269,1908,27,1,7266,5,10,7,22101,256,375,0,10,5,0,2,1075,8,4,13,9,8,36,387,4,805,500,4463,0,1245,2344,338,94,1326,5264,6,198,10191,197,297,56,45,0,12,6278,106,37,170,5,27,1,0,268,5,296,136,145,0,209,18,14,17,3,990,0,49,10,35,166,78,173,32,4,1,46,53,2000,18,8,8,580,1,4464,1637,304,0,1840,132,5626,44,167,439,1,12,1900,55,1256,21,115,0,586,686,3280,64,3313,196,33,7436,0,0,2,34,6,0,6,437,6,0,1,339,373,4007,4,0,2,62,0,3,10,1535,41,0,2,1,9,174,1608,0,5468,158,68,580,47,64740,122,5,0,53,0,1643,0,2,7,100,1460,53,50
CIV,0,1,5,0,2,0,0,0,7,1,0,22,5,1,5,43,33,0,54,3,4,0,0,0,0,1,1,0,4,13,0,2,0,6,10,46,54,7,26,0,52,24,11,0,7,0,0,1,1,0,0,0,6,77,0,0,8,1,5,4,6,0,21,2,18,5,1,0,222,0,0,14,100,2,33,0,15,6,3,0,0,0,0,4,4,1,1,5,2,8,5,24,0,5,5,3,1,4,36,1,1,18,3,45,1,4,0,0,3,0,1,2,3,1,0,0,3,5,1,4,2,0,11,0,1,9,0,7,0,2,20,1,1,0,4,16,5,0,23,9,5,6,0,19,38,1,18,5,3,0,7,1,3,3,7,9,0,1,2,0,3,1,0,0,1,2,6,10,3,4,56,4,0,0,0,2,1,0,0,3,1,0,1,2,2,14,5,0,3,0,0,4,25,8,0,0,1,0,0,6,21,0,3,24,23,1,1,133,1,0,0,2,0,25,0,0,1,1,37,10,12
CMR,0,1,5,4,3,0,0,14,20,1,0,63,16,5,10,128,49,0,38,17,11,7,0,1,0,3,2,0,7,64,0,4,0,43,20,96,86,14,104,52,0,48,35,0,32,0,0,7,1,0,0,7,26,209,0,0,18,3,19,5,38,0,49,10,35,22,2,0,331,0,6,30,276,5,65,0,15,8,3,1,11,0,0,4,2,1,1,9,3,11,25,89,0,12,45,16,5,13,120,3,12,41,10,85,11,4,0,0,27,8,3,12,4,3,0,0,11,5,3,5,2,0,18,0,1,10,0,42,0,2,19,0,4,1,1,23,6,0,6,20,27,7,2,16,102,1,55,23,15,0,14,5,50,12,13,21,0,2,21,0,25,5,7,0,14,38,27,25,41,15,57,15,0,0,0,5,3,0,0,18,2,1,1,5,4,44,9,0,1,1,0,19,20,10,3,0,2,0,3,20,45,0,25,35,56,9,1,304,4,0,0,5,0,33,0,0,1,8,183,25,25
COD,0,6,5,0,1,1,0,2,5,2,0,17,8,1,10,175,11,0,15,11,3,0,0,1,0,2,1,0,4,15,0,2,0,3,13,45,59,5,32,24,48,0,26,0,7,0,0,2,3,0,0,2,16,31,0,0,10,1,4,8,4,0,15,3,15,11,0,0,85,0,0,17,100,3,17,0,14,2,0,0,3,0,0,19,2,1,1,3,4,3,9,30,0,3,4,3,0,3,19,1,2,17,1,49,2,5,0,0,11,0,2,2,7,2,0,0,2,1,3,5,1,0,12,0,0,5,0,7,0,3,12,2,2,0,1,13,7,0,3,16,5,2,0,8,25,1,26,10,5,0,4,1,27,3,10,4,0,1,5,0,7,3,0,0,0,4,4,17,5,3,20,9,0,0,0,4,2,0,1,4,5,0,1,2,3,15,1,0,1,1,0,4,9,11,0,0,1,0,0,5,5,0,4,21,38,4,1,178,1,0,0,6,0,11,0,0,0,2,53,28,7
COG,0,0,1,0,0,0,0,0,2,1,0,16,3,0,3,29,11,0,9,2,0,0,1,0,0,1,0,0,3,11,0,0,0,1,7,18,52,5,13,11,35,26,0,0,2,0,0,0,0,0,0,0,2,38,3,0,16,0,3,2,10,0,4,0,9,1,0,0,54,0,0,9,76,0,12,0,9,3,1,0,0,0,0,2,0,0,0,0,1,0,9,15,0,0,2,0,2,0,19,0,1,10,0,21,0,0,1,0,1,0,0,0,2,0,0,0,0,0,0,0,0,0,5,0,0,2,0,3,0,0,5,1,0,0,1,8,7,0,0,3,4,1,1,6,15,0,13,2,0,0,4,3,1,1,2,6,0,1,1,0,6,0,0,0,0,0,2,4,3,2,19,4,0,0,0,5,0,0,0,0,1,0,0,0,0,4,0,0,0,0,0,1,6,4,0,0,0,0,0,1,0,0,0,11,17,0,2,103,0,0,0,0,0,4,1,0,0,1,26,12,9
COK,0,0,0,0,0,0,0,1,0,0,0,2,0,0,0,0,0,0,0,0,0,0,1,0,0,0,0,0,0,1,0,0,0,0,0,1,1,0,0,0,0,0,0,0,1,0,0,0,1,0,0,0,0,1,0,0,0,1,0,0,0,0,0,0,0,0,2,0,2,0,0,0,2,0,0,0,0,0,0,0,0,0,0,0,0,0,0,0,0,0,1,1,0,0,0,0,0,0,0,1,0,2,0,1,0,0,1,0,0,0,0,0,0,0,0,0,1,0,0,0,0,0,0,0,0,0,1,0,0,0,0,0,0,0,0,0,0,0,0,0,1,0,2,0,0,0,1,0,0,0,3,0,0,0,0,1,1,1,0,0,0,0,0,0,1,0,0,0,1,0,0,0,0,0,1,0,0,0,0,0,0,0,0,0,0,0,0,0,1,0,1,0,0,0,0,0,0,1,1,0,0,0,1,1,0,0,0,1,0,0,1,0,0,0,1,1,0,0,1,0,0
COL,1,2,1,6,8,0,0,162,626,164,3,575,283,89,3,341,17,0,9,58,203,17,3,3,0,180,4,0,74,1427,9,9,0,13,1,596,464,686,554,7,32,7,2,1,0,0,1,127,60,0,0,108,290,791,0,1,209,44,65,319,166,1,1637,120,36,212,1,1,776,1,9,5,1241,194,43,0,1,3,1,0,259,7,1,48,8,6,78,126,6,233,57,418,0,212,236,31,19,166,739,10,40,279,14,59,22,11,1,2,214,35,5,41,1,7,0,0,104,0,122,9,105,0,117,1,2,15,1,960,0,14,4,7,6,66,5,9,4,0,2,7,177,3,2,1,76,26,455,192,50,0,186,19,185,112,326,121,1,11,398,0,379,62,81,0,122,214,356,13,153,8,15,83,0,0,1,0,18,0,0,201,0,0,4,103,116,288,0,0,2,1,1,2,3,157,0,0,1,1,5,34,305,0,228,29,25,177,110,2322,16,0,1,205,0,127,1,2,8,11,250,11,18
COM,0,0,0,0,0,0,0,0,0,0,0,0,0,0,0,2,3,0,2,0,0,0,0,0,0,0,0,0,0,0,0,0,3,0,0,0,2,0,1,0,0,0,0,0,0,0,0,2,0,0,0,0,0,3,0,0,0,0,0,0,0,0,0,0,0,0,0,0,7,0,0,0,4,3,0,0,0,0,0,0,0,0,0,0,0,0,0,0,0,0,1,3,0,0,0,0,0,0,0,0,0,0,1,3,0,0,0,0,0,0,0,2,2,0,0,0,0,0,0,0,0,0,0,0,0,3,0,0,0,0,0,0,0,0,3,0,0,0,1,0,0,0,0,0,0,0,0,0,3,0,2,0,0,0,0,0,0,0,0,0,2,0,0,0,0,1,0,0,0,0,1,0,0,0,0,0,0,0,0,0,0,0,0,0,0,2,2,0,2,0,0,0,2,0,0,0,3,0,3,0,0,0,0,3,3,0,0,5,0,0,0,0,0,0,0,0,0,0,5,0,0
CPV,0,0,1,0,1,0,0,0,1,0,0,4,1,0,0,4,1,0,0,0,1,0,0,1,0,0,0,0,0,6,1,1,0,0,0,3,3,1,2,0,0,0,0,0,1,0,0,1,1,0,0,1,2,11,0,0,3,1,1,1,1,0,9,1,1,1,0,0,10,0,0,0,25,0,4,0,0,0,0,0,1,0,0,0,0,0,0,1,0,5,1,1,0,2,1,0,1,1,2,1,1,1,1,3,1,0,0,0,1,1,0,0,0,0,0,0,0,0,1,1,2,0,2,1,0,1,0,3,0,0,0,1,1,0,0,1,0,0,1,1,1,0,1,0,1,0,1,5,1,0,1,0,0,2,2,2,0,0,3,0,35,0,1,0,1,1,1,1,1,2,7,1,0,0,1,0,0,0,0,1,0,0,0,1,0,1,0,0,1,0,0,0,0,1,0,0,0,0,0,1,1,0,1,2,1,0,1,12,0,0,0,2,0,2,0,0,0,1,3,2,0
CRI,0,1,1,3,1,0,0,10,104,2,0,63,24,4,1,30,9,0,3,7,9,7,2,2,0,1,1,0,16,169,4,3,2,5,1,81,54,115,48,1,7,2,0,0,127,2,1,0,15,0,0,6,14,118,0,1,35,21,4,65,15,0,177,7,8,23,0,0,111,0,4,1,167,6,11,0,0,0,0,0,14,0,0,26,1,1,24,9,2,10,13,34,0,15,21,6,7,24,71,5,10,28,6,13,6,2,0,0,18,7,2,12,2,3,0,0,12,0,6,6,4,0,8,0,0,1,0,173,0,5,2,3,3,0,5,6,1,0,1,3,19,1,1,1,8,20,74,18,10,0,21,3,11,65,81,13,0,4,19,0,42,25,6,0,7,16,22,8,14,4,6,14,0,0,1,0,14,0,0,11,0,0,1,5,8,45,1,0,3,2,0,1,2,18,0,0,3,0,2,9,34,0,13,12,11,7,36,437,3,0,0,38,0,15,0,0,2,7,25,6,2
CUB,0,1,1,0,1,0,0,3,52,46,0,30,68,46,1,80,2,0,2,3,4,2,2,1,0,5,3,0,6,208,5,1,0,3,1,85,76,78,107,1,1,3,0,1,60,0,1,15,0,1,0,1,57,133,0,1,52,31,2,67,11,1,191,3,1,53,1,0,121,0,0,1,110,2,4,0,0,0,1,0,56,1,0,7,1,0,8,50,2,50,51,70,0,8,11,3,1,8,112,11,5,75,2,8,2,1,1,0,57,2,1,3,0,1,1,0,6,0,6,2,2,0,3,4,0,1,1,242,0,2,1,1,2,0,2,3,1,0,3,2,18,0,2,1,2,6,80,59,3,0,9,0,61,11,80,10,1,3,63,0,24,6,2,0,3,52,83,1,9,2,2,9,0,0,1,0,5,0,0,3,0,0,1,51,3,71,0,0,2,0,2,1,1,54,1,0,1,0,3,3,58,0,8,3,3,51,20,221,2,0,1,33,0,7,0,1,1,2,63,3,2
CUW,2,0,0,0,0,0,0,0,0,0,0,0,1,0,0,2,0,0,0,0,0,0,1,0,0,0,0,0,0,0,0,0,0,0,0,4,0,0,1,0,0,0,0,0,0,0,0,0,1,0,0,0,0,4,0,0,0,1,0,0,0,0,2,0,0,0,0,0,1,0,0,0,6,0,0,0,0,0,0,0,0,0,0,1,0,0,0,0,0,0,0,2,0,0,0,0,0,0,4,0,1,2,0,0,0,0,0,0,0,0,0,0,0,0,0,0,0,0,0,0,0,0,0,0,0,0,0,1,0,0,0,0,0,0,0,0,0,0,0,0,0,0,0,0,0,0,19,0,0,0,0,0,0,0,0,0,0,0,0,0,2,0,0,0,1,0,0,0,0,0,0,0,0,0,0,0,0,0,0,0,0,0,0,0,0,2,0,0,0,0,1,0,0,0,0,0,0,0,0,0,0,0,0,0,0,1,0,14,0,0,0,2,0,0,0,0,0,0,0,0,0
CYM,0,0,0,1,0,0,0,0,0,0,0,2,0,0,0,0,0,0,0,0,0,0,1,0,0,0,0,0,0,0,1,0,0,0,0,5,1,0,0,0,0,0,0,0,0,0,0,0,0,0,0,0,0,0,0,2,0,0,0,0,0,0,1,0,0,0,1,0,3,0,0,0,8,0,0,0,0,0,0,0,0,0,0,0,0,0,0,0,1,0,0,0,0,0,0,0,0,1,0,1,0,0,0,0,0,0,0,1,0,0,0,0,0,0,0,0,0,0,0,0,0,0,0,0,0,0,0,1,0,0,0,0,0,0,0,0,0,0,0,0,1,0,0,0,0,0,1,0,0,0,1,0,1,0,0,0,0,0,0,0,0,0,0,0,1,0,0,0,1,1,0,0,0,0,0,0,0,0,0,0,0,0,0,0,0,0,0,0,0,0,0,0,0,0,0,0,0,0,1,0,0,0,1,0,0,0,0,19,0,0,0,0,0,0,0,0,0,0,0,0,0
CYP,0,0,0,5,12,0,0,30,27,99,0,180,200,9,0,239,6,0,1,10,134,8,0,22,0,101,0,0,0,139,1,3,0,5,0,123,265,12,213,0,7,2,0,0,108,0,1,6,1,0,0,0,160,457,0,0,101,1,21,92,137,0,368,145,8,183,0,1,319,1,5,1,798,107,10,1,0,0,0,0,877,0,0,0,0,0,0,167,0,174,11,148,0,163,147,12,21,101,495,1,23,55,20,9,13,0,0,0,134,18,0,25,0,9,0,0,80,0,143,19,114,0,11,0,6,0,0,120,0,24,1,29,1,79,0,4,0,0,1,1,114,1,0,0,26,0,178,111,8,0,112,10,125,6,8,19,0,0,247,0,238,4,11,0,135,84,187,6,88,2,0,28,1,0,1,0,0,3,0,158,0,0,0,40,68,149,1,0,1,4,0,1,0,109,3,1,0,0,0,17,358,0,121,4,3,115,1,516,15,0,0,3,0,13,0,0,3,10,52,3,1
CZE,0,2,1,3,24,0,0,123,273,233,3,932,1392,148,2,1034,5,0,3,53,370,6,0,58,0,207,0,0,9,674,3,8,0,9,3,967,1267,257,1277,6,26,16,2,0,290,0,2,14,57,0,0,160,0,3123,0,0,624,5,42,115,251,2,1745,251,35,682,1,1,2156,1,4,2,2888,217,25,0,2,1,0,0,721,1,2,5,7,3,2,424,1,753,94,707,0,364,455,39,61,440,2255,6,70,892,55,30,17,3,0,2,518,33,1,52,1,7,0,2,88,0,270,47,195,1,105,4,23,11,0,319,0,62,2,40,4,83,14,8,1,0,5,6,272,5,1,3,35,3,1240,609,25,0,223,25,263,21,85,34,1,14,1853,2,696,14,72,0,129,501,1326,8,208,5,10,150,0,0,1,1,3,4,2,412,0,0,1,1460,395,1025,0,0,2,6,0,2,2,220,3,2,1,0,2,43,677,0,436,11,12,432,26,3100,34,0,0,27,0,129,0,2,14,11,367,6,4
DEU,1,10,11,6,37,2,2,463,1245,318,0,7205,7803,192,7,5878,58,0,65,198,722,22,22,88,0,313,8,14,37,3703,7,23,11,52,6,7553,11827,1642,11607,77,209,31,38,1,791,3,11,118,133,4,0,457,3123,0,0,2,4732,13,204,257,1294,3,10122,597,255,2903,15,3,13821,5,12,53,22602,356,227,4,23,21,3,0,2657,25,18,32,7,8,32,943,3,1985,438,3006,0,1859,1592,122,253,2509,13228,9,272,5744,152,350,54,17,0,7,2547,97,19,236,7,21,0,31,180,1,569,438,349,0,299,56,103,61,4,1202,2,135,31,116,36,108,107,45,6,0,29,52,538,73,20,15,285,6,10974,3186,107,0,1238,105,830,143,282,236,1,17,4554,5,2724,32,126,0,340,1392,5279,54,1044,71,62,1271,3,2,6,12,6,3,4,832,0,0,7,740,882,6314,18,0,12,23,0,5,15,675,28,2,5,0,18,259,1874,0,1304,164,142,951,100,30199,82,16,0,75,0,638,2,2,17,29,1846,50,52
DJI,0,0,0,0,0,0,0,0,0,0,0,0,0,0,0,0,0,0,0,0,0,0,0,0,0,0,0,0,0,0,0,0,0,0,0,1,0,1,0,0,0,0,3,0,0,0,0,0,0,0,0,0,0,0,0,0,0,0,2,0,6,0,2,0,1,0,0,0,12,0,0,0,0,0,0,0,0,0,0,0,0,0,0,0,0,0,0,0,0,0,0,1,0,0,0,0,0,0,4,0,1,0,0,0,0,1,0,0,0,1,0,0,0,0,0,0,0,0,0,0,0,0,0,0,0,0,0,0,0,0,0,0,0,0,0,0,0,0,0,0,0,0,0,0,0,0,0,0,0,0,0,1,1,0,0,0,0,0,0,0,0,0,0,0,1,0,0,0,4,0,2,0,0,0,0,0,0,0,0,0,0,0,0,0,0,0,0,0,0,0,0,0,0,0,0,0,0,0,0,1,1,0,0,0,0,0,0,2,0,0,0,0,0,1,0,0,0,6,0,0,0
DMA,0,0,0,2,0,0,0,0,1,0,0,2,0,0,0,0,0,0,0,0,0,0,1,0,0,0,0,0,1,1,1,0,0,0,0,3,1,1,0,0,0,0,0,0,1,0,0,1,1,0,2,0,0,2,0,0,0,0,0,2,1,0,3,0,0,0,1,0,1,0,0,0,1,0,0,0,0,0,0,0,0,1,0,1,0,0,1,0,1,1,0,1,0,0,0,0,0,0,0,1,0,0,0,0,0,0,0,0,0,0,0,0,0,0,1,0,0,0,0,0,0,0,0,0,0,0,0,1,0,0,0,0,0,0,0,0,0,0,0,0,0,0,0,0,1,0,1,0,0,0,0,0,0,1,1,0,0,0,0,0,0,1,0,0,0,0,0,0,0,0,0,0,0,0,0,0,0,0,0,0,0,0,0,0,0,0,0,0,0,0,1,0,0,0,0,0,0,0,3,0,0,0,0,0,0,0,1,19,0,0,1,1,0,0,0,0,0,0,0,0,0
DNK,0,1,2,5,18,0,0,172,318,126,0,2395,1093,138,3,1486,11,0,19,57,219,8,1,31,0,111,3,0,8,906,1,4,0,18,1,2082,2051,393,2893,8,18,10,16,0,209,0,3,35,52,0,0,101,624,4732,0,0,0,6,32,48,127,1,2503,260,53,1251,1,1,2760,18,7,5,6560,122,92,1,3,10,35,0,759,1,90,6,5,2,1,263,3,493,115,595,0,627,588,25,252,587,2899,3,32,1000,34,77,23,8,0,9,570,32,8,51,1,10,0,1,33,0,196,98,119,0,128,7,21,8,0,306,0,53,7,56,6,16,21,16,2,0,6,10,194,11,5,9,47,4,2902,2077,40,0,354,37,177,25,101,45,0,4,980,0,869,7,75,0,89,359,695,16,212,10,16,383,1,1,1,1,2,4,0,281,1,0,0,237,336,3400,1,0,4,6,1,2,3,187,7,2,1,0,11,39,553,0,283,64,33,137,34,6750,7,1,0,26,0,124,0,0,6,10,503,15,14
DOM,0,1,1,0,1,0,0,3,36,1,0,12,7,1,2,10,4,0,1,3,6,3,2,1,0,1,1,0,10,46,4,1,1,1,1,23,12,28,21,1,3,1,0,1,44,0,1,21,31,1,0,1,5,13,0,0,6,0,3,26,6,1,75,2,1,4,1,0,29,0,0,1,40,1,3,0,0,0,0,0,3,0,0,22,0,1,17,5,9,4,4,16,0,2,6,1,1,7,23,9,5,10,2,5,2,2,1,1,6,3,1,4,0,1,0,0,6,0,4,1,2,0,4,1,0,1,1,56,0,3,1,1,2,0,4,2,1,0,2,2,7,1,1,1,2,11,18,8,4,0,6,0,7,25,26,10,1,5,8,0,7,10,4,0,6,6,8,2,8,3,1,5,0,0,1,0,13,0,0,6,0,0,0,6,2,5,0,0,2,0,2,1,1,8,0,0,1,0,3,4,10,0,5,6,5,2,21,138,1,0,1,26,0,8,0,1,2,2,5,2,2
DZA,0,1,1,2,6,0,0,112,29,7,0,86,27,14,1,115,9,0,3,20,20,27,1,11,0,5,0,0,2,100,1,3,0,5,2,152,86,22,261,5,19,4,3,0,65,0,1,4,2,0,0,21,42,204,2,0,32,3,0,5,141,1,367,16,19,44,0,1,1380,1,1,3,282,18,19,0,1,1,1,0,39,0,1,1,0,2,25,31,1,22,17,113,0,67,105,51,6,22,295,6,82,47,6,15,15,1,0,1,50,34,1,47,0,14,0,0,9,0,13,6,8,0,129,0,2,5,0,30,0,13,6,13,2,10,3,4,9,0,8,3,75,4,0,5,33,1,88,50,13,0,17,17,87,8,12,60,0,1,113,0,106,4,19,0,50,102,122,7,447,15,18,16,0,0,1,1,2,2,0,29,0,0,0,24,17,45,0,0,1,9,0,3,3,11,0,0,1,0,0,222,218,0,31,7,9,67,5,235,2,0,0,2,0,150,0,0,4,9,74,3,2
ECU,0,1,3,0,8,0,0,14,198,93,0,189,137,2,2,177,3,0,1,3,100,3,0,2,0,91,4,1,41,399,7,5,0,3,1,130,156,234,194,4,5,8,2,0,319,0,1,65,67,0,0,92,115,257,0,2,48,26,5,0,102,0,969,94,4,119,0,0,244,0,0,5,323,95,10,0,0,2,1,0,110,4,0,18,5,3,16,101,3,101,17,136,0,106,118,14,3,25,232,5,7,38,4,14,2,4,0,0,115,5,1,12,1,3,1,0,82,0,98,5,93,0,9,2,1,2,0,287,0,5,2,4,5,66,3,5,1,0,1,3,111,0,0,1,10,15,96,38,7,0,116,4,109,41,157,9,0,4,120,0,159,35,6,0,94,34,126,5,50,3,3,14,0,0,1,0,14,0,2,101,0,0,4,14,9,62,0,0,2,0,1,2,2,105,1,0,1,0,3,8,118,0,102,7,10,101,63,744,14,0,0,193,0,23,1,1,3,2,37,3,4
EGY,0,12,2,6,17,0,0,586,90,107,5,520,232,28,3,342,15,0,7,184,151,84,1,19,0,104,0,0,3,349,5,13,2,19,1,797,358,90,1992,6,38,4,10,0,166,0,1,15,11,0,0,137,251,1294,6,1,127,6,141,102,0,0,651,128,56,266,0,0,666,2,9,1,1483,123,55,0,1,3,0,0,281,2,0,4,1,2,8,144,2,275,89,1018,0,210,388,164,13,75,757,4,288,1037,40,60,27,3,0,2,563,225,1,185,0,100,1,0,108,0,129,17,112,1,157,2,5,3,2,301,0,21,4,15,14,79,14,15,6,0,10,14,417,3,0,1,189,1,260,102,43,0,171,186,734,19,37,61,0,3,352,0,235,13,55,0,309,187,556,20,7004,135,7,84,0,0,1,3,3,2,6,166,0,0,0,82,52,246,3,1,1,38,0,1,4,218,5,0,1,0,1,242,600,0,330,26,30,138,9,2852,29,0,2,11,1,236,0,0,12,231,280,19,13
ERI,0,0,0,0,0,0,0,0,1,0,0,3,1,0,0,3,0,0,0,0,1,0,0,0,0,0,0,0,1,2,0,0,0,0,0,1,3,2,9,0,0,0,0,0,1,0,0,0,1,0,0,0,2,3,0,0,1,1,1,0,0,0,2,1,3,1,0,0,4,0,0,0,8,0,0,0,0,0,0,0,0,0,0,0,0,0,0,3,0,3,0,9,0,0,2,0,0,0,3,0,0,0,0,0,0,0,0,0,1,0,0,0,0,0,0,0,0,0,0,1,0,0,0,0,0,0,0,1,0,0,0,0,0,0,0,0,0,0,0,0,0,1,0,0,0,0,2,3,0,0,1,0,3,0,0,0,0,0,1,0,4,0,0,0,0,0,5,0,3,3,0,0,0,0,0,0,0,0,0,0,0,0,0,2,0,4,0,0,0,0,0,0,0,5,0,0,0,0,0,0,0,0,0,1,0,1,0,8,1,0,0,0,0,2,0,0,0,1,3,0,0
ESP,0,2,9,7,40,16,0,314,1768,215,3,4049,2378,113,1,3816,21,0,18,85,544,17,3,67,1,226,5,1,64,3594,6,12,3,15,2,4180,4400,2545,3945,21,49,15,4,0,1637,0,9,177,191,2,1,368,1745,10122,2,3,2503,75,367,969,651,2,0,429,87,1682,15,6,9355,3,11,16,13693,270,64,5,6,15,1,1,2096,10,9,44,17,6,57,670,5,1073,123,1622,0,1475,1101,79,179,1418,11077,9,109,2509,66,104,39,10,0,3,1422,87,6,187,3,24,0,3,120,0,458,170,242,0,456,58,36,23,6,2446,1,121,15,112,11,93,15,106,9,0,17,15,412,26,16,5,137,28,5133,1828,48,0,631,56,420,106,409,130,0,10,2737,1,4302,117,104,0,267,1022,1925,22,709,23,46,577,2,1,2,7,19,5,1,655,1,1,5,430,694,3227,5,0,6,13,1,3,3,333,4,2,1,1,6,411,1425,0,773,60,47,465,254,14706,42,13,0,180,0,288,0,1,19,20,895,15,19
EST,0,1,1,3,14,0,0,26,43,108,0,323,255,14,2,322,6,0,2,18,155,8,0,24,0,111,0,0,1,178,2,3,0,9,1,183,319,29,348,2,10,3,0,0,120,0,1,7,3,0,0,145,251,597,0,0,260,2,16,94,128,1,429,0,16,514,0,1,424,1,5,2,743,112,16,0,1,1,0,0,227,0,2,3,1,2,1,178,3,213,23,223,0,175,164,14,64,74,448,3,17,106,31,21,18,2,0,0,150,13,1,16,0,3,0,0,90,0,216,15,234,0,13,0,15,2,0,141,0,32,1,29,2,77,1,5,1,0,5,6,121,3,1,1,22,1,305,267,12,0,149,8,143,15,19,14,0,2,330,0,235,3,9,0,104,95,322,8,72,3,2,42,0,0,1,0,1,4,0,161,0,0,0,68,90,449,1,0,1,1,0,1,1,109,3,2,1,0,1,22,188,0,125,7,11,168,2,539,17,0,0,2,0,40,0,0,6,7,52,6,4
ETH,0,4,4,6,3,0,0,44,32,5,0,290,59,14,3,181,20,0,18,52,5,12,0,0,0,5,0,0,4,67,1,2,1,42,2,165,104,17,269,18,35,15,9,0,36,0,1,8,1,0,0,8,35,255,1,0,53,1,19,4,56,3,87,16,0,43,0,0,119,0,9,3,457,8,60,0,1,8,1,0,17,0,0,3,1,2,3,23,8,17,41,368,0,27,97,35,8,21,120,4,38,78,12,178,25,7,0,0,98,20,3,9,1,8,1,0,24,6,3,11,2,0,16,0,1,7,2,49,0,5,12,2,12,0,5,34,4,0,3,35,56,10,0,3,120,1,174,156,37,0,35,9,69,16,29,30,0,2,42,0,42,7,9,0,23,34,41,47,80,20,22,37,0,0,0,5,1,0,1,24,4,0,0,15,5,113,8,0,2,16,0,2,4,33,0,0,1,0,2,19,39,0,38,88,88,16,3,662,4,0,0,5,0,74,0,0,1,11,232,41,39
FIN,0,4,5,6,13,0,0,78,156,171,3,1291,826,63,3,1005,12,0,10,60,246,12,0,25,0,165,0,1,5,670,4,6,3,15,1,1113,1281,201,1908,5,22,11,1,0,212,0,1,23,53,0,0,183,682,2903,0,0,1251,4,44,119,266,1,1682,514,43,0,1,1,1827,2,8,2,3734,129,57,1,1,4,0,0,633,1,7,6,3,4,1,330,2,488,113,601,0,468,463,28,177,341,1924,4,50,803,33,69,32,5,0,0,509,37,3,41,1,21,0,8,122,0,329,63,225,0,45,3,17,11,3,334,0,47,3,36,11,76,6,12,3,0,7,11,189,22,0,4,53,1,1560,1210,33,0,325,19,280,26,107,41,0,5,925,0,671,22,15,0,167,331,1110,14,202,12,11,252,0,0,1,3,3,2,2,238,1,0,1,179,208,2694,1,0,2,4,0,2,2,213,2,1,1,0,1,26,465,0,232,31,25,266,16,3557,24,1,0,26,0,97,0,0,5,11,354,8,7
FJI,0,0,0,1,0,0,0,3,2,0,0,147,5,0,0,5,0,0,0,9,0,1,2,0,0,0,1,0,1,4,3,0,0,0,0,16,4,2,27,1,2,0,0,2,1,0,0,0,1,0,1,0,1,15,0,1,1,1,0,0,0,0,15,0,0,1,0,0,43,0,2,0,40,0,1,0,0,1,0,0,1,0,0,2,0,0,0,0,0,3,3,44,0,3,5,0,0,0,22,1,0,28,0,5,0,0,4,0,13,0,0,0,0,0,0,0,3,1,0,0,0,0,1,1,0,1,3,5,3,0,0,0,1,0,0,0,0,0,1,0,3,0,18,1,9,0,9,3,1,0,35,0,3,1,1,4,1,8,1,0,5,1,0,0,1,0,4,0,8,6,0,4,0,0,14,0,1,0,0,0,0,0,0,0,0,7,0,0,2,0,1,0,0,6,0,0,2,12,2,0,1,2,3,7,4,0,0,70,0,0,1,0,0,3,9,7,0,0,12,1,3
FLK,0,0,0,0,0,0,0,0,2,1,0,9,1,0,0,1,0,0,0,0,1,0,0,0,0,1,0,0,0,3,0,0,0,0,0,4,0,5,1,0,0,0,0,0,1,0,0,0,0,0,0,1,1,3,0,0,1,0,1,0,0,0,6,1,0,1,0,0,8,1,0,0,34,0,1,1,1,0,1,0,2,0,1,0,0,0,0,0,0,0,0,1,0,1,0,0,2,1,3,0,0,1,0,0,0,0,0,0,1,0,0,0,0,0,0,0,0,0,0,0,0,0,1,1,1,0,0,2,0,0,0,0,0,0,0,0,1,0,0,0,0,1,0,0,0,0,1,3,0,0,4,0,0,0,1,0,0,0,1,0,4,0,0,0,0,1,3,0,1,0,1,0,2,0,0,0,0,0,0,1,0,0,0,0,0,2,0,0,0,0,0,0,0,0,0,0,0,0,0,0,0,0,1,0,0,1,0,13,0,0,0,0,0,0,0,0,0,0,6,0,0
FRA,1,3,4,4,50,7,0,420,1095,283,5,5263,2895,155,12,6269,152,0,168,121,517,28,5,48,1,261,4,8,54,3398,11,18,7,27,30,7131,7257,1368,7266,222,331,85,54,2,776,7,10,111,121,1,3,319,2156,13821,12,1,2760,29,1380,244,666,4,9355,424,119,1827,43,8,0,9,6,86,16397,274,96,3,34,17,3,0,2171,7,11,28,101,7,37,689,17,1164,290,2192,0,1559,905,72,206,1661,11959,8,119,4342,104,203,29,100,1,6,1730,90,42,974,5,34,3,4,121,5,406,341,258,0,1172,162,40,156,7,1311,2,82,90,95,40,102,28,61,25,1,46,43,456,41,135,55,164,9,6357,2099,48,0,893,78,527,80,284,168,3,22,2947,5,2366,41,99,0,303,1253,3268,40,1014,42,316,880,2,0,5,9,11,4,0,598,5,2,9,455,739,3766,7,0,23,27,1,23,50,642,10,0,2,1,10,1607,1385,0,897,83,121,614,116,19893,42,9,1,93,1,775,10,5,15,15,1335,55,66
FRO,0,0,0,0,0,0,0,0,0,0,0,2,0,0,0,0,0,0,0,0,1,0,0,0,0,0,0,0,0,2,0,0,0,0,0,3,3,1,5,0,0,0,0,0,1,0,0,0,0,0,0,1,1,5,0,0,18,0,1,0,2,0,3,1,0,2,0,1,9,0,0,0,19,0,1,0,1,0,1,0,4,0,1,0,0,0,0,1,0,1,0,3,0,2,2,0,5,2,3,0,0,0,0,1,0,0,0,0,3,0,0,0,0,0,0,0,0,0,1,0,0,0,2,1,1,0,0,0,0,0,0,1,0,0,0,0,1,0,0,0,1,1,0,0,1,0,2,7,0,0,1,0,3,0,1,0,0,0,0,0,3,0,0,0,0,2,2,0,1,0,1,1,0,0,0,0,0,0,0,1,0,0,0,0,1,6,0,0,0,0,0,0,0,0,0,0,0,0,0,0,1,0,1,0,0,0,1,14,0,0,0,0,0,0,0,0,0,0,4,0,0
FSM,0,0,0,5,0,0,0,8,9,0,0,14,1,3,0,7,6,0,0,9,3,7,0,0,0,0,0,0,0,10,0,2,1,8,0,10,7,2,10,0,6,0,0,0,9,0,0,4,0,0,0,5,4,12,0,0,7,0,1,0,9,0,11,5,9,8,2,0,6,0,0,0,28,2,9,0,0,0,0,0,4,0,0,0,0,0,0,6,0,2,9,10,0,8,9,9,5,8,10,0,9,11,6,9,9,0,0,0,9,8,0,3,0,2,0,0,7,0,0,2,0,0,0,0,0,0,0,10,1,1,0,0,0,0,0,3,0,0,0,1,9,1,1,0,9,0,9,9,10,0,9,4,9,9,9,10,0,1,9,0,9,3,7,0,9,9,9,8,9,2,0,9,0,0,2,0,0,0,0,8,0,0,0,1,3,9,0,0,0,0,0,0,0,7,0,0,0,0,0,4,2,0,9,4,3,9,0,22,2,0,0,0,0,9,1,1,0,8,10,5,1
GAB,0,1,2,0,1,0,0,1,1,1,0,9,11,1,1,27,9,0,8,1,1,0,0,0,0,1,1,0,4,6,0,2,0,2,6,17,14,1,7,14,30,17,9,0,5,0,0,1,1,0,0,1,2,53,0,0,5,1,3,5,1,0,16,2,3,2,0,0,86,0,0,0,66,1,15,0,4,5,1,0,0,0,0,1,2,1,1,1,1,1,8,3,0,1,2,1,0,1,6,1,1,9,1,11,1,3,0,0,1,0,1,1,3,1,0,0,2,0,1,0,1,0,7,0,0,5,0,2,0,1,5,0,1,0,1,8,5,0,0,4,4,1,0,4,6,1,33,5,1,0,1,0,1,2,6,4,0,2,2,0,4,1,0,0,0,1,2,3,1,1,15,5,0,0,0,2,1,0,0,2,0,0,1,1,1,4,0,0,0,0,0,5,4,3,0,0,1,0,0,1,1,0,1,8,7,1,1,56,1,0,0,4,0,6,0,0,0,1,9,1,1
