,ABW,AFG,AGO,AIA,ALB,AND,ANT,ARE,ARG,ARM,ATG,AUS,AUT,AZE,BDI,BEL,BEN,BES,BFA,BGD,BGR,BHR,BHS,BIH,BLR,BLZ,BMU,BOL,BRA,BRB,BRN,BTN,BWA,CAF,CAN,CHE,CHL,CHN,CIV,CMR,COD,COG,COK,COL,COM,CPV,CRI,CUB,CUW,CYM,CYP,CZE,DEU,DJI,DMA,DNK,DOM,DZA,ECU,EGY,ERI,ESP,EST,ETH,FIN,FJI,FLK,FRA,FRO,FSM,GAB,GBR,GEO,GGY,GHA,GIB,GIN,GMB,GNB,GNQ,GRC,GRD,GRL,GTM,GUF,GUM,GUY,HKG,HND,HRV,HTI,HUN,IDN,IMN,IND,IOT,IRL,IRN,IRQ,ISL,ISR,ITA,JAM,JEY,JOR,JPN,KAZ,KEN,KGZ,KHM,KIR,KNA,KOR,KWT,LAO,LBN,LBR,LBY,LCA,LIE,LKA,LSO,LTU,LUX,LVA,MAF,MAR,MCO,MDA,MDG,MDV,MEX,MHL,MKD,MLI,MLT,MMR,MNE,MNG,MOZ,MRT,MSR,MUS,MWI,MYS,NAM,NCL,NER,NGA,NIC,NLD,NOR,NPL,NRU,NZL,OMN,PAK,PAN,PER,PHL,PLW,PNG,POL,PRI,PRK,PRT,PRY,PSE,PYF,QAT,REU,ROU,RUS,RWA,SAU,SDN,SEN,SGP,SHN,SJM,SLB,SLE,SLV,SMR,SOM,SRB,SSD,STP,SUR,SVK,SVN,SWE,SWZ,SXM,SYC,SYR,TCA,TCD,TGO,THA,TJK,TKM,TLS,TON,TTO,TUN,TUR,TUV,TWN,TZA,UGA,UKR,URY,USA,UZB,Unnamed: 1,VAT,VCT,VEN,VGB,VIR,VNM,VUT,WSM,XKX,YEM,ZAF,ZMB,ZWE
ABW,0,0,0,0,0,0,0,0,0,0,0,2,0,0,0,1,0,0,0,0,0,0,0,0,0,0,0,0,0,0,0,0,0,0,2,1,0,0,0,0,0,0,0,0,0,0,0,0,2,0,0,0,0,0,0,0,0,0,0,0,0,0,0,0,0,0,0,1,0,0,0,3,0,0,0,0,0,0,0,0,0,0,0,0,0,0,0,0,0,0,0,0,0,0,1,0,1,0,0,0,0,1,0,0,1,0,0,0,0,0,0,0,0,0,0,0,0,1,0,0,0,0,0,0,0,1,0,0,0,0,0,0,0,0,0,0,0,0,0,0,0,0,0,0,0,0,0,0,0,0,6,0,0,0,0,0,0,0,0,0,0,0,0,0,0,0,0,0,0,0,0,0,0,0,0,0,0,0,0,0,0,0,0,0,0,0,0,0,0,0,0,1,0,0,0,0,0,0,0,0,0,0,0,0,0,0,0,0,0,0,0,0,0,13,0,0,0,0,0,0,0,0,0,0,0,1,0,0,0
AFG,0,0,1,0,0,0,0,21,0,0,0,15,9,2,0,4,1,0,2,21,6,0,0,0,0,0,0,2,8,0,4,1,0,1,8,13,1,58,2,1,1,2,0,3,0,0,0,0,0,0,1,2,17,0,0,2,0,5,2,48,0,8,1,4,3,0,0,8,0,0,2,60,0,0,5,0,0,2,2,0,5,0,0,0,0,0,0,0,0,0,0,1,9,0,79,0,5,44,14,0,1,14,0,0,5,22,1,9,1,2,0,0,6,1,3,1,2,2,0,0,4,1,0,0,0,0,5,0,0,0,2,2,0,0,2,0,6,0,0,2,1,0,0,1,26,0,0,0,13,0,9,11,10,0,1,3,119,0,4,9,0,1,4,0,0,2,0,1,0,5,0,0,3,2,72,6,2,4,0,0,0,0,0,0,1,0,0,0,0,2,0,5,0,3,0,5,0,1,1,13,2,0,0,0,0,2,14,0,2,5,2,2,1,61,1,0,0,0,0,0,0,5,0,0,0,5,11,1,0
AGO,0,1,0,0,1,0,0,0,3,1,0,7,5,1,3,7,1,0,2,3,1,0,0,0,1,0,0,1,15,0,0,0,2,2,4,4,7,8,6,7,5,4,0,13,0,2,1,4,0,0,0,2,16,0,0,6,1,1,2,1,0,51,1,4,9,0,0,9,0,0,2,20,1,0,2,0,0,2,2,0,0,0,0,2,0,0,0,0,1,2,2,1,3,0,24,0,8,3,1,0,1,8,1,0,1,5,1,7,1,1,0,0,18,0,2,2,1,1,0,0,1,1,2,0,1,0,2,0,0,1,0,37,0,1,3,0,1,0,1,10,2,0,0,2,3,2,0,0,4,1,4,2,2,0,1,0,17,1,4,2,0,1,2,0,0,46,1,0,0,2,0,1,2,3,17,2,3,2,0,0,0,0,1,0,0,2,2,1,0,1,1,3,2,1,0,0,0,1,1,3,0,0,1,0,0,3,1,0,1,4,4,1,1,38,1,0,0,0,3,0,0,1,0,0,0,1,14,4,2
AIA,0,0,0,0,0,0,0,0,0,0,0,0,0,0,0,0,0,0,0,0,0,0,0,0,0,0,1,0,0,0,0,0,0,0,1,0,1,0,0,0,0,0,0,0,0,0,0,0,0,1,0,0,0,0,0,0,0,0,0,1,0,0,0,0,0,0,0,0,0,0,0,2,0,0,1,0,0,0,0,0,0,0,0,0,0,0,0,0,0,0,0,0,0,0,2,0,0,0,0,0,0,0,1,0,0,0,0,0,0,0,0,0,0,0,0,0,0,0,0,0,0,0,0,0,0,0,0,0,0,0,0,0,0,0,0,0,0,0,0,0,0,1,0,0,0,0,0,0,1,0,1,0,0,0,0,0,0,0,0,0,0,0,0,0,0,0,0,0,0,0,0,0,0,0,1,0,0,0,0,0,0,0,0,0,0,0,0,0,0,0,0,0,0,0,0,0,1,0,0,0,0,0,0,0,0,0,0,0,0,0,0,0,0,1,0,0,0,0,0,1,0,0,0,0,0,0,1,0,0
ALB,0,0,1,0,0,0,0,10,7,8,0,14,23,6,1,15,2,0,2,7,32,0,0,22,5,0,0,2,12,1,1,0,3,1,16,24,4,25,2,4,3,1,0,5,0,0,1,1,0,0,14,25,44,0,0,17,1,8,8,11,0,41,11,5,15,0,0,27,0,0,1,60,11,0,4,0,0,1,0,0,44,0,0,1,0,0,1,0,1,35,1,17,7,0,22,0,16,15,12,5,11,166,2,0,6,24,6,3,4,1,0,0,13,2,1,7,1,4,0,0,3,1,10,4,5,0,16,2,4,1,0,9,0,47,3,6,1,21,2,1,2,0,0,1,6,0,2,2,11,1,26,13,6,0,4,4,27,4,3,3,0,1,31,0,0,28,2,8,0,3,0,48,17,1,26,2,4,7,0,0,0,2,1,1,0,36,1,0,0,11,24,18,0,0,0,2,0,2,1,15,1,0,1,0,0,7,51,0,8,3,3,11,2,51,6,0,0,0,2,0,0,5,0,0,58,5,15,1,1
AND,0,0,0,0,0,0,0,0,1,1,0,2,3,1,0,2,0,0,0,0,0,0,0,1,1,0,0,0,3,0,0,0,0,0,1,5,4,1,0,0,0,0,0,3,0,0,1,0,0,0,0,2,5,0,0,3,0,1,1,0,0,25,2,0,2,0,0,6,0,0,0,13,1,0,0,0,0,0,0,0,2,0,0,0,0,0,0,0,0,2,0,2,0,0,0,0,3,0,0,1,2,4,0,0,0,1,0,0,0,0,0,0,1,0,0,1,0,1,0,0,0,0,1,1,1,0,0,0,0,0,0,0,0,1,0,0,0,0,0,0,0,0,0,0,0,0,0,0,0,0,4,2,0,0,1,0,0,1,0,0,0,0,2,0,0,2,0,0,0,0,0,1,1,0,0,0,0,0,0,0,0,0,0,0,0,1,0,0,0,1,1,2,0,0,0,0,0,0,0,0,0,0,0,0,0,0,1,0,0,0,0,1,0,6,0,0,0,0,1,0,0,1,0,0,1,0,1,0,0
ANT,0,0,0,0,0,0,0,0,0,0,0,1,1,0,0,1,0,0,0,0,0,0,0,0,0,0,0,0,1,0,0,0,0,0,2,1,0,0,0,0,0,0,0,0,0,0,0,0,0,0,0,1,1,0,0,0,0,0,0,1,0,1,0,0,1,0,0,1,0,0,0,2,0,0,0,0,0,0,0,0,0,0,0,0,0,0,0,0,0,0,0,0,0,0,0,0,0,1,0,0,1,3,0,0,0,1,0,1,0,0,0,0,0,0,0,0,0,0,0,0,0,0,0,0,0,0,0,0,0,0,0,1,0,0,0,0,0,0,0,0,0,0,0,0,0,0,0,0,0,0,4,1,0,0,0,1,0,0,0,0,0,0,1,0,0,0,0,0,0,0,0,0,0,0,0,0,0,0,0,0,0,0,0,0,0,0,0,0,0,0,0,1,0,0,0,0,0,0,0,0,0,0,0,0,0,0,0,0,0,0,0,0,0,4,0,0,0,0,0,0,0,0,0,0,1,0,1,0,0
ARE,0,21,0,0,10,0,0,0,90,10,0,597,148,35,2,114,6,1,2,122,52,71,0,9,38,0,1,3,234,1,28,3,13,1,594,213,108,987,1,17,7,1,0,93,0,0,5,2,0,1,45,102,481,0,0,150,1,148,21,988,0,325,24,55,104,3,0,492,1,3,2,1334,43,1,36,0,2,11,0,0,215,1,0,5,0,0,4,0,1,58,0,90,94,0,1208,0,108,266,227,18,109,522,4,0,561,234,39,45,13,8,0,1,399,155,0,226,0,32,0,0,18,4,16,20,6,0,121,2,1,2,1,83,0,15,2,9,5,5,7,6,2,0,5,8,583,5,2,2,137,0,264,141,43,0,69,157,895,9,31,75,0,1,179,0,0,158,3,85,0,236,0,133,286,9,1384,46,10,178,0,0,0,3,0,0,4,102,2,1,0,55,66,218,4,1,1,19,1,2,1,107,0,0,0,0,3,127,429,0,210,13,13,26,8,1657,61,0,1,0,7,0,0,94,1,0,6,46,301,13,14
ARG,0,0,3,0,7,1,0,90,0,17,0,583,256,44,5,340,13,0,7,44,72,5,3,8,42,0,1,67,1207,5,5,3,12,1,741,463,800,468,10,22,14,5,0,515,0,0,101,37,0,2,25,194,1010,0,0,289,31,17,183,91,0,1411,36,27,123,1,3,886,1,2,7,1298,53,1,32,2,4,8,0,0,185,0,0,53,6,0,3,0,21,58,9,116,56,0,302,1,145,97,18,22,203,846,4,0,25,392,18,56,12,4,0,1,141,28,1,39,2,7,0,0,23,1,34,15,13,0,70,2,3,4,0,577,0,14,6,7,4,5,11,16,2,0,4,4,72,3,3,1,74,13,489,186,25,0,150,22,69,62,278,97,1,5,271,1,1,297,74,36,0,31,0,146,206,9,83,11,9,152,2,0,0,3,17,0,0,87,1,1,2,89,89,319,1,0,0,2,1,2,2,66,1,0,1,0,3,25,212,0,146,13,24,36,315,2202,10,0,3,0,91,0,0,40,0,1,1,6,275,14,14
ARM,0,0,1,0,8,1,0,10,17,0,0,87,127,42,2,87,3,0,2,11,81,1,1,8,80,0,0,2,125,1,0,2,2,1,39,140,25,155,2,4,3,1,0,77,0,0,3,32,0,0,64,125,202,0,0,51,2,3,62,76,0,104,74,9,113,0,0,181,0,0,1,198,95,0,9,0,3,1,0,0,129,0,0,4,0,0,2,0,1,123,5,103,43,0,143,0,80,93,10,9,27,196,2,0,5,64,19,6,8,10,0,0,116,56,1,6,1,2,0,0,63,4,68,6,63,0,7,1,11,5,0,101,0,8,3,2,4,62,7,2,2,0,0,2,74,5,0,0,6,1,69,60,8,0,64,3,113,4,42,9,0,2,148,0,0,83,5,3,0,53,0,66,248,1,31,2,1,12,0,0,0,9,3,0,0,76,2,0,0,54,21,56,0,0,0,1,0,2,1,101,3,0,1,0,0,6,123,0,75,3,4,119,2,240,58,0,0,0,4,0,0,7,0,0,3,3,52,2,1
ATG,0,0,0,0,0,0,0,0,0,0,0,1,0,0,0,0,0,0,0,0,0,0,0,0,0,0,0,0,0,0,0,0,0,0,2,0,0,0,0,0,0,0,0,0,0,0,0,0,0,0,0,0,0,0,0,0,0,0,0,3,0,2,0,0,0,0,0,0,0,0,0,4,0,0,0,0,0,0,0,0,0,0,0,0,0,0,0,0,0,0,0,0,0,0,4,0,0,0,0,0,0,0,1,0,0,0,0,0,0,0,0,0,0,0,0,0,0,0,0,0,0,0,0,0,0,0,0,0,0,0,0,0,0,0,0,0,0,0,0,0,0,0,0,0,0,0,0,0,0,0,1,0,0,0,0,0,0,0,0,0,0,0,0,0,0,0,0,0,0,0,0,0,0,0,0,0,0,0,0,0,0,0,0,0,0,0,0,0,0,0,0,0,0,0,0,0,0,0,0,0,0,0,0,0,0,0,0,0,0,0,0,0,0,12,0,0,0,0,0,0,0,0,0,0,0,0,0,0,0
AUS,2,15,7,0,14,2,1,597,583,87,1,12,1293,61,6,1935,36,0,22,1006,226,48,7,23,123,2,4,28,2119,6,72,28,44,4,5606,2652,835,15328,30,75,34,17,4,471,0,3,53,15,6,2,193,795,5751,0,1,1939,17,74,153,744,1,3339,264,318,1014,100,9,3969,6,8,14,13281,140,2,278,5,10,44,6,0,745,27,6,30,11,1,7,0,14,264,4,488,716,0,3309,0,1091,1848,393,114,775,3792,16,0,190,2819,75,261,16,68,4,7,1765,178,37,114,10,35,1,5,356,2,178,93,102,0,150,39,7,29,2,652,2,48,30,39,57,59,34,37,2,1,16,53,1612,28,40,4,382,2,3661,1202,210,2,2599,125,1039,71,146,351,6,101,1289,0,0,926,15,69,2,343,0,351,1016,27,1769,48,39,1766,2,0,19,15,7,0,2,271,4,1,4,147,246,2397,6,2,13,21,1,1,7,808,2,0,17,14,17,117,843,2,1101,92,123,210,72,15111,77,0,2,0,43,0,0,734,14,23,19,35,1505,47,52
AUT,0,9,5,0,23,3,1,148,256,127,0,1293,2,82,3,1311,12,0,11,53,237,4,2,54,118,1,3,11,710,6,7,2,8,2,1378,2501,245,1494,10,26,7,4,0,206,0,2,27,46,3,1,158,1175,6904,0,0,919,7,21,94,257,0,1990,225,50,662,3,1,2398,2,0,14,3852,137,0,30,1,3,8,3,0,671,9,7,12,5,0,2,0,6,435,1,651,115,0,602,1,395,379,46,78,429,3120,8,0,137,896,44,53,9,5,0,1,380,79,4,45,3,10,0,55,80,2,183,104,147,0,76,11,16,5,0,268,0,47,5,27,12,73,17,6,2,0,4,7,171,18,3,2,66,1,1935,733,34,0,259,19,215,23,82,84,0,7,1099,0,0,666,10,44,0,89,0,398,832,9,271,11,18,207,3,0,1,4,4,2,0,342,1,0,2,331,462,1256,2,0,3,10,1,3,2,215,4,0,1,0,1,35,567,0,308,17,36,240,43,4435,69,0,1,0,21,0,0,73,3,1,11,4,360,14,5
AZE,0,2,1,0,6,1,0,35,44,42,0,61,82,0,1,16,2,0,2,13,44,3,0,4,50,0,0,1,92,2,2,0,3,1,121,86,48,143,1,5,3,0,0,49,0,0,1,31,0,0,9,87,121,0,0,85,2,2,4,22,0,68,8,10,44,0,0,98,0,1,1,159,52,0,6,0,0,5,0,0,84,0,0,2,0,0,2,0,2,47,1,78,42,0,87,0,7,76,38,2,50,181,2,0,13,84,22,5,6,2,0,0,42,4,1,13,0,7,0,0,11,0,7,0,5,0,45,2,7,3,0,44,0,4,4,0,1,3,3,2,2,0,1,1,20,1,0,1,16,1,87,80,9,0,5,4,75,6,38,38,0,1,108,0,0,66,1,32,0,8,0,99,186,1,59,3,1,9,0,0,0,1,2,0,0,52,0,1,0,72,45,80,0,0,0,4,0,2,1,44,3,0,1,0,0,8,229,0,114,1,5,59,2,134,14,0,0,0,1,0,0,14,0,0,2,9,87,1,1
BDI,0,0,3,0,1,0,0,2,5,2,0,6,3,1,0,10,7,0,5,2,3,1,0,1,1,0,0,2,5,0,1,1,5,2,5,9,3,31,5,14,11,3,0,4,0,0,0,1,0,0,0,5,8,0,0,4,2,1,2,4,1,5,4,8,5,0,0,15,0,0,5,12,2,0,7,0,1,1,1,0,1,0,0,2,1,0,0,0,1,2,2,3,5,0,4,0,1,3,1,2,3,5,2,0,2,4,2,18,2,1,1,0,5,0,1,2,1,2,0,0,1,2,3,1,3,0,5,0,0,1,0,5,0,2,5,0,0,0,2,7,2,0,2,5,3,3,0,2,11,1,7,5,3,0,3,1,5,1,1,2,0,2,3,0,0,4,1,0,0,2,0,3,4,6,2,3,5,2,0,0,1,0,1,0,0,2,3,0,1,3,2,4,3,0,0,0,0,2,1,4,0,0,1,0,0,1,2,0,2,12,12,2,1,20,2,0,0,0,2,0,0,3,1,0,0,2,9,5,6
BEL,1,4,7,0,15,2,1,114,340,87,0,1935,1311,16,10,0,72,1,62,55,248,7,3,30,78,1,3,34,963,3,7,1,26,3,1985,2524,338,2470,27,91,136,25,0,244,0,0,30,49,0,1,176,859,4945,0,0,1328,13,95,146,333,0,3276,237,151,896,8,3,5148,2,2,17,6357,111,0,59,3,19,19,5,0,891,3,4,16,11,0,3,0,8,351,8,528,110,0,771,1,745,420,27,83,586,4223,3,0,46,1075,66,183,8,22,1,5,560,122,7,113,4,21,0,1,102,2,223,248,132,0,154,15,14,26,0,336,0,53,15,72,9,67,10,30,3,0,7,27,206,5,5,11,141,3,4771,818,35,0,342,29,214,38,93,55,0,5,1209,0,1,1057,12,13,0,116,0,404,693,41,360,13,36,275,2,0,0,8,3,1,3,278,3,2,2,149,324,1632,3,0,3,15,1,4,4,206,1,0,1,0,5,107,585,0,326,72,116,175,43,6001,69,0,2,0,21,0,0,211,1,1,10,6,597,20,22
BEN,0,1,1,0,2,0,0,6,13,3,0,36,12,2,7,72,0,0,45,8,4,2,0,2,1,0,0,4,26,0,1,4,12,3,32,34,6,36,33,53,16,16,0,13,0,0,3,1,0,0,5,10,60,0,0,18,2,6,2,11,1,25,5,18,10,0,0,114,1,1,23,95,6,0,64,0,7,10,2,0,3,0,0,7,2,0,0,0,2,6,3,5,10,0,29,0,3,13,2,3,5,23,3,0,4,14,4,46,3,3,1,0,12,1,2,4,6,3,0,0,6,2,3,1,3,0,18,1,0,1,0,10,0,2,23,0,3,0,6,16,4,0,2,20,11,4,0,13,61,1,35,13,12,0,9,2,17,4,6,8,0,4,6,0,0,11,1,1,0,4,0,15,14,12,7,5,28,5,0,0,1,6,1,0,1,9,2,0,1,4,3,21,3,0,2,0,0,2,20,13,0,0,4,0,2,4,16,0,16,26,39,6,2,98,2,0,0,0,2,0,0,11,1,0,0,3,55,13,11
BES,0,0,0,0,0,0,0,1,0,0,0,0,0,0,0,1,0,0,0,0,0,0,0,0,0,0,0,0,0,0,0,0,0,0,0,0,0,0,0,0,0,0,0,0,0,0,0,0,0,0,0,0,0,0,0,0,0,0,0,0,0,0,0,0,0,0,0,0,0,0,0,0,0,0,0,0,0,0,0,0,0,0,0,0,0,0,0,0,0,0,0,0,0,0,0,0,0,0,0,0,0,1,0,0,0,0,0,0,0,0,0,0,0,0,0,0,0,0,0,0,0,0,0,0,0,0,0,0,0,0,1,0,0,0,0,0,0,0,0,0,0,0,0,0,0,0,0,0,0,0,3,1,0,0,0,0,0,0,0,0,0,0,0,0,0,0,0,0,0,0,0,0,0,0,0,0,0,0,0,0,0,0,0,0,0,0,0,0,0,0,0,0,0,0,0,0,0,0,0,0,0,0,0,0,0,0,0,0,0,0,0,0,0,3,0,0,0,0,0,0,0,0,0,0,0,0,0,0,0
BFA,0,2,2,0,2,0,0,2,7,2,0,22,11,2,5,62,45,0,0,11,2,1,0,0,1,0,0,3,13,0,0,1,6,5,47,56,7,13,41,37,18,18,0,8,0,1,2,1,0,0,3,7,51,0,0,11,1,4,4,10,1,25,1,16,8,0,0,145,0,0,17,125,5,0,57,0,14,11,7,1,2,0,0,2,1,0,0,0,2,2,2,1,9,0,16,0,3,6,1,2,2,27,1,0,2,27,3,60,1,17,1,0,8,0,5,2,6,3,0,0,5,2,1,2,1,0,15,1,0,5,0,4,0,1,46,1,3,0,3,14,5,0,3,17,3,3,0,26,52,1,48,6,6,0,4,0,8,3,6,5,0,3,2,0,0,6,1,1,0,0,0,6,3,8,3,11,56,4,0,0,1,4,1,0,0,1,2,0,0,4,2,20,2,0,1,0,0,6,19,13,0,0,3,0,1,4,2,0,24,26,25,5,2,146,4,0,0,0,1,0,0,7,1,0,0,2,50,14,11
BGD,0,21,3,0,7,0,0,122,44,11,0,1006,53,13,2,55,8,0,11,0,21,34,2,7,12,0,0,11,130,5,40,3,12,2,361,110,54,853,6,15,18,4,0,51,0,0,4,5,0,0,15,45,219,0,0,71,4,30,27,323,0,154,15,61,78,5,0,113,3,3,3,696,15,0,56,0,3,19,3,0,62,0,0,12,0,0,4,0,3,32,7,40,146,0,1044,0,45,139,103,8,29,166,3,0,84,569,26,68,15,16,0,1,451,24,8,21,2,20,0,0,51,6,9,9,4,0,45,1,1,5,2,77,0,10,18,5,23,1,11,16,3,0,2,20,694,4,2,2,119,1,120,63,83,0,50,46,514,12,45,71,0,8,78,0,0,77,5,15,0,81,0,91,96,12,1072,28,8,89,0,0,0,9,1,0,1,28,2,1,0,32,18,123,1,0,1,19,0,2,1,183,0,0,1,0,2,19,196,0,96,32,42,25,7,1187,20,0,0,0,4,0,0,107,0,6,6,18,128,19,17
BGR,0,6,1,0,32,0,0,52,72,81,0,226,237,44,3,248,4,0,2,21,2,4,1,39,101,0,0,4,207,1,2,1,7,1,148,271,68,244,2,6,2,0,0,113,0,0,4,2,0,0,97,252,512,0,0,132,5,14,66,138,0,388,106,18,169,1,0,369,0,0,3,532,115,0,7,1,0,3,0,0,292,4,0,6,0,0,0,0,4,196,1,235,30,0,191,0,139,102,28,13,104,477,4,0,9,163,33,12,11,2,0,0,135,63,2,41,0,7,0,0,65,0,120,13,102,0,44,1,13,2,0,128,0,55,2,16,0,76,6,3,1,0,6,3,93,2,0,4,36,2,208,102,9,0,90,9,101,8,18,40,0,2,401,0,0,226,3,22,0,57,0,212,301,2,66,3,11,40,0,0,0,0,1,1,0,242,0,0,1,138,111,178,0,0,0,3,0,1,1,115,1,0,1,0,1,10,254,0,113,6,9,135,4,480,64,0,0,0,2,0,0,19,0,0,11,5,80,2,0
BHR,0,0,0,0,0,0,0,71,5,1,0,48,4,3,1,7,2,0,1,34,4,0,0,2,0,0,0,0,17,0,5,1,5,0,55,17,2,57,1,4,2,0,0,11,0,0,0,0,0,0,2,6,34,0,0,5,1,12,1,103,0,19,5,12,14,0,0,24,0,2,0,114,1,0,13,0,0,6,0,0,11,0,0,2,0,0,2,0,0,10,0,8,15,0,79,0,21,44,27,3,6,60,1,0,52,14,9,8,7,1,0,0,28,36,0,18,0,10,0,0,7,0,1,1,1,0,10,0,0,0,0,15,0,1,0,2,0,0,4,3,0,0,1,0,56,0,0,0,15,0,18,13,9,0,10,35,145,3,6,9,0,1,19,0,0,11,0,11,0,41,0,12,13,4,183,11,0,18,0,0,0,2,0,0,0,11,0,0,0,4,2,11,0,0,0,4,0,0,0,10,0,0,0,0,1,44,46,0,10,2,1,3,1,76,5,0,0,0,2,0,0,11,0,0,1,7,20,3,4
BHS,0,0,0,0,0,0,0,0,3,1,0,7,2,0,0,3,0,0,0,2,1,0,0,1,0,0,0,1,4,1,0,0,3,0,10,4,3,4,0,0,0,0,1,1,0,0,2,1,0,0,1,1,12,0,0,3,0,0,1,1,0,5,1,0,1,1,0,4,0,0,0,23,0,0,0,0,0,0,0,0,3,0,0,1,0,0,1,0,0,2,1,1,1,0,6,0,5,1,0,0,6,7,0,0,0,2,0,0,0,0,0,1,0,1,0,0,0,0,0,0,0,0,0,0,0,0,0,0,0,0,0,4,0,0,0,1,0,0,0,0,0,0,0,0,1,0,1,0,0,0,3,1,0,0,3,0,0,1,1,1,0,0,1,0,0,5,0,0,0,1,0,1,4,0,3,0,0,1,0,0,0,0,0,0,0,1,0,0,0,0,0,3,0,0,0,1,0,0,0,1,0,0,0,0,2,0,2,0,0,0,0,1,1,44,0,0,0,0,2,0,0,0,0,0,0,0,2,0,1
BIH,0,0,0,0,22,1,0,9,8,8,0,23,54,4,1,30,2,0,0,7,39,2,1,4,12,0,0,0,22,1,1,1,1,0,20,43,3,32,0,3,1,0,0,6,0,0,1,0,0,0,15,53,87,0,0,36,1,6,3,18,0,55,20,4,23,0,0,52,1,0,0,96,12,0,1,0,0,0,0,0,44,0,0,2,0,0,1,0,0,177,0,35,5,0,39,0,31,19,2,5,19,84,2,0,10,27,4,2,3,1,0,0,8,3,0,11,0,3,0,0,2,0,30,6,13,0,9,1,4,0,0,10,0,40,1,11,2,42,3,2,1,0,0,0,7,0,0,1,8,0,42,36,3,0,5,5,28,3,2,1,0,1,41,0,0,42,1,2,0,12,0,62,33,0,24,2,2,8,0,0,0,1,0,1,1,311,0,0,0,32,100,28,0,0,0,3,0,1,0,7,1,0,0,0,0,9,57,0,4,2,1,18,1,73,4,0,0,0,1,0,0,2,0,0,23,2,19,2,1
BLR,0,0,1,0,5,1,0,38,42,80,0,123,118,50,1,78,1,0,1,12,101,0,0,12,0,0,0,1,117,0,1,1,1,1,64,124,51,299,1,1,1,1,0,103,0,0,0,1,0,0,64,134,211,0,0,59,1,2,64,92,0,132,73,8,94,0,0,173,0,0,2,218,115,0,4,0,0,1,0,0,120,0,0,1,0,0,0,0,2,75,4,114,14,0,109,0,69,91,28,1,62,145,2,0,16,57,32,6,6,0,0,0,74,54,1,4,0,2,0,0,58,3,109,4,75,0,45,0,8,1,0,63,0,6,1,1,3,54,2,3,1,0,0,2,76,0,0,2,7,1,77,59,3,0,62,3,73,3,6,36,0,2,199,0,0,126,2,30,0,53,0,79,544,2,64,2,5,16,1,0,0,1,1,0,0,118,0,0,0,59,52,66,0,0,1,1,0,1,1,77,3,0,1,0,0,6,138,0,100,3,3,110,1,200,66,0,0,0,1,0,0,12,0,0,3,1,59,1,0
BLZ,0,0,0,0,0,0,0,0,0,0,0,2,1,0,0,1,0,0,0,0,0,0,0,0,0,0,0,0,0,1,0,0,0,0,2,0,0,0,0,0,0,0,0,1,0,0,2,0,0,0,0,0,2,0,0,1,0,0,0,0,0,1,0,0,0,1,0,0,0,0,0,8,0,0,0,0,0,0,0,0,0,0,0,3,0,0,0,0,1,0,0,0,0,0,2,0,2,0,0,0,0,0,2,0,0,0,0,0,0,0,0,0,0,0,0,0,0,0,0,0,0,0,0,0,0,0,0,1,0,0,0,6,0,0,0,0,0,0,0,0,0,0,0,0,0,0,0,0,0,0,2,3,0,0,0,0,0,1,0,0,0,0,0,0,0,0,0,0,0,0,0,0,1,0,0,0,0,0,0,0,0,0,0,0,0,0,0,0,0,0,0,0,0,0,0,0,0,0,0,0,0,0,0,0,1,0,0,0,0,0,0,0,0,30,0,0,0,0,0,0,0,0,0,0,0,0,0,0,0
BMU,0,0,0,1,0,0,0,1,1,0,0,4,3,0,0,3,0,0,0,0,0,0,0,0,0,0,0,0,1,0,0,0,0,0,10,1,0,3,0,0,0,0,1,0,0,0,0,0,0,2,1,0,7,0,0,1,1,0,2,0,0,2,0,0,1,0,1,1,0,0,0,21,0,0,0,1,0,0,0,0,0,0,0,0,0,0,0,0,0,0,0,0,0,0,0,1,4,0,0,1,1,3,1,0,0,2,0,0,0,0,0,1,0,0,0,0,0,0,0,0,1,0,1,0,0,0,0,1,0,0,0,0,0,0,0,0,0,0,0,0,0,3,0,0,0,0,0,0,0,0,2,3,0,0,1,0,0,1,0,0,0,0,0,0,0,1,0,0,1,0,0,0,0,0,0,0,0,0,2,0,0,0,0,0,0,0,0,0,0,0,0,1,0,0,1,0,2,0,0,0,0,0,0,0,1,0,0,0,0,0,0,0,0,28,0,0,0,0,0,1,0,0,0,1,0,0,2,0,0
BOL,0,2,1,0,2,0,0,3,67,2,0,28,11,1,2,34,4,0,3,11,4,0,1,0,1,0,0,2,82,0,3,0,4,1,35,30,61,22,5,8,4,1,0,69,0,0,19,9,0,0,1,10,40,0,0,10,8,1,42,8,0,44,3,6,6,2,0,44,1,1,2,71,4,0,9,0,1,2,0,0,2,0,0,15,4,0,2,0,13,4,7,6,10,0,20,0,8,4,3,2,7,30,2,0,3,20,2,14,2,2,0,0,10,1,1,4,1,2,0,0,6,1,2,2,2,0,2,1,0,1,0,45,0,1,3,0,1,0,3,2,1,0,4,3,5,0,1,0,10,6,22,9,9,0,11,2,9,13,70,9,0,1,5,0,0,11,20,2,0,1,0,8,10,5,7,1,6,7,0,0,0,3,9,0,0,5,1,0,2,5,3,33,1,0,0,0,0,1,1,10,0,0,1,0,1,3,10,0,3,7,6,5,21,125,1,0,0,0,22,0,0,6,0,0,0,1,17,3,2
BRA,0,8,15,0,12,3,1,234,1207,125,0,2119,710,92,5,963,26,0,13,130,207,17,4,22,117,0,1,82,4,8,13,4,27,3,2647,1344,1264,1810,22,62,27,14,0,1259,0,7,159,119,0,1,109,523,3243,0,0,764,27,55,351,351,0,2995,160,84,498,5,0,2609,3,3,15,4567,140,1,85,4,5,16,0,0,504,2,1,57,19,0,11,0,27,225,13,393,165,0,1247,0,473,551,78,40,403,2732,22,0,72,1204,39,148,16,15,0,4,618,99,4,103,3,19,2,9,110,2,122,41,102,1,105,13,8,20,0,1062,0,27,11,26,8,60,18,105,2,0,12,28,277,9,8,8,233,11,1448,565,86,0,394,54,400,95,629,182,1,11,841,1,0,2371,92,58,0,132,0,351,786,24,426,28,31,290,2,0,1,7,15,1,2,226,2,1,9,157,166,1181,5,1,5,14,0,2,6,332,3,0,3,0,11,94,621,0,355,49,82,231,314,8815,67,0,13,0,138,0,0,134,1,0,9,18,679,24,35
BRB,0,0,0,0,1,0,0,1,5,1,0,6,6,2,0,3,0,0,0,5,1,0,1,1,0,1,0,0,8,0,0,0,0,0,13,6,4,9,0,3,1,0,0,6,0,0,1,3,0,0,3,2,9,0,1,5,1,1,1,5,0,5,0,2,3,7,0,9,0,0,0,50,0,0,8,0,0,0,0,0,5,2,0,1,0,0,1,0,0,3,0,1,2,0,9,0,2,4,0,0,2,6,14,0,1,3,0,4,0,0,1,0,1,0,0,1,0,1,1,0,2,0,1,0,0,0,1,0,0,1,0,9,0,0,1,1,1,1,2,0,1,0,1,0,5,1,0,0,9,0,7,2,1,0,1,0,5,5,1,4,0,0,3,1,0,2,0,1,0,0,0,3,2,0,2,1,1,3,0,0,0,1,0,0,0,2,0,0,0,1,1,3,1,0,2,2,0,1,0,2,0,0,0,1,16,1,5,0,1,0,2,2,2,63,1,0,0,1,1,0,0,1,0,0,0,2,11,0,1
BRN,0,4,0,0,1,0,0,28,5,0,0,72,7,2,1,7,1,0,0,40,2,5,0,1,1,0,0,3,13,0,2,0,2,0,22,17,6,97,3,4,2,0,0,8,0,0,1,1,0,0,3,14,22,0,0,7,0,4,2,23,0,17,4,6,7,0,0,20,0,1,2,88,1,0,6,0,0,3,0,0,10,0,0,1,2,0,1,0,0,5,0,7,93,0,72,0,5,33,12,0,5,23,1,0,16,22,4,7,1,2,0,0,28,3,7,2,1,6,0,0,13,0,3,0,0,0,16,0,0,0,2,6,0,0,0,2,3,0,3,0,0,0,1,0,181,0,1,1,15,0,19,28,6,0,6,17,87,5,9,7,0,0,19,0,0,11,1,1,0,15,0,8,16,0,103,3,1,32,0,0,0,2,0,0,0,8,0,0,1,4,5,7,1,0,0,2,0,0,0,23,0,0,0,0,0,6,16,0,38,8,7,2,0,65,1,0,0,0,1,0,0,13,0,0,0,15,12,2,0
BTN,0,1,0,0,0,0,0,3,3,2,0,28,2,0,1,1,4,0,1,3,1,1,0,1,1,0,0,0,4,0,0,0,1,0,4,5,1,7,1,1,1,0,0,2,0,0,1,0,0,0,0,2,8,0,0,4,1,0,0,2,0,2,2,1,1,0,0,4,0,0,1,17,2,0,2,0,0,0,0,0,2,0,0,2,0,0,0,0,0,2,0,2,3,0,40,0,1,3,0,2,3,5,1,0,1,9,2,1,1,1,0,0,5,0,0,2,0,0,0,0,3,0,1,1,1,0,1,0,0,1,1,1,0,2,0,0,0,2,3,2,0,0,0,0,3,0,0,0,2,0,10,2,12,0,3,2,9,1,0,1,0,1,2,0,0,4,0,0,0,1,0,3,3,1,8,1,0,4,1,0,0,0,0,0,0,0,0,0,0,1,1,4,1,0,2,0,0,0,2,9,0,0,2,0,2,0,1,0,4,3,2,0,0,23,1,0,0,0,1,0,0,1,0,0,0,0,6,0,0
BWA,0,0,2,0,3,0,0,13,12,2,0,44,8,3,5,26,12,0,6,12,7,5,3,1,1,0,0,4,27,0,2,1,0,1,37,33,12,36,5,39,11,3,0,12,0,0,0,1,0,0,1,15,49,0,0,18,2,6,2,25,0,21,7,67,19,0,0,30,1,2,2,155,3,1,30,0,0,6,1,0,9,0,0,4,0,0,1,0,1,13,6,8,14,0,76,0,13,18,10,3,7,32,2,0,9,22,5,62,5,2,0,0,22,3,1,6,2,7,0,0,6,10,5,3,4,0,16,0,0,3,0,22,0,4,5,1,0,1,4,14,1,0,4,37,21,12,2,2,54,1,25,38,12,0,12,7,15,4,8,15,0,2,18,0,0,18,2,2,0,11,0,14,12,22,18,8,5,15,0,0,0,3,1,0,0,9,4,0,0,3,9,29,14,0,0,0,0,1,2,23,0,0,2,0,0,6,13,0,13,27,41,6,5,195,3,0,0,0,2,0,0,8,0,0,2,4,189,28,47
CAF,0,1,2,0,1,0,0,1,1,1,0,4,2,1,2,3,3,0,5,2,1,0,0,0,1,0,0,1,3,0,0,0,1,0,2,4,1,7,4,13,2,3,0,2,0,0,0,1,0,0,0,5,3,0,0,2,1,1,1,3,1,3,1,3,1,0,0,23,0,0,6,6,1,0,2,0,2,2,2,1,0,0,0,1,0,0,0,0,1,1,1,1,3,0,5,0,2,1,1,0,1,5,1,0,1,1,1,3,1,1,1,0,2,0,2,1,1,1,0,0,1,0,1,2,1,0,3,0,0,3,0,1,0,1,4,0,1,0,2,3,3,0,1,2,1,0,0,4,5,1,4,1,2,0,1,0,2,1,1,1,0,2,2,0,0,2,1,0,0,0,0,1,1,1,0,4,5,1,0,0,1,0,1,0,0,1,1,0,0,1,1,2,0,0,0,0,0,5,8,3,0,0,2,0,0,3,2,0,1,3,5,1,1,10,1,0,0,0,1,0,0,3,1,0,0,2,4,3,2
CAN,2,8,4,1,16,1,2,594,741,39,2,5606,1378,121,5,1985,32,0,47,361,148,55,10,20,64,2,10,35,2647,13,22,4,37,2,2,3049,870,10862,37,97,41,14,2,500,1,4,87,60,5,1,139,816,6161,1,2,1686,22,178,119,824,0,3406,191,188,992,10,6,5538,8,5,53,10520,94,1,183,26,10,22,2,0,728,13,36,38,12,1,14,0,15,255,17,448,179,0,2426,0,937,2133,155,114,1221,4349,24,0,256,2472,68,280,19,16,0,20,1536,160,7,244,13,34,1,7,94,3,103,112,51,1,305,21,10,32,0,941,0,39,15,55,18,8,23,35,5,1,15,41,518,18,11,6,352,8,3500,1296,102,0,913,131,690,74,202,213,3,11,1262,1,3,932,26,94,0,264,0,395,1034,61,1484,40,55,954,2,0,1,16,7,1,5,229,4,1,4,154,226,2170,5,2,12,21,0,3,4,414,2,0,1,1,25,246,987,0,950,107,158,134,92,24771,14,0,5,0,41,0,0,222,5,2,9,37,1265,52,48
CHE,1,13,4,0,24,5,1,213,463,140,0,2652,2501,86,9,2524,34,0,56,110,271,17,4,43,124,0,1,30,1344,6,17,5,33,4,3049,4,502,3045,63,79,69,61,0,358,0,3,43,55,1,0,197,980,10181,0,1,1716,15,42,118,339,0,3636,250,115,991,6,0,5889,2,4,16,8866,168,0,137,5,18,30,3,6,1158,0,5,22,8,0,5,0,6,403,11,620,189,0,1197,0,738,554,32,107,808,6001,20,0,85,1633,47,232,25,30,0,2,816,101,22,134,11,25,0,30,121,19,220,151,146,0,124,24,19,37,0,456,0,57,25,64,27,71,28,53,3,0,8,68,235,23,8,12,181,2,4005,1184,76,1,462,40,249,59,152,178,2,11,1370,0,0,1161,21,50,0,150,1,543,1007,57,321,42,52,597,1,0,0,23,5,2,2,369,6,1,3,235,382,2097,9,0,7,8,0,7,7,317,5,0,6,0,5,68,815,1,438,132,137,286,65,10861,68,0,2,0,28,0,0,131,1,1,18,8,860,63,62
CHL,0,1,7,1,4,4,0,108,800,25,0,835,245,48,3,338,6,0,7,54,68,2,3,3,51,0,0,61,1264,4,6,1,12,1,870,502,0,840,11,16,9,3,1,606,0,0,98,51,0,0,28,242,1419,0,0,368,33,21,277,115,0,2103,40,31,224,0,3,1093,0,0,6,1876,55,1,22,0,1,6,1,0,201,3,2,54,5,0,1,0,31,62,10,128,46,0,575,0,185,169,15,20,244,1050,6,0,25,507,36,37,4,3,0,2,307,10,2,27,2,6,1,1,15,2,28,19,23,0,83,5,5,6,0,669,0,13,2,8,0,2,5,10,1,0,4,4,129,4,5,1,58,10,646,207,19,0,170,15,132,55,351,85,1,2,321,0,0,372,74,38,0,29,0,164,273,6,167,7,11,72,2,0,0,3,22,0,0,119,2,0,2,75,74,391,0,0,2,2,0,2,3,92,0,0,1,0,5,30,234,0,220,10,24,49,151,2776,7,0,28,0,101,0,0,45,1,0,5,13,357,7,15
CHN,0,58,8,0,25,1,0,987,468,155,0,15328,1494,143,31,2470,36,0,13,853,244,57,4,32,299,0,3,22,1810,9,97,7,36,7,10862,3045,840,104,36,119,43,13,0,407,1,2,38,87,1,2,214,1246,10916,0,0,2633,14,226,218,2989,22,3980,297,384,1916,21,0,6155,8,3,20,20309,194,1,477,4,9,23,0,1,1021,8,5,15,4,0,9,1,8,367,6,712,509,0,5041,0,1211,2499,544,118,1243,5064,15,1,212,9093,247,320,71,45,1,10,6478,200,36,152,9,39,0,3,266,7,203,141,124,0,252,15,15,27,2,901,0,54,16,37,161,71,169,24,7,0,26,43,2717,25,7,11,779,2,4239,1653,273,0,1595,213,7283,46,168,621,1,12,2215,0,72,1215,17,91,1,472,0,790,3257,79,5145,216,36,6913,1,0,0,36,2,0,7,415,4,1,5,347,318,3694,6,0,5,48,0,7,24,1814,38,1,2,0,14,283,1856,0,4553,147,79,523,64,47523,319,0,5,1,28,0,0,887,0,7,9,188,1411,53,47
CIV,0,2,6,0,2,0,0,1,10,2,0,30,10,1,5,27,33,0,41,6,2,1,0,0,1,0,0,5,22,0,3,1,5,4,37,63,11,36,0,36,24,13,0,11,0,2,3,1,0,0,1,8,49,0,0,9,2,6,2,9,1,28,4,25,6,1,0,197,0,0,12,93,2,0,34,0,10,8,3,1,2,0,0,3,6,0,0,0,1,2,5,2,10,0,28,0,2,7,1,1,7,29,1,0,2,10,3,41,1,4,1,0,6,1,4,3,6,2,0,1,4,6,2,0,1,0,22,1,0,7,0,10,0,1,25,0,4,0,2,20,8,0,6,14,9,7,2,15,37,1,33,5,6,0,6,1,9,4,8,6,0,3,8,0,0,15,1,1,0,0,0,8,11,12,6,8,47,8,0,0,1,11,1,0,0,4,6,0,1,3,2,14,5,0,2,0,0,6,17,15,0,0,1,0,0,3,14,0,7,27,25,3,3,107,1,0,0,0,4,0,0,9,1,0,0,2,38,14,14
CMR,0,1,7,0,4,0,0,17,22,4,0,75,26,5,14,91,53,0,37,15,6,4,0,3,1,0,0,8,62,3,4,1,39,13,97,79,16,119,36,2,59,32,0,22,0,1,3,2,0,0,2,32,180,0,0,25,4,12,11,55,1,42,8,40,14,0,0,251,1,1,29,257,7,0,70,0,10,13,3,1,15,0,0,5,5,0,2,0,2,10,4,10,22,0,138,0,8,28,20,4,11,84,6,0,11,53,7,94,6,9,1,0,26,5,3,5,4,7,0,1,12,7,3,3,3,0,44,1,0,7,0,24,0,3,10,1,3,2,6,25,6,0,4,25,25,10,2,10,105,1,47,26,13,0,16,6,48,10,12,22,0,5,26,0,0,16,2,2,0,11,0,26,22,28,58,15,40,14,0,0,1,9,2,0,2,14,8,2,2,8,6,32,8,0,3,5,0,17,11,24,1,0,2,0,1,13,51,0,35,54,51,8,3,280,6,0,0,0,5,0,0,28,2,0,0,5,205,29,37
COD,0,1,5,0,3,0,0,7,14,3,0,34,7,3,11,136,16,0,18,18,2,2,0,1,1,0,0,4,27,1,2,1,11,2,41,69,9,43,24,59,4,29,0,15,0,1,1,2,0,0,4,13,50,0,0,10,2,12,5,20,1,20,4,34,9,0,0,90,0,0,11,119,2,0,38,0,12,5,2,1,6,0,0,7,4,0,2,0,1,7,6,4,17,0,29,0,7,9,4,2,4,26,1,0,4,28,3,64,2,3,1,0,9,2,5,1,11,5,0,0,9,6,3,5,2,0,11,1,0,4,0,11,0,2,29,0,3,1,6,18,6,0,3,19,14,5,0,7,64,1,35,24,14,0,8,5,25,10,8,10,1,2,9,0,0,10,1,1,0,4,0,8,9,23,7,9,16,10,0,0,1,15,1,0,2,6,8,1,1,4,2,27,4,0,1,1,0,3,7,23,1,0,1,0,1,13,5,0,12,29,55,5,2,180,3,0,0,0,2,1,0,12,1,0,0,5,82,25,20
COG,0,2,4,0,1,0,0,1,5,1,0,17,4,0,3,25,16,0,18,4,0,0,0,0,1,0,0,1,14,0,0,0,3,3,14,61,3,13,13,32,29,2,0,3,0,0,1,0,0,0,1,4,62,0,0,23,1,0,3,16,0,11,0,13,4,0,0,65,0,0,22,104,1,0,29,0,4,5,2,1,2,0,0,1,1,0,0,0,0,1,2,3,7,0,26,0,2,3,1,1,1,22,1,0,1,6,2,46,0,1,0,0,3,0,3,1,7,0,0,0,3,3,1,1,0,0,7,1,0,4,0,9,0,0,7,0,2,0,0,16,2,0,1,7,3,2,0,3,33,0,18,7,3,0,1,3,10,5,3,11,0,1,1,0,0,13,2,1,0,1,0,1,4,12,7,4,18,4,0,0,0,9,0,0,0,0,3,0,0,1,2,15,1,0,2,3,0,2,3,9,1,0,1,0,0,1,1,0,1,18,26,2,1,92,0,0,0,0,0,0,1,4,0,0,0,2,49,19,15
COK,0,0,0,0,0,0,0,0,0,0,0,4,0,0,0,0,0,0,0,0,0,0,1,0,0,0,1,0,0,0,0,0,0,0,2,0,1,0,0,0,0,0,0,0,0,0,0,0,0,0,0,0,0,0,0,1,0,0,1,0,0,1,0,0,0,0,0,1,0,0,0,4,0,0,0,0,0,0,0,0,1,0,0,0,0,0,0,0,0,1,0,0,0,0,0,0,1,0,0,0,0,1,0,0,0,0,0,0,0,0,0,1,0,0,0,0,0,0,0,0,1,0,0,0,0,0,0,0,0,0,0,1,0,0,0,0,0,0,0,0,0,1,0,0,0,0,0,0,0,0,0,0,0,0,3,0,0,0,0,0,0,0,0,0,0,3,0,0,0,0,0,0,0,0,0,0,0,0,0,0,0,0,0,0,0,0,0,0,0,0,0,0,0,0,1,0,0,0,0,0,0,0,0,0,1,0,0,0,0,0,0,0,0,2,0,0,0,0,0,0,0,0,0,0,0,0,1,0,0
COL,0,3,13,0,5,3,0,93,515,77,0,471,206,49,4,244,13,0,8,51,113,11,1,6,103,1,0,69,1259,6,8,2,12,2,500,358,606,407,11,22,15,3,0,0,0,1,119,33,2,1,80,201,646,0,0,189,34,16,289,166,0,1305,89,51,155,2,0,597,3,3,7,1060,119,1,43,0,2,12,1,0,172,0,0,51,9,0,7,0,25,104,9,165,71,0,309,0,182,154,46,12,118,545,12,0,23,202,21,68,12,9,0,2,173,80,6,38,4,11,0,0,81,1,75,16,69,0,89,2,0,9,1,768,0,12,8,5,6,55,6,15,1,0,6,10,133,4,4,3,90,15,380,149,36,0,140,15,154,92,338,119,1,9,255,0,0,300,56,39,0,79,0,147,263,9,144,11,22,94,1,0,0,4,20,0,0,138,2,1,4,69,68,275,1,0,2,1,0,1,2,129,1,0,2,0,6,26,226,0,167,17,28,120,95,1833,55,0,0,2,147,0,0,61,1,0,1,7,194,14,17
COM,0,0,0,0,0,0,0,0,0,0,0,0,0,0,0,0,0,0,0,0,0,0,0,0,0,0,0,0,0,0,0,0,0,0,1,0,0,1,0,0,0,0,0,0,0,0,0,0,0,0,0,0,0,0,0,0,0,0,0,0,0,0,0,0,0,0,0,3,0,0,0,0,0,0,0,0,0,0,0,0,0,0,0,0,0,0,0,0,0,0,0,0,0,0,0,0,0,0,0,0,0,0,0,0,0,0,0,0,0,0,0,0,0,0,0,0,0,0,0,0,0,0,0,0,0,0,2,0,0,2,0,0,0,0,0,0,0,0,0,0,0,0,1,0,0,0,1,0,0,0,0,0,0,0,0,0,0,0,0,0,0,0,0,0,0,0,0,0,0,0,0,0,0,0,0,0,1,0,0,0,0,0,0,0,0,0,0,0,0,0,0,0,0,0,0,0,0,0,0,0,0,0,0,0,0,1,0,0,0,1,0,0,0,0,0,0,0,0,0,0,0,0,0,0,0,0,0,0,0
CPV,0,0,2,0,0,0,0,0,0,0,0,3,2,0,0,0,0,0,1,0,0,0,0,0,0,0,0,0,7,0,0,0,0,0,4,3,0,2,2,1,1,0,0,1,0,0,0,0,0,0,1,0,5,0,0,2,0,0,0,1,0,19,0,0,0,0,0,5,1,0,0,18,1,0,3,0,2,0,1,0,0,0,0,0,0,0,0,0,0,0,0,0,0,0,0,0,0,0,1,1,1,3,0,0,0,1,1,1,0,0,0,0,0,0,0,0,1,0,0,0,0,0,0,0,0,0,0,0,0,0,0,1,0,0,1,0,0,0,0,2,2,0,1,0,0,0,0,0,0,0,1,1,0,0,0,0,0,0,1,0,0,0,1,0,0,30,0,0,0,0,0,0,1,1,1,0,5,0,0,0,0,0,0,0,0,0,0,1,0,0,1,1,0,0,0,0,0,0,1,0,0,0,0,0,0,0,1,0,1,1,0,1,0,10,0,0,0,0,0,0,0,0,0,0,0,0,1,1,1
CRI,0,0,1,0,1,1,0,5,101,3,0,53,27,1,0,30,3,0,2,4,4,0,2,1,0,2,0,19,159,1,1,1,0,0,87,43,98,38,3,3,1,1,0,119,0,0,0,9,0,0,6,13,96,0,0,19,19,0,74,0,0,157,7,6,18,0,0,76,0,0,1,122,3,0,5,0,0,1,0,0,11,0,0,30,2,0,0,0,20,5,6,8,9,0,20,0,11,12,0,1,19,70,3,0,1,21,2,16,0,0,0,1,18,1,0,4,1,0,0,0,6,1,2,4,7,0,4,2,0,1,0,120,0,3,2,1,1,0,3,2,0,0,0,0,10,1,1,0,7,14,51,14,3,0,21,0,5,58,84,10,0,0,13,0,0,38,23,1,0,1,0,8,11,2,7,3,2,12,0,0,0,1,19,0,0,4,1,0,0,4,6,33,1,0,1,0,0,0,1,6,0,0,1,0,2,2,10,0,15,4,11,5,35,327,0,0,0,0,30,0,0,4,0,0,0,0,23,2,3
CUB,0,0,4,0,1,0,0,2,37,32,0,15,46,31,1,49,1,0,1,5,2,0,1,0,1,0,0,9,119,3,1,0,1,1,60,55,51,87,1,2,2,0,0,33,0,0,9,0,0,1,0,36,94,0,0,41,17,0,45,5,0,102,2,2,39,0,0,73,0,0,1,76,1,0,1,0,0,0,0,0,34,0,0,9,0,0,0,0,10,33,3,35,44,0,52,0,4,7,2,0,14,79,3,0,3,44,1,2,1,3,0,0,35,0,3,1,0,1,1,0,3,0,2,1,1,0,2,1,0,2,0,145,0,3,1,0,0,0,2,1,1,0,0,1,9,0,1,0,3,5,63,41,1,0,6,0,34,9,52,7,0,1,38,0,0,15,8,0,0,0,0,34,47,1,6,1,3,7,0,0,0,0,6,0,0,3,0,0,0,35,1,42,0,0,0,1,0,1,2,38,0,0,1,0,1,2,38,0,8,1,1,32,15,147,1,0,0,0,13,0,0,6,0,0,0,1,50,1,0
CUW,2,0,0,0,0,0,0,0,0,0,0,6,3,0,0,0,0,0,0,0,0,0,0,0,0,0,0,0,0,0,0,0,0,0,5,1,0,1,0,0,0,0,0,2,0,0,0,0,0,0,0,2,5,0,0,0,0,0,0,0,0,1,0,0,0,0,1,2,0,0,0,4,0,0,0,0,0,0,0,0,0,0,0,0,0,0,0,0,1,1,0,0,1,0,1,0,0,0,0,0,0,0,0,0,0,2,0,0,0,0,0,0,0,0,0,0,0,0,0,0,0,0,0,0,0,1,0,0,0,0,0,0,0,0,0,0,0,0,0,0,0,0,0,0,0,0,0,0,0,0,24,0,0,0,1,0,0,0,0,0,0,0,0,0,0,0,0,0,0,0,0,0,0,0,1,0,0,0,0,0,0,0,0,0,0,0,0,0,0,0,0,2,0,0,0,0,0,0,0,0,0,0,0,0,0,0,0,0,0,0,0,0,0,13,0,0,0,0,0,0,0,0,0,0,0,0,0,0,0
CYM,0,0,0,1,0,0,0,1,2,0,0,2,1,0,0,1,0,0,0,0,0,0,0,0,0,0,2,0,1,0,0,0,0,0,1,0,0,2,0,0,0,0,0,1,0,0,0,1,0,0,1,0,0,0,0,0,0,0,0,0,0,3,0,0,0,0,1,2,0,0,0,10,0,0,0,1,0,0,0,0,1,2,0,0,0,0,0,0,0,0,0,0,0,0,1,1,1,0,0,0,3,3,1,0,0,0,0,0,0,0,0,0,0,0,0,0,0,0,0,0,0,0,1,0,0,1,0,0,0,0,0,1,0,0,0,2,0,0,0,0,0,1,0,0,2,0,0,0,0,0,0,1,0,0,0,0,0,0,1,0,0,0,0,0,0,0,0,0,0,0,0,0,0,0,0,0,0,0,2,0,0,0,0,0,0,0,0,0,0,0,0,3,0,0,0,0,2,0,0,0,0,0,0,0,0,0,1,0,0,0,0,0,0,13,0,0,0,0,0,1,0,0,0,1,0,0,0,0,0
CYP,0,1,0,0,14,0,0,45,25,64,0,193,158,9,0,176,5,0,3,15,97,2,1,15,64,0,1,1,109,3,3,0,1,0,139,197,28,214,1,2,4,1,0,80,0,1,6,0,0,1,0,113,388,0,0,93,1,18,64,113,0,307,89,10,161,1,1,285,0,0,0,684,72,0,6,1,0,4,0,0,751,0,0,2,0,0,1,0,2,120,0,104,15,0,127,1,128,145,11,16,81,394,0,0,21,58,12,12,3,0,0,0,94,61,0,51,1,4,0,0,60,1,92,17,75,0,10,3,3,1,0,71,0,22,3,22,2,67,3,0,1,0,2,1,90,0,0,0,23,0,176,89,7,0,75,10,107,7,12,10,0,0,176,0,0,187,0,11,0,58,0,95,155,0,91,3,3,24,3,0,0,2,1,1,0,116,1,0,0,22,53,140,1,0,1,4,1,1,0,79,1,0,0,0,0,14,297,0,76,5,6,67,3,487,56,0,0,0,0,0,0,8,0,1,4,5,70,0,1
CZE,0,2,2,0,25,2,1,102,194,125,0,795,1175,87,5,859,10,0,7,45,252,6,1,53,134,0,0,10,523,2,14,2,15,5,816,980,242,1246,8,32,13,4,0,201,0,0,13,36,2,0,113,2,2622,0,0,586,13,53,88,228,0,1457,201,50,557,1,0,1556,2,2,7,2110,136,1,27,1,1,12,0,0,519,1,1,7,5,0,1,0,3,362,1,570,92,0,866,0,300,430,82,54,339,1820,2,0,121,676,70,38,10,5,1,0,396,104,2,55,2,9,0,1,76,1,226,47,143,0,87,3,16,8,1,248,0,54,3,28,3,76,18,6,1,0,2,2,238,10,1,2,56,2,988,464,27,0,200,30,332,31,75,62,0,19,1576,0,0,574,7,37,0,87,0,385,943,6,379,7,6,133,1,1,0,1,1,2,0,325,1,0,3,1125,338,842,0,0,1,5,0,1,1,179,1,0,1,0,2,39,558,0,385,10,13,342,26,2439,72,0,0,0,19,0,0,110,0,0,9,7,311,9,6
DEU,0,17,16,0,44,5,1,481,1010,202,0,5751,6904,121,8,4945,60,0,51,219,512,34,12,87,211,2,7,40,3243,9,22,8,49,3,6161,10181,1419,10916,49,180,50,62,0,646,0,5,96,94,5,0,388,2622,34,2,0,4013,12,161,216,1261,0,8588,460,283,2419,15,3,11244,6,4,84,18713,290,1,222,8,14,32,4,1,2236,5,20,28,8,0,12,0,12,794,4,1577,390,0,3096,0,1543,1650,211,237,2062,11366,14,1,277,4564,152,327,42,23,0,3,2125,141,18,160,10,36,0,44,138,2,434,453,303,0,235,37,69,62,1,1104,0,117,26,133,37,85,96,54,5,1,20,39,491,61,20,11,356,5,9379,2612,124,0,880,114,829,94,265,242,1,16,3937,0,4,2345,24,76,2,256,0,1073,3445,53,1104,72,55,991,1,0,1,35,14,1,0,707,2,2,6,553,792,5369,11,0,9,33,0,4,16,596,9,1,4,1,13,225,1820,0,1129,175,157,755,116,24897,117,0,12,1,45,0,0,391,7,1,31,25,1559,64,55
DJI,0,0,0,0,0,0,0,0,0,0,0,0,0,0,0,0,0,0,0,0,0,0,0,0,0,0,0,0,0,0,0,0,0,0,1,0,0,0,0,0,0,0,0,0,0,0,0,0,0,0,0,0,2,0,0,0,0,3,0,1,0,0,0,1,0,0,0,9,0,0,0,2,0,0,0,0,0,0,0,0,0,0,0,0,0,0,0,0,0,0,0,0,0,0,1,0,0,0,0,0,1,2,0,0,0,0,0,2,0,0,0,0,0,0,0,0,0,0,0,0,0,0,0,0,0,0,5,0,0,0,0,0,0,0,0,0,0,0,0,0,0,0,0,0,0,0,0,1,0,0,0,0,0,0,0,0,1,0,0,0,0,0,0,0,0,0,0,0,0,0,0,0,0,0,1,0,0,0,0,0,0,0,0,0,0,0,0,0,0,0,0,0,0,0,0,0,0,0,0,0,0,0,0,0,0,2,0,0,0,0,0,0,0,2,0,0,0,0,0,0,0,0,0,0,0,0,0,0,0
DMA,0,0,0,0,0,0,0,0,0,0,0,1,0,0,0,0,0,0,0,0,0,0,0,0,0,0,0,0,0,1,0,0,0,0,2,1,0,0,0,0,0,0,0,0,0,0,0,0,0,0,0,0,0,0,0,2,0,0,0,0,0,0,0,0,0,0,0,1,0,0,0,1,0,0,0,0,0,0,0,0,0,0,0,0,0,0,0,0,0,0,0,0,0,0,1,0,0,0,0,0,1,1,0,0,0,0,0,0,0,0,0,0,0,0,0,0,0,0,0,0,0,0,0,0,0,0,0,0,0,0,0,1,0,0,0,0,0,0,0,0,0,0,0,0,0,0,0,0,2,0,1,0,0,0,0,0,0,0,0,0,0,0,0,0,0,0,0,0,0,0,0,0,0,0,0,0,0,0,0,0,0,0,0,0,0,0,0,0,0,0,0,0,0,0,0,0,0,0,0,0,0,0,0,0,0,0,0,0,0,0,0,0,0,6,0,0,0,0,0,0,0,0,0,0,0,0,0,0,0
DNK,0,2,6,0,17,3,0,150,289,51,0,1939,919,85,4,1328,18,0,11,71,132,5,3,36,59,1,1,10,764,5,7,4,18,2,1686,1716,368,2633,9,25,10,23,1,189,0,2,19,41,0,0,93,586,4013,0,2,0,7,20,39,146,0,2289,169,58,1043,5,2,2324,41,2,10,5553,74,1,64,0,0,11,37,0,602,1,90,9,4,0,4,0,2,224,2,328,99,0,637,0,513,441,31,232,482,2466,4,0,26,875,38,83,10,12,0,9,495,35,9,47,3,17,0,3,36,0,153,114,75,0,72,10,8,14,0,240,0,35,9,63,11,9,13,20,3,0,11,12,163,12,1,5,63,4,2497,1777,32,0,314,25,175,29,74,92,0,8,811,0,0,758,9,38,0,85,0,299,473,11,233,13,24,306,1,1,0,3,1,1,0,186,2,0,1,171,267,2763,1,0,4,4,0,2,4,155,9,1,2,0,4,22,482,0,251,78,44,120,40,5393,9,0,1,0,17,1,0,68,0,3,7,7,431,18,20
DOM,0,0,1,0,1,0,0,1,31,2,0,17,7,2,2,13,2,0,1,4,5,1,0,1,1,0,1,8,27,1,0,1,2,1,22,15,33,14,2,4,2,1,0,34,0,0,19,17,0,0,1,13,12,0,0,7,0,0,22,10,0,67,2,3,4,0,0,19,0,0,2,31,2,0,4,0,0,0,0,0,4,0,0,20,0,0,0,0,11,3,9,5,4,0,19,0,5,3,1,1,9,21,3,0,4,4,2,2,2,1,0,2,4,0,2,4,0,2,1,0,3,0,3,1,2,0,4,0,0,2,0,43,0,2,1,0,1,0,4,4,1,0,1,2,7,0,0,0,5,7,13,6,2,0,8,1,6,17,24,6,0,2,7,0,0,12,12,1,0,5,0,4,5,3,3,2,1,7,0,0,0,0,12,0,0,4,1,0,0,4,4,9,0,0,0,1,0,1,1,4,0,0,1,0,1,2,8,0,9,2,2,2,13,118,2,0,0,0,13,0,0,3,0,0,0,2,6,3,0
DZA,0,5,1,0,8,1,0,148,17,3,0,74,21,2,1,95,6,0,4,30,14,12,0,6,2,0,0,1,55,1,4,0,6,1,178,42,21,226,6,12,12,0,0,16,0,0,0,0,0,0,18,53,161,3,0,20,0,0,6,309,0,277,8,27,31,1,0,975,0,0,5,235,7,0,17,0,1,3,0,0,50,0,0,2,0,0,1,0,0,25,1,13,29,0,250,0,21,140,84,4,16,236,0,0,91,43,9,29,2,1,0,3,133,35,0,35,0,20,0,0,7,0,4,4,6,0,116,0,0,1,0,41,0,9,9,9,2,6,6,1,4,0,8,1,113,3,2,5,49,0,35,25,12,0,17,19,153,3,12,9,0,0,86,0,0,118,1,22,0,39,0,67,65,6,660,32,7,25,0,0,0,8,0,0,2,32,0,0,0,12,15,44,0,1,1,21,0,1,0,49,3,0,0,0,1,225,249,0,56,5,15,15,5,218,2,0,0,0,3,0,0,54,0,0,11,22,67,6,4
ECU,0,2,2,0,8,1,0,21,183,62,0,153,94,4,2,146,2,0,4,27,66,1,1,3,64,0,2,42,351,1,2,0,2,1,119,118,277,218,2,11,5,3,1,289,0,0,74,45,0,0,64,88,216,0,0,39,22,6,0,80,0,786,64,11,79,2,0,206,0,0,1,305,60,0,8,0,0,1,0,0,75,1,0,39,4,0,4,0,25,72,10,72,22,0,178,0,81,88,18,3,16,188,3,0,10,50,20,18,3,1,0,0,83,55,1,11,0,3,1,0,67,0,61,0,59,0,18,0,0,6,0,272,0,4,4,0,3,57,4,3,2,1,4,3,80,2,1,0,15,11,90,43,12,0,86,4,137,47,173,22,0,1,94,0,0,147,42,1,0,57,0,73,84,5,52,4,4,15,2,0,0,1,21,0,0,74,0,0,3,11,11,45,1,0,3,2,0,2,1,77,0,0,1,0,1,6,109,0,69,9,18,65,56,586,60,0,0,0,135,0,0,8,2,0,2,5,39,4,2
EGY,0,48,1,1,11,0,1,988,91,76,3,744,257,22,4,333,11,0,10,323,138,103,1,18,92,0,0,8,351,5,23,2,25,3,824,339,115,2989,9,55,20,16,0,166,0,1,0,5,0,0,113,228,1261,1,0,146,10,309,80,2,2,654,105,139,243,2,0,573,4,3,8,1741,84,0,85,0,4,11,1,0,317,2,0,9,0,0,4,0,3,145,1,233,183,0,2128,0,209,503,599,6,94,933,3,0,507,851,68,121,14,7,1,4,721,299,3,240,3,104,0,0,94,0,92,12,73,1,224,1,2,4,1,264,0,21,16,19,9,70,12,10,3,0,10,23,789,12,2,5,326,2,260,121,88,0,114,238,2018,11,55,72,0,3,469,0,0,243,11,102,0,243,0,286,753,24,10379,203,18,131,0,0,1,11,1,0,11,154,1,1,0,96,52,305,1,7,2,76,0,3,6,352,1,0,1,0,3,358,870,0,395,23,50,108,19,2725,103,0,0,1,10,0,0,157,1,0,16,318,332,25,16
ERI,0,0,0,0,0,0,0,0,0,0,0,1,0,0,1,0,1,0,1,0,0,0,0,0,0,0,0,0,0,0,0,0,0,1,0,0,0,22,1,1,1,0,0,0,0,0,0,0,0,0,0,0,0,0,0,0,0,0,0,2,0,2,0,3,1,0,0,5,0,0,0,1,0,0,1,0,1,1,1,0,0,0,0,0,0,0,0,0,0,0,0,1,0,0,5,0,1,0,0,0,0,2,0,0,0,0,0,1,0,0,1,0,0,0,0,0,0,0,0,0,0,0,0,0,0,0,1,0,0,0,0,0,0,0,1,0,0,0,0,1,3,0,0,1,0,0,0,1,5,0,5,0,1,0,0,0,2,0,0,0,0,0,0,0,0,0,0,0,0,0,0,0,0,2,4,3,1,0,0,0,1,0,0,0,0,0,1,0,0,0,0,0,0,0,0,0,0,1,0,0,0,0,0,0,0,0,0,0,0,1,2,0,0,5,1,0,0,0,0,0,0,1,1,0,0,4,0,1,1
ESP,0,8,51,0,41,25,1,325,1411,104,2,3339,1990,68,5,3276,25,0,25,154,388,19,5,55,132,1,2,44,2995,5,17,2,21,3,3406,3636,2103,3980,28,42,20,11,1,1305,0,19,157,102,1,3,307,1457,8588,0,0,2289,67,277,786,654,2,6,348,98,1401,12,3,7813,9,3,19,11266,174,1,62,8,5,23,4,3,1661,12,3,48,13,0,8,0,27,573,6,863,134,0,1816,1,1247,1083,99,159,1119,9445,9,0,151,2082,89,117,15,15,0,2,1277,138,9,191,6,28,0,3,90,2,353,182,210,0,406,37,21,22,0,1908,0,92,18,99,7,78,11,104,7,0,15,19,400,12,11,4,183,16,4556,1554,69,0,568,65,667,95,360,158,0,22,2385,1,0,3865,74,67,0,171,1,843,1429,21,1068,35,36,574,4,0,0,9,16,1,0,550,1,3,6,322,550,2851,3,1,9,17,2,2,5,312,3,0,1,1,4,340,1378,0,685,49,58,336,230,12055,74,1,9,0,136,1,0,194,2,3,18,20,823,20,19
EST,0,1,1,0,11,2,0,24,36,74,0,264,225,8,4,237,5,0,1,15,106,5,1,20,73,0,0,3,160,0,4,2,7,1,191,250,40,297,4,8,4,0,0,89,0,0,7,2,0,0,89,201,460,0,0,169,2,8,64,105,0,348,0,16,418,0,0,315,0,1,8,577,74,1,11,0,0,5,0,0,175,0,1,4,3,0,0,0,1,126,1,138,25,0,194,0,121,129,13,48,63,345,2,0,10,108,22,13,7,3,0,0,117,61,1,10,2,6,0,0,76,0,157,18,192,0,11,0,5,1,0,122,0,23,1,14,0,61,7,4,1,0,2,1,83,3,2,1,17,1,228,200,12,0,99,7,129,8,13,11,0,6,260,0,0,190,2,0,0,62,0,98,219,2,84,2,3,37,0,0,0,0,1,1,0,112,0,1,1,44,60,349,0,0,0,1,0,1,1,79,2,0,1,0,2,19,146,0,100,5,9,117,5,432,56,0,0,0,7,0,0,35,0,0,2,4,51,2,3
ETH,0,4,4,0,5,0,0,55,27,9,0,318,50,10,8,151,18,0,16,61,18,12,0,4,8,0,0,6,84,2,6,1,67,3,188,115,31,384,25,40,34,13,0,51,0,0,6,2,0,0,10,50,283,1,0,58,3,27,11,139,3,98,16,0,50,2,0,117,1,3,5,517,15,0,98,0,7,21,1,0,19,0,0,9,0,0,5,0,3,27,6,32,49,0,1708,0,42,65,73,9,24,120,3,0,34,85,24,192,11,8,1,0,190,17,3,16,8,17,0,0,28,8,5,4,4,0,43,1,0,5,0,58,0,4,24,1,9,1,12,25,3,0,8,43,123,14,0,9,161,1,149,114,41,0,34,47,184,11,40,35,0,5,75,0,0,43,3,6,0,27,0,25,50,46,496,31,20,39,0,0,1,20,2,0,7,28,10,1,0,14,10,130,12,0,3,10,0,4,4,60,2,0,2,0,2,29,64,0,81,81,91,11,5,695,10,0,0,0,4,0,0,58,1,0,1,9,273,45,27
FIN,0,3,9,0,15,2,1,104,123,113,0,1014,662,44,5,896,10,0,8,78,169,14,1,23,94,0,1,6,498,3,7,1,19,1,992,991,224,1916,6,14,9,4,0,155,0,0,18,39,0,0,161,557,2419,0,0,1043,4,31,79,243,1,1401,418,50,0,0,0,1431,4,3,4,2894,79,1,40,0,1,11,1,0,503,0,10,9,1,0,4,0,3,249,1,371,103,0,582,0,393,444,34,172,242,1581,7,0,44,614,45,53,14,8,0,0,392,85,1,38,1,22,0,6,90,1,231,62,153,0,58,6,8,12,2,254,0,32,4,17,5,65,8,7,2,0,3,11,203,15,2,2,82,2,1374,1089,30,0,240,23,229,15,66,30,0,6,759,0,0,623,7,10,0,128,0,256,722,9,294,8,11,233,0,0,0,2,4,1,1,176,1,3,5,128,155,2206,0,0,5,10,0,2,1,155,0,0,1,0,4,47,383,0,208,16,22,177,20,2808,66,0,0,0,12,0,0,68,0,1,7,17,310,8,7
FJI,0,0,0,0,0,0,0,3,1,0,0,100,3,0,0,8,0,0,0,5,1,0,1,0,0,1,0,2,5,7,0,0,0,0,10,6,0,21,1,0,0,0,0,2,0,0,0,0,0,0,1,1,15,0,0,5,0,1,2,2,0,12,0,2,0,0,0,20,0,2,0,47,0,0,3,0,0,0,0,0,4,1,0,0,0,0,0,0,0,1,1,0,6,0,31,0,3,8,3,0,0,19,1,0,0,12,0,6,0,0,2,0,5,0,1,1,0,0,0,0,0,0,0,0,0,0,2,1,0,0,0,6,1,0,0,1,0,1,0,0,0,0,0,1,7,2,7,1,9,0,6,9,1,1,15,1,4,0,2,9,2,9,2,0,0,4,0,0,0,2,0,1,3,3,9,0,0,1,0,0,5,1,0,0,0,0,0,0,0,0,1,4,0,0,2,0,0,0,0,3,0,0,0,12,3,1,3,2,4,1,3,1,1,43,0,0,0,0,0,0,0,2,3,4,0,0,10,2,1
FLK,0,0,0,0,0,0,0,0,3,0,0,9,1,0,0,3,0,0,0,0,0,0,0,0,0,0,1,0,0,0,0,0,0,0,6,0,3,0,0,0,0,0,0,0,0,0,0,0,1,1,1,0,3,0,0,2,0,0,0,0,0,3,0,0,0,0,0,3,0,0,1,33,0,0,0,1,0,0,0,0,0,0,2,0,0,0,0,0,0,0,0,0,0,0,0,1,1,0,0,3,0,2,0,0,0,2,0,0,0,0,0,0,0,0,0,0,0,0,0,0,0,0,1,0,0,0,0,0,0,0,0,0,0,0,0,0,0,0,0,0,0,0,0,0,0,1,0,0,0,0,1,2,0,0,7,0,0,1,1,0,0,0,0,0,0,3,0,0,0,0,0,0,3,0,0,0,0,0,2,0,0,0,0,0,0,0,0,0,0,0,0,0,0,0,0,0,1,0,0,0,0,0,0,0,0,0,0,0,0,0,0,0,0,13,0,0,0,0,0,0,0,0,0,1,0,0,5,0,0
FRA,1,8,9,0,27,6,1,492,886,181,0,3969,2398,98,15,5148,114,0,145,113,369,24,4,52,173,0,1,44,2609,9,20,4,30,23,5538,5889,1093,6155,197,251,90,65,1,597,3,5,76,73,2,2,285,1556,11244,9,1,2324,19,975,206,573,5,7813,315,117,1431,20,3,4,4,3,61,12918,191,1,119,3,30,31,3,0,1689,3,9,15,73,0,7,0,9,579,25,949,267,0,2019,0,1264,811,90,147,1332,9779,8,0,131,3252,113,221,15,69,0,5,1454,157,30,671,11,37,2,7,110,7,316,335,195,0,1129,105,25,127,3,1048,1,77,69,96,22,82,23,48,21,2,30,42,422,26,95,51,208,9,5206,1744,71,0,703,102,501,53,250,176,0,21,2509,0,2,1990,26,74,2,251,4,964,2098,38,991,52,248,799,1,0,0,19,3,1,3,467,3,6,13,331,589,3050,6,1,14,37,1,10,40,514,1,1,2,0,16,1199,1206,0,762,60,107,461,109,15697,73,0,6,1,50,0,0,511,4,2,11,18,1124,39,47
FRO,0,0,0,0,0,0,0,1,1,0,0,6,2,0,0,2,1,0,0,3,0,0,0,1,0,0,0,1,3,0,0,0,1,0,8,2,0,8,0,1,0,0,0,3,0,1,0,0,0,0,0,2,6,0,0,41,0,0,0,4,0,9,0,1,4,0,0,4,0,1,0,18,2,0,1,0,0,2,0,0,2,0,3,1,0,0,0,0,0,1,0,1,1,0,6,0,3,4,1,11,1,4,0,0,1,3,0,1,1,1,0,0,2,1,0,0,0,1,0,0,1,0,0,0,0,0,0,0,0,0,0,1,0,0,0,0,0,0,0,1,2,0,1,0,1,0,0,0,1,0,2,24,1,0,1,1,10,0,0,1,0,0,2,0,0,4,0,0,0,1,0,1,4,0,6,0,1,1,0,0,0,0,0,0,0,2,0,0,0,0,1,7,0,0,0,0,0,0,0,1,0,0,0,0,0,0,0,0,1,0,1,1,0,14,0,0,0,0,0,0,0,1,0,0,0,0,3,0,0
FSM,0,0,0,0,0,0,0,3,2,0,0,8,0,1,0,2,1,0,0,3,0,2,0,0,0,0,0,1,3,0,1,0,2,0,5,4,0,3,0,1,0,0,0,3,0,0,0,0,0,0,0,2,4,0,0,2,0,0,0,3,0,3,1,3,3,2,0,3,1,0,0,11,1,0,3,0,0,2,0,0,1,0,0,1,0,0,0,0,0,3,0,2,3,0,3,0,1,3,2,0,2,3,0,0,3,5,2,1,2,1,0,0,3,2,0,0,0,2,0,0,3,0,0,0,0,0,1,0,0,0,0,3,2,0,0,0,0,0,1,1,0,0,0,0,3,0,0,0,3,0,3,3,3,0,1,2,3,1,1,2,2,1,3,0,0,3,0,0,0,3,0,3,3,0,3,0,0,3,0,0,1,0,0,0,0,2,0,0,0,0,1,2,0,0,0,0,0,0,0,2,0,0,0,1,0,1,1,1,3,0,1,2,1,11,1,0,0,0,0,0,0,3,0,1,0,1,2,0,0
GAB,0,2,2,0,1,0,0,2,7,1,0,14,14,1,5,17,23,0,17,3,3,0,0,0,2,0,0,2,15,0,2,1,2,6,53,16,6,20,12,29,11,22,0,7,0,0,1,1,0,0,0,7,84,0,0,10,2,5,1,8,0,19,8,5,4,0,1,61,0,0,0,75,2,0,10,0,3,2,2,2,0,0,0,1,4,0,0,0,1,1,1,2,7,0,16,0,4,5,1,0,1,15,1,0,1,11,1,13,1,1,0,0,26,0,3,3,3,2,0,1,1,0,3,0,2,0,7,0,1,1,0,7,0,1,7,0,2,0,3,10,3,0,1,6,6,1,1,4,9,1,45,6,2,0,7,0,27,7,6,2,0,2,6,0,0,7,1,0,0,0,0,6,7,5,24,4,12,3,0,0,0,14,1,0,0,3,0,0,1,5,2,7,0,0,0,0,0,2,3,3,0,0,1,0,0,34,3,0,4,12,10,2,1,56,2,0,0,0,2,0,0,11,0,0,0,1,70,3,0
