,ABW,AFG,AGO,AIA,ALB,AND,ANT,ARE,ARG,ARM,ATG,AUS,AUT,AZE,BDI,BEL,BEN,BFA,BGD,BGR,BHR,BHS,BIH,BLR,BLZ,BMU,BOL,BRA,BRB,BRN,BTN,BWA,CAF,CAN,CHE,CHL,CHN,CIV,CMR,COD,COG,COK,COL,COM,CPV,CRI,CUB,CUW,CYM,CYP,CZE,DEU,DJI,DMA,DNK,DOM,DZA,ECU,EGY,ERI,ESP,EST,ETH,FIN,FJI,FLK,FRA,FRO,FSM,GAB,GBR,GEO,GHA,GIB,GIN,GMB,GNB,GNQ,GRC,GRD,GRL,GTM,GUF,GUY,HND,HRV,HTI,HUN,IDN,IND,IRL,IRN,IRQ,ISL,ISR,ITA,JAM,JOR,JPN,KAZ,KEN,KGZ,KHM,KIR,KNA,KOR,KWT,LAO,LBN,LBR,LBY,LCA,LIE,LKA,LSO,LTU,LUX,LVA,MAR,MCO,MDA,MDG,MDV,MEX,MHL,MKD,MLI,MLT,MMR,MNE,MNG,MOZ,MRT,MSR,MUS,MWI,MYS,NAM,NCL,NER,NGA,NIC,NIU,NLD,NOR,NPL,NRU,NZL,OMN,PAK,PAN,PER,PHL,PLW,PNG,POL,PRK,PRT,PRY,PSE,QAT,ROU,RUS,RWA,SAU,SDN,SEN,SGP,SHN,SJM,SLB,SLE,SLV,SMR,SOM,SRB,SSD,STP,SUR,SVK,SVN,SWE,SWZ,SXM,SYC,SYR,TCA,TCD,TGO,THA,TJK,TKM,TLS,TON,TTO,TUN,TUR,TUV,TWN,TZA,UGA,UKR,URY,USA,UZB,VAT,VCT,VEN,VGB,VNM,VUT,WSM,XKX,YEM,ZAF,ZMB,ZWE
ABW,0,0,0,0,0,0,0,0,0,0,0,0,0,0,0,1,0,0,0,0,0,0,0,0,0,0,0,0,0,0,0,0,0,0,0,0,0,0,0,0,0,0,0,0,0,0,0,0,0,0,0,0,0,0,0,0,0,0,0,0,1,0,0,0,0,0,0,0,0,0,0,0,0,0,0,0,0,0,0,0,0,0,0,0,0,0,0,0,0,0,0,0,0,0,0,0,0,0,1,0,0,0,0,0,0,0,0,0,0,0,0,0,0,0,0,0,0,0,0,0,0,0,0,0,0,0,0,0,0,0,0,0,0,0,0,0,1,0,0,0,0,0,0,3,0,0,0,0,0,2,0,0,0,0,0,0,0,0,0,0,0,0,0,0,0,0,0,0,0,0,0,0,0,0,0,0,0,0,0,0,0,0,0,0,0,0,0,0,0,0,0,0,0,0,0,0,0,0,0,0,0,0,0,3,0,0,0,0,0,0,0,0,0,0,0,0,0
AFG,0,0,2,0,0,0,0,2,1,0,0,8,4,0,1,8,3,2,4,0,2,0,0,0,0,0,0,3,0,0,1,0,2,11,5,1,5,3,2,5,0,0,4,0,0,2,0,0,0,0,0,8,0,0,2,0,1,0,4,0,5,4,6,3,0,0,11,0,1,2,20,0,5,0,0,2,1,0,2,0,0,1,1,0,0,0,3,0,6,16,1,7,3,1,2,3,0,3,14,1,4,3,1,0,0,2,1,2,4,0,1,0,0,2,0,0,3,0,3,0,1,3,0,5,0,0,2,0,2,0,2,3,0,0,0,1,4,0,1,2,5,0,0,5,2,3,0,3,1,13,1,3,4,0,1,1,0,2,1,3,4,0,3,4,3,2,2,2,0,0,1,1,1,0,2,1,0,0,0,2,0,4,0,0,0,2,0,0,2,7,2,0,0,0,0,2,5,0,1,3,3,1,1,35,2,0,0,0,0,3,0,0,1,1,6,4,0
AGO,0,2,0,2,0,0,0,4,2,0,0,9,4,0,0,4,4,1,5,0,4,0,0,0,0,0,1,14,0,0,0,0,1,6,9,5,7,5,5,8,3,0,4,0,0,5,1,0,0,0,0,16,0,0,4,0,4,0,4,0,12,4,6,6,2,0,10,0,2,1,27,2,8,0,1,3,0,0,4,0,0,1,0,0,0,0,0,0,5,5,4,4,4,4,5,10,0,4,4,1,7,2,1,0,0,4,0,0,4,0,0,0,0,4,0,1,4,1,4,0,3,1,0,5,1,0,1,0,2,0,1,2,0,0,0,3,4,5,4,1,7,0,0,7,5,2,0,6,3,4,3,5,5,0,2,4,0,32,1,3,4,2,4,5,5,1,0,4,0,0,0,0,1,0,0,4,0,0,0,4,0,7,0,0,0,0,0,0,3,1,0,0,0,0,0,4,3,0,4,8,5,4,4,18,0,0,0,0,0,5,0,0,0,0,14,6,3
AIA,0,0,2,0,0,0,0,4,0,0,1,4,3,0,0,0,3,0,3,0,4,0,0,0,0,0,1,4,1,0,0,0,0,4,3,2,3,2,3,3,0,0,4,0,0,3,0,0,0,0,0,4,0,1,3,0,4,0,4,0,4,2,4,3,1,0,3,0,1,0,11,1,5,0,0,0,0,0,3,1,0,0,0,0,0,0,0,0,2,4,3,4,2,3,2,3,0,4,4,1,3,0,0,0,1,4,0,0,4,0,1,1,0,3,0,0,3,0,2,0,1,0,0,3,0,0,0,0,1,0,0,1,0,0,0,3,4,1,3,0,5,0,0,5,3,3,0,3,4,4,2,4,4,0,0,3,0,3,0,3,4,0,3,3,4,1,0,3,0,0,0,0,0,0,0,4,0,0,0,3,0,4,0,0,0,0,0,0,1,0,0,0,0,0,0,3,2,0,4,4,1,3,3,8,0,0,0,1,0,4,0,0,0,0,4,3,2
ALB,0,0,0,0,0,0,0,1,3,1,0,6,15,0,0,15,1,1,1,14,0,0,13,7,0,0,0,4,0,2,0,1,0,11,17,1,1,1,1,0,0,0,3,0,0,1,0,0,0,3,11,23,0,0,9,0,1,1,3,0,26,7,0,7,0,0,25,0,0,0,28,4,2,0,0,0,0,0,25,0,0,0,0,0,0,22,0,4,5,5,2,2,0,4,6,79,0,4,24,2,1,1,0,0,0,2,0,0,2,0,1,0,0,0,0,2,0,4,3,0,3,0,0,2,0,18,0,4,0,13,1,0,0,0,0,0,1,0,0,0,1,0,0,19,14,0,0,1,1,4,0,1,0,0,1,15,0,10,1,0,1,21,10,0,4,1,2,3,0,0,0,1,0,0,0,25,0,0,0,7,21,14,0,0,0,1,0,0,0,2,0,0,0,0,1,2,25,0,1,1,1,3,0,40,1,0,0,1,0,1,0,0,25,0,3,1,0
AND,0,0,0,0,0,0,0,0,0,0,0,0,1,0,0,1,0,0,0,0,0,0,0,0,0,0,0,0,0,0,0,0,0,1,0,0,0,0,0,0,0,0,0,0,0,0,0,0,0,0,0,1,0,0,2,0,0,0,0,0,14,0,0,0,0,0,2,0,0,0,1,0,0,0,0,0,0,0,0,0,0,0,0,0,0,0,0,0,0,0,1,0,0,0,0,1,0,0,0,0,0,0,0,0,0,0,0,0,0,0,0,0,0,0,0,0,0,0,0,0,0,0,0,0,0,0,0,0,0,0,0,0,0,0,0,0,0,0,0,0,0,0,0,2,0,0,0,0,0,0,0,0,0,0,0,0,0,1,0,0,0,0,0,0,0,0,0,0,0,0,0,0,0,0,0,0,0,0,0,0,0,0,0,0,0,0,0,0,0,0,0,0,0,0,0,0,0,0,0,0,0,0,0,2,0,0,0,0,0,0,0,0,0,0,0,0,0
ANT,0,0,0,0,0,0,0,0,0,0,0,0,0,0,0,0,0,0,0,0,0,0,0,0,0,0,0,0,0,0,0,0,0,0,0,0,0,0,0,0,0,0,0,0,0,0,0,0,0,0,0,0,0,0,0,0,0,0,0,0,0,0,0,0,0,0,0,0,0,0,0,0,0,0,0,0,0,0,0,0,0,0,0,0,0,0,0,0,1,0,0,0,0,0,0,0,0,0,0,0,0,0,0,0,0,0,0,0,0,0,0,0,0,0,0,0,0,0,0,0,0,0,0,0,0,0,0,0,0,0,0,0,0,0,0,0,0,0,0,0,0,0,0,5,0,0,0,0,0,0,0,0,0,0,0,0,0,0,0,0,0,0,0,0,0,0,0,0,0,0,0,0,0,0,0,0,0,0,0,0,0,0,0,0,0,0,0,0,0,0,0,0,0,0,0,0,0,0,0,0,0,0,0,0,0,0,0,0,0,0,0,0,0,0,0,0,0
ARE,0,2,4,4,1,0,0,0,30,1,0,176,39,0,0,47,13,2,30,8,40,0,3,1,0,0,2,71,0,4,1,2,0,415,72,37,179,6,11,8,0,0,33,0,1,11,1,0,0,12,21,221,0,0,45,1,67,7,190,0,118,9,19,38,1,0,189,0,5,1,467,7,9,0,1,2,0,0,117,0,0,0,0,0,1,11,0,21,15,214,33,59,22,14,36,176,2,91,78,5,13,4,0,0,0,111,42,0,57,0,6,1,0,9,0,6,10,5,25,1,3,0,0,29,1,3,0,6,4,0,1,7,0,0,0,7,118,1,7,0,14,0,0,105,32,4,0,32,57,144,7,14,25,0,3,46,0,70,3,12,107,13,44,7,255,13,3,65,0,0,0,1,1,0,0,29,0,0,0,14,10,85,0,0,0,7,0,0,4,28,0,0,0,0,3,55,88,0,42,9,6,15,11,844,3,2,0,8,0,19,0,0,1,5,64,9,10
ARG,0,1,2,0,3,0,0,30,0,124,1,552,287,123,0,240,7,3,26,96,5,1,9,129,0,1,42,1176,2,4,1,2,0,610,412,650,387,8,20,5,0,0,426,0,2,68,49,0,0,8,269,974,0,0,278,13,15,81,43,0,1325,28,12,88,2,1,838,0,3,3,1018,133,15,0,1,1,1,0,203,0,2,33,3,1,16,32,6,200,25,197,72,49,4,10,245,677,8,14,353,4,33,4,3,0,0,112,15,1,15,0,2,0,0,14,1,17,11,20,142,1,1,2,0,452,0,6,4,8,6,0,5,11,0,0,1,8,164,0,4,0,29,13,0,414,221,5,0,96,8,43,39,157,49,0,3,267,0,288,37,12,18,186,268,4,55,9,3,50,0,0,0,1,21,1,0,147,0,0,3,165,183,301,1,1,4,2,0,0,3,58,1,0,0,2,4,21,249,0,181,12,14,29,228,2051,2,0,0,93,0,22,0,0,1,0,296,11,10
ARM,0,0,0,0,1,0,0,1,124,0,0,137,263,126,0,114,0,0,4,185,0,0,1,234,0,0,0,275,0,2,0,0,0,143,286,137,286,0,0,0,0,0,222,0,0,1,38,0,0,101,278,336,0,0,169,0,1,24,104,0,290,109,0,142,0,0,333,0,0,0,447,232,0,0,0,0,0,0,275,0,0,0,0,0,0,148,0,265,16,152,107,110,0,3,134,318,0,1,176,4,2,1,0,0,0,158,1,0,0,0,0,0,0,98,0,103,0,27,123,0,4,1,0,144,0,0,0,0,1,2,3,0,0,0,0,0,223,3,0,0,0,0,0,173,168,0,0,102,1,142,0,40,3,0,1,287,0,234,0,6,99,173,424,0,82,0,0,9,0,0,0,0,0,0,0,230,0,0,0,168,128,173,1,0,0,0,0,0,0,140,0,0,0,0,0,2,270,0,235,0,0,145,0,364,10,0,0,0,0,0,0,0,0,0,167,0,0
ATG,0,0,0,1,0,0,0,0,1,0,0,2,1,0,0,1,0,0,1,0,0,0,0,0,0,0,1,1,1,0,0,0,0,1,1,1,0,0,0,0,0,0,0,0,0,1,1,0,0,0,0,1,0,1,1,0,0,0,1,0,1,0,0,1,0,0,2,0,0,0,5,0,0,0,0,0,0,0,0,1,0,0,0,0,0,0,0,0,0,1,3,1,0,0,0,1,2,0,1,0,0,0,0,0,1,0,0,0,0,0,0,0,0,1,0,0,0,0,1,0,0,0,0,1,0,0,0,0,0,0,0,0,0,0,0,0,0,0,0,0,1,0,0,2,1,0,0,2,0,1,0,1,0,0,0,0,0,0,0,0,0,0,1,0,0,0,0,0,0,0,0,0,0,0,0,0,0,0,0,0,0,0,0,1,1,0,0,0,0,0,0,0,0,0,1,0,1,0,0,0,0,0,1,5,0,0,0,2,0,0,0,0,0,0,1,0,1
AUS,0,8,9,4,6,0,0,176,552,137,2,0,1102,128,2,1612,23,22,283,162,22,5,14,150,4,7,15,1565,7,30,22,20,4,4554,2212,755,9606,18,48,23,5,2,385,1,1,45,16,0,2,53,646,5389,0,1,1605,1,38,56,207,1,2531,122,71,782,93,4,3940,0,8,6,11704,148,79,0,3,25,9,0,565,2,10,19,8,4,2,124,3,466,440,1567,776,802,101,104,743,2979,16,92,2444,37,154,8,66,3,6,1152,61,25,84,2,20,3,2,216,2,86,60,38,169,13,9,20,3,470,0,11,15,21,25,1,17,36,0,0,5,41,1240,24,56,4,145,5,0,3237,1028,94,0,2264,52,348,48,103,218,7,107,900,1,644,13,18,244,306,821,23,700,18,17,1403,0,0,28,9,6,2,4,234,0,0,3,221,282,2008,2,1,12,8,0,2,8,591,1,0,10,8,9,58,513,0,801,70,78,92,49,14413,8,7,1,41,0,391,10,8,1,6,1333,41,28
AUT,0,4,4,3,15,1,0,39,287,263,1,1102,0,125,1,1252,15,12,22,382,7,0,33,247,0,1,5,735,0,7,2,13,1,1130,2210,268,1125,15,19,12,1,0,293,0,0,27,49,0,0,140,1100,6502,0,3,981,2,30,44,216,0,1842,327,38,755,4,0,2415,1,5,12,3741,255,17,0,1,2,1,0,753,0,6,4,4,1,0,381,1,864,58,505,452,233,17,98,446,2706,6,30,906,17,46,5,3,0,1,464,30,6,39,2,7,1,81,112,0,287,119,169,143,10,8,6,0,285,0,30,5,19,15,8,12,15,0,0,3,12,301,9,8,2,36,1,0,1850,680,11,0,260,22,231,18,65,46,0,6,1045,0,733,8,20,142,512,877,14,252,7,10,162,0,0,1,1,0,1,1,410,0,0,0,532,534,1361,2,1,5,4,0,0,6,264,1,0,0,2,2,71,536,0,340,20,22,262,27,4492,6,1,0,20,0,54,0,0,17,1,387,16,7
AZE,0,0,0,0,0,0,0,0,123,126,0,128,125,0,0,4,0,0,2,83,0,0,0,133,0,0,1,126,0,0,0,0,0,130,133,123,132,0,0,0,0,0,122,0,0,0,0,0,0,5,124,155,0,0,126,0,1,1,7,0,133,2,0,2,0,0,139,0,0,0,257,129,0,0,0,0,0,0,129,0,0,0,0,0,0,5,1,128,1,5,1,6,0,1,134,149,0,0,131,7,1,3,0,0,1,5,1,0,1,0,0,0,0,1,0,1,0,1,123,0,1,0,0,1,0,1,1,0,0,0,2,0,0,0,0,0,123,0,0,0,0,0,0,128,129,0,0,1,1,9,0,0,0,0,0,137,0,136,0,6,1,125,183,0,13,1,1,0,0,0,0,0,0,0,0,128,0,0,0,124,123,131,0,0,0,0,0,0,0,1,0,0,0,0,0,0,299,0,123,0,0,11,0,155,2,0,0,0,0,3,0,0,1,0,124,0,0
BDI,0,1,0,0,0,0,0,0,0,0,0,2,1,0,0,9,1,2,0,0,0,0,0,0,0,0,0,1,0,0,0,0,0,3,3,0,2,2,3,4,2,0,0,0,0,0,1,0,0,0,1,1,0,0,1,0,0,0,2,0,1,0,2,0,0,0,5,0,0,1,11,0,2,0,1,0,0,0,0,0,0,0,0,0,0,0,1,1,0,3,1,0,0,0,0,0,0,0,1,0,7,0,0,0,0,0,0,0,0,0,0,0,0,0,0,0,1,0,1,0,0,0,0,0,0,0,2,0,0,0,0,1,0,0,0,2,1,1,0,1,2,0,0,5,2,0,0,1,0,1,0,0,1,0,0,0,0,0,0,0,0,1,1,6,0,2,1,0,0,0,0,1,0,0,1,0,0,0,0,0,0,3,0,0,0,0,0,1,1,2,0,0,0,0,0,1,2,0,0,7,7,0,0,10,0,0,0,0,0,1,0,0,0,1,5,2,0
BEL,1,8,4,0,15,1,0,47,240,114,1,1612,1252,4,9,0,37,41,37,396,4,0,25,145,0,0,15,939,1,4,3,9,6,1664,2219,287,1471,31,95,100,11,0,232,0,0,22,67,0,0,167,857,4665,1,0,1212,2,103,100,228,0,2752,337,89,806,4,0,5016,0,2,15,5937,129,36,0,25,38,6,0,869,1,7,7,10,1,0,303,5,668,48,629,672,301,19,84,454,3525,5,18,1004,9,143,6,27,0,14,635,21,9,68,5,5,0,2,116,2,290,185,178,78,13,11,16,0,333,0,32,19,29,11,9,5,21,0,0,1,14,202,7,7,16,50,4,0,4198,653,22,0,370,12,170,14,76,52,0,8,1126,0,966,6,6,180,434,833,30,260,14,25,227,0,0,1,11,1,0,2,256,1,0,2,251,346,1498,3,1,4,5,0,2,5,218,0,0,0,2,4,96,495,0,284,56,96,214,24,5928,8,0,0,26,0,178,1,0,1,1,528,16,16
BEN,0,3,4,3,1,0,0,13,7,0,0,23,15,0,1,37,0,25,10,1,8,0,2,1,0,0,1,23,0,2,0,1,2,34,29,11,17,27,30,11,4,0,13,1,0,9,1,0,1,1,3,43,0,0,17,1,10,2,11,0,19,7,12,10,2,0,119,0,5,7,65,4,35,0,9,3,1,1,10,0,1,1,1,0,0,3,1,2,11,17,10,11,8,8,9,23,1,10,17,3,29,1,5,0,0,10,2,3,11,1,3,1,0,9,0,2,11,2,14,0,1,5,0,12,0,0,13,2,7,0,0,11,2,0,0,9,10,1,8,9,30,0,0,40,11,4,0,10,7,17,7,11,16,0,2,11,0,15,2,6,9,5,10,9,13,4,22,9,0,0,0,1,0,1,0,10,0,0,0,8,2,18,0,0,2,1,0,2,14,8,0,0,0,1,1,12,12,0,11,25,16,7,6,58,0,0,0,2,0,11,0,0,0,1,36,10,6
BFA,0,2,1,0,1,0,0,2,3,0,0,22,12,0,2,41,25,0,9,3,0,0,0,0,0,0,0,9,0,0,0,0,2,34,45,2,4,25,20,5,7,0,9,0,0,2,0,0,0,2,3,51,0,0,23,0,3,0,5,0,14,1,10,9,0,0,166,0,0,8,74,2,51,0,14,13,7,0,2,0,0,1,2,0,0,2,1,2,6,6,2,3,0,0,3,20,0,0,9,1,22,2,4,0,0,10,0,2,0,3,0,0,0,5,0,2,5,2,6,0,0,11,0,4,0,2,33,0,3,0,1,6,2,0,0,9,0,0,0,21,21,0,0,28,9,4,0,5,0,2,0,4,4,0,2,3,0,6,3,0,0,5,2,3,2,6,48,3,0,0,1,3,0,0,1,2,0,0,0,3,2,17,1,0,0,2,0,5,18,8,0,0,0,0,0,3,5,0,8,21,22,2,1,82,0,0,0,3,0,11,1,0,0,0,33,11,3
BGD,0,4,5,3,1,0,0,30,26,4,1,283,22,2,0,37,10,9,0,2,7,0,5,3,0,0,4,44,0,17,2,0,2,172,64,20,152,11,14,12,1,0,32,0,0,9,3,0,0,4,8,127,0,0,41,1,15,3,49,0,40,10,23,25,7,0,56,0,5,2,306,6,19,0,0,17,6,0,16,0,1,3,1,1,1,9,1,10,50,155,23,31,8,12,16,61,3,15,352,4,32,5,10,0,1,140,7,7,10,0,2,1,0,23,0,6,10,3,9,0,3,5,0,21,0,2,13,3,11,0,4,17,0,0,0,12,287,1,7,1,28,0,0,83,45,41,0,32,15,93,8,21,56,0,5,31,0,19,5,9,10,9,20,13,109,8,9,61,0,0,2,1,2,1,1,14,0,0,0,11,6,74,0,0,2,3,0,0,5,55,0,0,0,2,0,10,46,0,31,25,13,12,7,555,1,0,0,7,0,39,0,0,0,0,60,14,12
BGR,0,0,0,0,14,0,0,8,96,185,0,162,382,83,0,396,1,3,2,0,1,0,18,194,0,0,3,344,1,3,0,1,0,148,437,97,348,1,1,2,1,0,198,0,0,1,4,0,0,122,434,715,0,0,240,2,9,28,126,0,505,211,0,273,1,0,545,0,0,1,847,195,3,0,0,0,0,0,420,0,0,4,0,0,1,196,0,401,4,267,246,129,4,10,129,579,1,1,281,17,4,2,0,0,0,237,3,0,10,0,0,0,0,100,0,240,8,140,82,0,1,1,0,145,0,45,1,5,0,10,4,2,0,0,0,1,182,0,0,0,7,0,0,304,146,1,0,125,4,121,2,17,5,0,1,506,0,359,4,6,107,315,483,0,111,3,1,18,0,0,0,1,0,0,0,280,0,0,0,236,224,295,0,0,0,3,0,0,0,120,0,0,0,0,1,15,284,0,202,2,3,180,2,606,9,0,0,7,0,7,0,0,4,0,118,1,2
BHR,0,2,4,4,0,0,0,40,5,0,0,22,7,0,0,4,8,0,7,1,0,0,0,0,0,0,2,17,0,0,0,0,0,21,14,7,16,5,7,6,0,0,10,0,0,9,1,0,0,0,2,13,0,0,14,1,18,1,32,0,11,5,10,9,1,0,21,0,5,0,62,2,8,0,0,1,0,0,10,0,0,0,0,0,1,0,0,1,7,29,17,13,19,7,7,14,0,16,11,2,8,1,0,0,0,13,20,0,17,0,3,1,0,9,0,1,7,0,8,0,1,0,0,10,0,1,0,0,4,0,1,3,0,0,0,6,30,1,7,0,9,0,0,19,10,4,0,13,27,14,7,9,10,0,3,9,0,7,0,7,24,5,10,7,48,7,0,9,0,0,0,0,0,0,0,10,0,0,0,9,0,12,0,0,0,1,0,0,4,4,0,0,0,0,0,17,12,0,10,9,4,6,7,53,0,0,0,1,0,10,0,0,1,3,12,7,3
BHS,0,0,0,0,0,0,0,0,1,0,0,5,0,0,0,0,0,0,0,0,0,0,0,0,1,1,0,3,3,0,0,0,0,10,0,0,0,0,0,0,0,0,1,0,0,0,2,0,1,0,0,3,0,1,0,0,0,1,0,0,4,0,1,0,0,0,0,0,0,0,11,0,0,0,0,0,0,0,0,0,0,0,0,0,0,0,0,0,0,0,0,0,0,0,0,0,4,0,1,0,0,0,0,0,0,0,0,0,0,0,0,0,0,1,0,0,0,0,0,0,0,0,0,4,0,0,0,0,0,0,0,0,0,0,0,0,0,0,0,0,0,0,0,1,0,0,0,0,0,0,0,1,0,0,0,0,0,1,0,0,0,0,0,0,0,0,0,0,0,0,0,0,0,0,0,0,0,0,2,0,0,1,0,0,0,0,0,0,0,0,0,0,0,0,4,0,0,0,0,0,0,0,0,24,0,0,1,1,0,0,0,0,0,0,1,0,0
BIH,0,0,0,0,13,0,0,3,9,1,0,14,33,0,0,25,2,0,5,18,0,0,0,6,0,0,2,9,0,2,0,2,0,15,31,9,11,4,4,0,0,0,5,0,0,0,3,0,0,8,33,70,0,0,15,0,5,5,9,0,42,13,0,15,2,0,36,0,0,1,67,7,3,0,0,0,0,0,24,0,2,1,0,0,1,153,0,22,5,8,16,5,1,5,17,56,3,5,13,3,4,2,0,0,0,13,3,0,10,0,1,0,0,0,0,21,6,16,6,0,2,0,0,12,0,18,0,7,3,29,2,2,0,0,0,0,7,0,0,0,8,0,0,29,26,3,0,5,1,5,3,6,5,0,1,30,0,22,2,2,1,49,27,0,8,1,0,6,0,0,0,1,0,0,0,168,0,0,0,18,61,31,0,0,3,1,0,0,0,5,0,0,0,2,1,8,41,0,6,3,4,12,1,79,1,0,0,6,0,5,0,0,3,0,8,1,1
BLR,0,0,0,0,7,0,0,1,129,234,0,150,247,133,0,145,1,0,3,194,0,0,6,0,0,0,2,251,0,2,0,1,0,154,273,126,264,1,1,0,0,0,227,0,0,0,1,0,0,106,260,375,0,0,152,0,2,30,104,0,311,122,1,137,0,0,317,0,0,0,453,237,1,0,0,0,0,0,252,0,0,3,0,0,1,113,0,237,4,129,114,110,0,5,142,293,0,7,146,17,0,1,0,0,0,125,0,0,4,0,0,0,0,99,0,138,1,43,125,0,18,1,0,107,0,4,0,2,0,1,2,0,0,0,0,1,225,0,0,0,2,0,0,162,150,0,0,107,1,103,1,5,1,0,1,342,1,263,2,7,101,144,580,0,102,1,0,13,0,0,0,1,0,0,0,242,0,0,0,143,137,162,0,0,0,0,0,0,0,108,1,0,0,0,1,2,255,0,233,1,2,182,0,332,8,0,0,2,0,9,0,0,0,0,139,1,0
BLZ,0,0,0,0,0,0,0,0,0,0,0,4,0,0,0,0,0,0,0,0,0,1,0,0,0,1,0,3,2,0,0,0,0,4,1,1,1,0,0,0,0,0,0,0,0,3,4,0,0,0,0,1,0,0,0,1,0,2,0,0,3,0,0,0,0,0,2,0,0,0,11,0,0,0,0,1,0,0,1,1,0,1,0,0,1,0,0,0,0,1,0,0,0,1,1,1,1,0,2,0,1,0,0,0,0,0,0,0,0,0,0,0,0,0,0,0,0,0,0,0,0,0,0,4,0,0,0,0,0,0,0,0,0,0,0,1,0,0,0,0,1,1,0,3,0,0,0,0,0,1,2,0,0,0,1,0,0,1,1,0,0,1,2,0,2,0,0,0,0,0,0,0,1,0,0,0,0,0,1,0,0,0,0,0,0,0,0,0,0,1,0,0,0,0,1,0,0,0,0,0,1,1,2,14,0,0,0,1,0,1,0,1,0,0,1,0,0
BMU,0,0,0,0,0,0,0,0,1,0,0,7,1,0,0,0,0,0,0,0,0,1,0,0,1,0,0,2,1,0,0,0,0,5,1,1,3,0,0,0,0,0,0,0,0,0,1,0,0,0,0,5,0,0,1,0,0,0,0,0,1,0,0,0,0,0,3,0,0,0,11,0,0,0,0,0,0,0,1,0,0,0,0,0,0,0,0,0,0,0,2,0,0,0,0,1,0,0,2,0,0,0,0,0,0,0,0,0,0,0,0,0,0,0,0,0,0,0,0,0,0,0,0,1,0,0,0,0,0,0,0,0,0,0,0,0,0,0,0,0,0,0,0,4,3,0,0,1,0,0,0,0,0,0,0,1,0,0,0,0,0,0,0,0,2,0,0,0,0,0,0,0,0,0,0,0,0,0,0,0,0,1,0,0,0,0,0,0,0,0,0,0,0,0,0,0,0,0,0,0,0,0,0,37,0,0,0,0,0,0,0,0,0,0,2,0,0
BOL,0,0,1,1,0,0,0,2,42,0,1,15,5,1,0,15,1,0,4,3,2,0,2,2,0,0,0,60,0,0,0,0,0,18,15,39,6,0,2,1,0,0,32,0,0,13,12,0,0,0,3,24,0,0,13,6,1,32,7,0,49,0,1,6,0,0,45,0,0,0,40,3,2,0,0,0,0,0,3,0,0,7,3,3,5,1,0,1,2,6,3,5,0,1,2,19,1,1,11,1,3,0,0,0,0,2,1,0,2,0,0,0,0,2,0,1,4,0,3,0,2,0,0,33,0,1,0,0,1,0,2,2,0,0,0,1,3,1,1,0,5,2,0,21,5,5,0,5,1,2,8,41,4,0,1,4,0,6,14,3,1,2,8,1,5,1,0,4,0,0,0,0,7,0,0,2,0,0,1,3,1,22,0,1,1,0,0,0,1,3,0,0,0,0,1,1,5,0,1,2,1,2,18,92,0,0,0,17,0,3,0,0,1,0,3,2,1
BRA,0,3,14,4,4,0,0,71,1176,275,1,1565,735,126,1,939,23,9,44,344,17,3,9,251,3,2,60,0,3,6,1,10,1,2005,1243,879,1277,16,54,11,5,0,895,0,6,103,218,0,0,124,668,2785,0,0,783,23,32,179,210,0,2884,240,21,541,5,2,2847,1,5,7,4137,245,34,0,4,5,2,0,593,1,2,35,27,5,21,226,15,538,65,896,489,276,16,31,382,2339,9,32,946,15,64,6,12,0,3,587,22,8,63,0,3,1,0,132,0,222,41,141,157,7,4,20,0,848,0,14,7,13,13,3,5,55,0,0,6,29,342,5,8,5,107,16,0,1407,451,20,0,307,37,303,60,342,75,0,13,837,0,1996,48,17,138,430,888,14,274,12,11,166,0,0,2,2,20,1,2,301,0,0,10,334,310,898,5,1,6,3,0,0,8,306,0,0,0,2,9,60,540,0,408,32,39,289,273,8456,11,4,0,146,0,103,0,1,1,3,582,19,28
BRB,0,0,0,1,0,0,0,0,2,0,1,7,0,0,0,1,0,0,0,1,0,3,0,0,2,1,0,3,0,0,0,0,0,11,0,1,2,0,0,0,0,0,2,0,0,0,1,0,1,0,0,7,0,2,1,0,0,0,2,0,1,0,0,2,0,0,6,0,0,0,25,0,3,0,0,0,0,0,1,1,0,1,0,1,1,0,0,0,1,6,2,1,0,0,1,6,7,0,0,0,1,0,0,0,2,0,0,0,1,0,0,0,0,0,0,0,0,0,0,0,0,0,0,3,0,0,1,0,0,0,0,0,0,0,0,0,1,0,1,0,2,0,0,7,0,0,0,0,0,1,1,1,0,0,0,1,0,2,0,1,1,0,1,0,1,0,0,1,0,0,0,0,1,0,0,0,0,0,0,0,0,1,0,0,0,1,0,0,0,1,0,0,0,0,5,1,2,0,3,2,2,0,0,44,0,0,1,1,0,1,0,0,0,0,8,0,0
BRN,0,0,0,0,2,0,0,4,4,2,0,30,7,0,0,4,2,0,17,3,0,0,2,2,0,0,0,6,0,0,0,1,0,18,7,4,41,1,2,0,0,0,4,0,0,0,0,0,0,0,6,32,0,0,7,1,0,1,6,0,6,6,1,5,0,0,11,0,0,0,37,4,2,0,0,0,0,0,6,0,0,1,0,0,0,5,0,7,15,20,6,2,6,0,2,9,1,1,14,1,1,1,4,0,0,23,0,0,1,0,1,0,0,12,0,1,0,1,2,0,0,0,0,6,0,0,0,1,1,0,1,1,0,0,0,2,46,0,0,0,2,0,0,8,4,0,0,7,2,6,0,3,6,0,2,1,0,4,2,0,3,3,6,1,13,2,0,26,0,0,0,1,0,1,0,2,0,0,0,0,2,12,0,0,0,0,0,0,0,7,0,0,0,0,1,1,7,0,17,2,1,1,0,34,1,0,0,1,0,18,1,0,0,0,7,2,0
BTN,0,1,0,0,0,0,0,1,1,0,0,22,2,0,0,3,0,0,2,0,0,0,0,0,0,0,0,1,0,0,0,0,0,5,2,1,3,1,1,0,0,0,0,0,0,1,0,0,0,0,0,5,0,0,2,0,0,1,0,0,0,0,0,0,0,0,6,0,0,0,8,0,0,0,0,0,0,0,1,0,0,1,0,0,1,0,0,0,4,6,1,0,0,0,0,3,0,0,6,2,1,1,2,0,0,0,0,0,0,0,1,0,0,0,0,0,0,0,1,0,0,1,0,1,0,0,0,0,0,0,1,0,0,0,0,0,0,0,0,0,0,1,0,4,1,4,0,2,0,2,1,1,0,0,0,1,0,1,0,0,0,0,1,2,1,0,0,1,0,0,1,0,1,0,0,0,0,0,0,0,0,3,0,0,0,0,0,0,0,9,1,0,0,0,0,0,1,0,0,0,0,1,0,29,1,0,0,0,0,4,0,0,0,0,1,0,0
BWA,0,0,0,0,1,0,0,2,2,0,0,20,13,0,0,9,1,0,0,1,0,0,2,1,0,0,0,10,0,1,0,0,0,27,13,7,7,1,7,0,1,0,1,0,0,0,0,0,0,0,2,17,0,0,7,1,0,2,2,0,20,4,23,2,0,0,25,0,0,0,53,1,5,0,0,0,0,0,1,0,0,0,0,0,0,3,2,8,2,14,2,1,1,1,1,14,1,1,10,0,18,0,0,0,0,2,0,0,2,0,0,0,0,2,1,0,0,1,2,0,0,0,0,1,0,0,1,0,0,0,1,2,0,0,2,6,2,12,0,1,12,0,0,10,4,0,0,3,0,2,0,1,0,0,0,3,0,1,1,0,1,1,1,1,3,2,0,4,0,0,0,2,0,0,1,1,0,0,0,1,2,11,3,0,0,1,0,0,0,7,0,0,0,0,1,2,7,0,3,9,11,0,0,175,0,0,0,1,0,1,0,0,0,0,137,12,15
CAF,0,2,1,0,0,0,0,0,0,0,0,4,1,0,0,6,2,2,2,0,0,0,0,0,0,0,0,1,0,0,0,0,0,5,4,0,4,4,9,7,6,0,1,0,0,0,0,0,0,0,7,6,0,0,0,0,0,0,0,0,1,0,1,0,0,0,28,0,0,5,11,0,0,0,0,0,0,0,0,0,0,0,5,0,0,0,0,1,1,1,0,1,0,0,1,1,0,0,4,0,0,0,1,0,0,0,0,1,0,0,0,0,0,0,0,0,1,0,0,0,0,2,0,1,0,0,1,0,1,0,0,0,0,0,0,0,0,0,0,1,1,0,0,1,1,1,0,0,0,1,0,1,1,0,1,1,0,0,0,0,0,0,1,2,0,0,3,0,0,0,1,0,0,0,1,0,0,0,0,0,0,1,0,0,0,0,0,0,1,2,0,0,0,0,0,0,0,0,1,0,3,0,0,14,0,0,0,0,0,1,0,0,0,0,1,1,0
CAN,0,11,6,4,11,1,0,415,610,143,1,4554,1130,130,3,1664,34,34,172,148,21,10,15,154,4,5,18,2005,11,18,5,27,5,0,2639,716,7565,36,54,30,5,0,409,0,1,61,53,0,1,68,729,5643,0,1,1520,11,116,56,571,11,2705,125,59,875,11,0,5559,0,5,9,9194,147,80,0,9,9,5,0,583,3,39,20,7,8,3,130,12,458,79,1318,754,1031,33,122,1098,3454,34,101,2207,28,214,8,22,0,9,1239,69,15,164,12,21,2,2,69,2,68,82,51,277,7,12,12,0,744,0,25,16,25,14,7,15,25,1,1,6,41,411,10,13,5,114,5,0,3075,1134,35,0,853,65,369,53,103,85,1,6,1163,0,695,10,27,248,348,952,34,931,18,19,634,0,0,2,14,4,1,3,249,0,0,2,256,253,1918,3,1,6,16,1,0,7,265,1,0,0,2,27,166,693,0,715,60,142,140,61,23866,3,4,1,41,0,121,2,0,4,8,1059,23,25
CHE,0,5,9,3,17,0,0,72,412,286,1,2212,2210,133,3,2219,29,45,64,437,14,0,31,273,1,1,15,1243,0,7,2,13,4,2639,0,517,1964,61,53,46,18,0,443,0,1,29,71,0,0,160,1132,9820,1,0,1617,6,39,63,248,0,3388,346,55,1123,6,0,6132,1,5,15,8278,270,79,0,22,16,4,0,1108,2,4,9,13,4,1,357,5,802,91,955,773,345,16,95,745,5244,14,29,1572,21,173,17,33,0,5,775,26,17,76,13,6,1,28,133,6,317,117,174,171,12,23,26,2,449,0,26,24,22,15,11,13,32,1,0,3,44,335,12,11,6,95,2,0,3407,1003,59,0,434,26,255,29,168,92,0,17,1500,0,1049,18,16,189,608,1232,40,343,25,41,366,0,0,3,24,3,2,1,421,2,0,4,441,460,2105,7,1,17,4,0,9,13,330,2,0,1,2,5,73,677,0,549,94,98,318,40,10562,11,2,0,31,0,125,0,0,4,6,833,40,27
CHL,0,1,5,2,1,0,0,37,650,137,1,755,268,123,0,287,11,2,20,97,7,0,9,126,1,1,39,879,1,4,1,7,0,716,517,0,464,10,17,7,0,0,447,0,0,60,47,0,0,22,213,1304,0,0,342,14,20,94,39,0,1773,31,11,174,3,2,1201,0,4,1,1676,132,19,0,0,2,0,0,245,2,4,22,1,1,19,32,5,191,21,218,95,71,5,24,244,802,8,15,441,7,28,4,2,0,2,182,8,1,30,0,2,0,0,17,0,25,17,16,148,1,1,6,0,480,0,5,0,6,8,2,2,13,0,0,0,9,168,1,7,0,40,6,0,512,268,6,0,129,5,38,29,218,33,0,3,307,0,301,27,15,34,183,322,8,83,7,3,43,0,0,0,1,15,1,0,162,0,0,2,159,156,380,1,1,4,3,0,0,4,48,0,0,0,2,2,22,217,0,210,12,14,53,103,2626,1,16,0,83,0,29,0,1,1,0,356,7,10
CHN,0,5,7,3,1,0,0,179,387,286,0,9606,1125,132,2,1471,17,4,152,348,16,0,11,264,1,3,6,1277,2,41,3,7,4,7565,1964,464,0,19,57,21,1,0,439,3,6,27,62,0,0,139,831,6907,0,1,1616,7,90,82,571,8,2303,295,46,1236,7,0,4537,0,5,4,12030,254,122,0,5,5,4,1,749,2,6,11,2,0,2,273,1,703,178,1791,821,552,90,89,757,2810,4,42,6993,91,150,13,24,0,8,3770,33,9,76,2,4,1,1,182,0,253,60,142,170,5,7,12,1,546,0,36,10,14,50,7,48,14,0,0,14,33,872,6,10,7,195,4,0,2624,934,99,0,893,59,1501,33,125,225,0,14,1158,65,863,12,25,410,586,1836,28,1636,106,7,4653,0,0,1,24,4,1,1,393,1,0,3,361,391,2508,2,0,5,7,0,0,11,897,9,1,0,2,4,91,805,0,3346,44,41,366,41,46966,31,2,2,45,0,375,2,1,2,6,725,33,21
CIV,0,3,5,2,1,0,0,6,8,0,0,18,15,0,2,31,27,25,11,1,5,0,4,1,0,0,0,16,0,1,1,1,4,36,61,10,19,0,30,18,7,0,12,0,0,7,3,0,0,2,6,54,0,0,13,0,9,5,10,0,20,8,17,10,3,0,113,0,4,11,70,4,27,0,16,6,2,1,10,0,2,2,2,0,1,3,2,4,16,18,9,10,4,7,9,20,3,9,13,2,27,3,2,0,0,9,3,2,12,2,1,1,0,8,0,3,12,3,13,0,1,10,0,11,0,0,15,2,8,0,3,9,3,0,0,10,9,2,6,8,23,1,0,22,9,7,0,11,4,11,9,11,14,0,3,9,0,11,2,5,6,8,10,11,8,4,25,10,0,0,1,2,2,0,1,9,0,0,0,9,3,15,0,0,3,0,0,6,16,13,0,0,0,2,2,11,10,0,10,16,17,6,4,69,0,0,0,4,0,16,0,0,0,0,25,12,3
CMR,0,2,5,3,1,0,0,11,20,0,0,48,19,0,3,95,30,20,14,1,7,0,4,1,0,0,2,54,0,2,1,7,9,54,53,17,57,30,0,25,12,0,21,0,1,15,3,0,0,2,15,102,0,0,19,1,13,9,16,0,31,11,16,17,3,0,266,0,5,26,147,4,37,0,7,7,1,1,18,0,2,2,6,0,1,4,0,10,23,57,13,17,7,9,16,92,3,12,36,3,52,1,5,0,0,20,3,2,12,3,2,1,0,9,0,5,13,4,23,0,2,9,0,19,0,0,13,3,10,0,0,14,2,0,3,14,19,2,9,10,56,1,0,41,17,6,0,18,5,18,12,19,14,0,5,14,0,24,3,7,8,20,20,11,22,6,30,12,0,0,1,3,1,1,1,12,1,0,1,13,3,19,2,0,4,2,0,5,11,21,0,0,0,2,4,17,24,0,14,26,26,8,7,168,0,0,0,7,0,21,0,0,0,0,132,11,10
COD,0,5,8,3,0,0,0,8,5,0,0,23,12,0,4,100,11,5,12,2,6,0,0,0,0,0,1,11,0,0,0,0,7,30,46,7,21,18,25,0,9,0,10,0,0,6,0,0,0,2,4,40,0,0,9,0,9,1,10,0,16,5,11,9,1,0,55,0,4,8,78,3,11,0,2,1,1,1,8,0,0,0,1,0,0,3,2,4,15,17,11,9,4,6,7,15,0,6,18,3,27,3,7,0,0,11,0,1,7,2,1,1,0,6,0,2,9,2,5,0,1,3,0,11,0,2,8,0,6,0,2,7,0,0,0,13,6,3,6,2,14,0,0,19,14,10,0,10,3,13,6,12,8,0,4,9,0,9,2,5,6,4,12,13,10,7,3,9,0,0,2,1,0,0,2,8,0,0,0,8,2,16,0,0,0,2,0,1,8,7,0,0,0,0,0,5,8,0,6,13,25,7,6,105,0,0,0,2,0,12,0,0,1,0,32,14,2
COG,0,0,3,0,0,0,0,0,0,0,0,5,1,0,2,11,4,7,1,1,0,0,0,0,0,0,0,5,0,0,0,1,6,5,18,0,1,7,12,9,0,0,0,0,2,2,0,0,0,0,0,19,0,0,8,0,0,2,6,0,2,1,2,0,0,0,30,0,0,5,22,0,14,0,6,8,0,0,0,0,0,0,0,0,0,0,0,0,2,10,0,1,1,0,1,7,0,0,3,0,9,0,1,0,0,0,0,1,0,5,0,0,0,0,0,1,0,1,2,0,1,2,0,0,0,0,5,0,1,0,0,4,2,0,0,3,3,2,0,3,22,0,0,5,5,0,0,2,3,0,3,2,5,0,2,0,0,1,0,0,0,2,2,6,3,3,11,2,0,0,0,3,0,0,0,0,0,0,1,0,0,5,1,0,0,0,0,3,7,1,0,0,0,0,0,4,0,0,0,10,7,0,0,73,0,0,0,0,1,3,0,0,0,1,8,8,5
COK,0,0,0,0,0,0,0,0,0,0,0,2,0,0,0,0,0,0,0,0,0,0,0,0,0,0,0,0,0,0,0,0,0,0,0,0,0,0,0,0,0,0,0,0,0,0,0,0,0,0,0,0,0,0,0,0,0,0,0,0,0,0,0,0,0,0,0,0,0,0,2,0,0,0,0,0,0,0,0,0,0,0,0,0,0,0,0,0,0,0,0,0,0,0,0,0,0,0,0,0,0,0,0,1,0,0,0,0,0,0,0,0,0,0,0,0,0,0,0,0,0,0,0,0,0,0,0,0,0,0,0,0,0,0,0,0,0,1,0,0,0,0,1,0,1,0,0,3,0,0,0,0,1,0,0,1,0,0,0,0,0,0,0,0,0,0,0,1,0,0,0,0,0,0,0,0,0,0,0,0,0,0,0,0,0,0,0,0,0,0,0,0,0,0,0,0,0,0,0,1,0,0,0,2,0,0,0,0,0,0,0,0,0,0,0,0,0
COL,0,4,4,4,3,0,0,33,426,222,0,385,293,122,0,232,13,9,32,198,10,1,5,227,0,0,32,895,2,4,0,1,1,409,443,447,439,12,21,10,0,0,0,0,0,70,51,0,0,113,297,609,0,0,233,16,14,171,131,0,1148,122,18,166,3,1,660,0,5,2,958,259,22,0,0,5,1,0,282,0,2,29,6,4,14,120,1,253,31,225,213,155,13,20,171,532,9,15,226,4,46,3,6,0,0,188,7,3,29,0,2,1,0,117,0,121,16,36,133,1,1,6,0,572,0,4,4,4,12,0,1,15,0,0,0,13,271,1,8,1,36,11,0,397,203,11,0,155,9,144,65,164,70,0,8,382,0,361,27,18,113,215,357,13,137,7,5,65,0,0,1,1,23,1,1,246,0,0,3,147,144,264,1,0,3,2,0,0,6,149,0,0,0,2,3,17,290,0,265,20,16,187,72,1621,6,2,0,128,0,86,0,0,1,0,230,11,15
COM,0,0,0,0,0,0,0,0,0,0,0,1,0,0,0,0,1,0,0,0,0,0,0,0,0,0,0,0,0,0,0,0,0,0,0,0,3,0,0,0,0,0,0,0,0,0,0,0,0,0,0,2,0,0,0,0,0,0,0,0,0,0,0,0,0,0,7,0,0,0,2,0,0,0,0,0,0,0,0,0,0,0,0,0,0,0,0,0,0,0,0,0,0,0,0,1,0,0,0,0,0,0,0,0,0,0,0,0,0,0,0,0,0,0,0,0,0,0,1,0,0,2,0,0,0,0,0,0,0,0,0,0,0,0,1,0,0,0,0,0,0,0,0,0,0,0,0,0,0,0,0,0,0,0,0,0,0,1,0,0,0,0,0,0,0,0,1,0,0,0,0,0,0,0,0,0,0,0,0,0,0,0,0,0,0,0,0,0,0,0,0,0,0,0,0,0,0,0,0,0,0,0,0,1,0,0,0,0,0,0,0,0,0,0,0,0,0
CPV,0,0,0,0,0,0,0,1,2,0,0,1,0,0,0,0,0,0,0,0,0,0,0,0,0,0,0,6,0,0,0,0,0,1,1,0,6,0,1,0,2,0,0,0,0,1,0,0,0,0,0,7,0,0,2,0,0,0,0,0,8,0,1,0,0,0,3,0,0,0,4,0,1,0,1,0,0,0,0,0,0,0,0,0,0,0,0,0,0,2,1,1,0,0,0,4,0,0,1,0,0,0,0,0,0,1,0,0,0,1,0,0,0,0,0,0,0,0,1,0,0,0,0,1,0,0,0,0,0,0,0,0,0,0,0,0,0,0,0,0,1,0,0,1,1,0,0,1,0,0,0,1,0,0,0,0,0,14,0,0,0,0,2,0,0,1,0,0,0,0,0,0,0,0,0,0,0,0,1,1,1,1,0,0,0,0,0,1,1,1,0,0,0,0,0,0,0,0,0,0,0,0,0,5,0,0,0,0,0,0,0,0,0,0,1,0,0
CRI,0,2,5,3,1,0,0,11,68,1,1,45,27,0,0,22,9,2,9,1,9,0,0,0,3,0,13,103,0,0,1,0,0,61,29,60,27,7,15,6,2,0,70,0,1,0,11,0,0,1,4,79,0,0,28,7,7,31,11,0,130,9,9,16,1,0,80,0,5,1,109,3,11,0,1,2,0,0,17,0,0,21,1,0,13,1,0,4,13,23,14,16,5,7,8,52,2,8,25,3,12,2,0,0,0,16,1,1,12,0,1,1,0,12,0,1,9,1,10,1,2,4,0,96,0,1,2,1,4,0,2,3,0,0,1,6,16,1,7,0,11,19,0,44,17,4,0,21,4,11,41,41,14,0,5,17,0,15,10,5,8,8,21,8,17,3,1,13,0,0,0,0,17,0,0,10,0,0,1,10,3,24,1,1,1,0,0,0,4,12,0,0,0,0,5,8,14,0,17,10,6,8,31,288,1,0,0,21,0,11,1,0,1,0,24,8,4
CUB,0,0,1,0,0,0,0,1,49,38,1,16,49,0,1,67,1,0,3,4,1,2,3,1,4,1,12,218,1,0,0,0,0,53,71,47,62,3,3,0,0,0,51,0,0,11,0,0,0,2,45,93,0,0,46,12,3,48,5,0,244,6,1,43,2,0,100,0,0,0,116,1,3,0,1,0,0,0,49,0,2,7,0,0,4,42,1,42,16,51,5,8,0,2,5,98,7,4,54,0,3,0,1,0,0,41,5,0,4,0,0,0,0,1,0,4,5,2,5,1,0,0,0,197,0,1,0,2,4,0,1,3,0,0,0,0,7,0,0,0,7,5,0,55,53,3,0,6,0,45,12,66,4,0,1,49,0,22,7,2,1,44,47,1,13,1,0,5,0,0,0,0,9,0,0,8,0,0,0,44,4,50,0,1,4,0,0,0,0,45,0,0,0,2,3,5,46,0,5,2,3,39,16,147,0,0,0,29,0,11,0,0,1,1,46,0,0
CUW,0,0,0,0,0,0,0,0,0,0,0,0,0,0,0,0,0,0,0,0,0,0,0,0,0,0,0,0,0,0,0,0,0,0,0,0,0,0,0,0,0,0,0,0,0,0,0,0,0,0,0,0,0,0,0,0,0,0,0,0,1,0,0,0,0,0,1,0,0,0,1,0,0,0,0,0,0,0,0,0,0,0,0,0,0,0,0,0,0,0,0,0,0,0,0,1,0,0,0,0,0,0,0,0,0,0,0,0,0,0,0,0,0,0,0,0,0,0,0,0,0,0,0,0,0,0,0,0,0,0,0,0,0,0,0,0,0,0,0,0,0,0,0,3,0,0,0,0,0,0,0,0,0,0,0,0,0,0,0,0,0,1,0,0,0,0,0,0,0,0,0,0,0,0,0,0,0,0,0,0,0,0,0,0,0,0,0,0,0,0,0,0,0,0,0,0,0,0,0,0,0,0,1,1,0,0,0,0,0,0,0,0,0,0,0,0,0
CYM,0,0,0,0,0,0,0,0,0,0,0,2,0,0,0,0,1,0,0,0,0,1,0,0,0,0,0,0,1,0,0,0,0,1,0,0,0,0,0,0,0,0,0,0,0,0,0,0,0,0,0,0,0,1,0,0,0,0,0,0,0,0,0,0,0,0,0,0,0,0,5,0,0,0,0,0,0,0,0,0,0,0,0,0,0,0,0,0,1,1,0,0,0,0,0,0,1,0,0,0,0,0,0,0,0,0,0,0,0,0,0,0,0,0,0,0,0,0,0,0,0,0,0,0,0,0,0,0,1,0,0,0,0,0,0,0,0,0,0,0,1,0,0,0,0,0,0,0,0,0,0,0,0,0,0,0,0,0,0,0,0,0,0,0,0,0,0,0,0,0,0,0,0,0,0,0,0,0,0,0,0,0,0,0,1,0,0,0,0,0,0,0,0,0,1,0,0,0,0,1,1,0,0,6,0,0,0,0,0,0,0,0,0,0,0,0,0
CYP,0,0,0,0,3,0,0,12,8,101,0,53,140,5,0,167,1,2,4,122,0,0,8,106,0,0,0,124,0,0,0,0,0,68,160,22,139,2,2,2,0,0,113,0,0,1,2,0,0,0,140,294,0,0,42,0,6,26,122,0,242,123,0,151,2,0,215,0,0,0,466,107,3,0,0,0,0,0,497,0,1,0,0,0,0,130,0,140,4,132,139,121,3,9,51,277,2,8,35,9,3,2,0,0,0,121,5,1,12,0,4,0,0,101,0,122,8,34,6,2,2,1,0,108,0,6,0,14,2,1,1,4,0,0,0,0,113,0,0,0,2,1,0,113,43,2,0,110,3,123,2,4,5,0,0,155,0,154,2,6,105,54,140,0,113,1,0,14,0,0,0,0,0,0,0,132,0,0,0,20,33,97,0,0,2,4,0,0,0,112,0,0,0,2,0,4,281,0,118,2,3,111,0,332,6,0,0,5,0,5,0,0,1,0,21,0,0
CZE,0,0,0,0,11,0,0,21,269,278,0,646,1100,124,1,857,3,3,8,434,2,0,33,260,0,0,3,668,0,6,0,2,7,729,1132,213,831,6,15,4,0,0,297,0,0,4,45,0,0,140,0,2482,0,0,667,1,38,51,181,0,1424,293,12,606,3,0,1782,0,0,3,2387,244,10,0,0,0,0,0,707,0,3,7,1,0,2,324,0,750,32,547,355,190,9,36,375,1655,6,9,724,17,17,7,2,0,0,471,18,0,20,0,0,0,1,101,0,285,35,184,135,2,10,2,0,265,0,26,1,14,4,8,5,6,0,0,1,2,319,2,2,0,14,0,0,1015,491,4,0,208,7,183,11,67,21,0,7,1404,0,651,7,8,122,457,1092,1,189,6,5,126,0,0,0,2,1,2,0,384,0,0,1,1284,466,911,1,0,3,6,0,0,0,192,0,0,2,2,1,28,533,0,356,9,10,333,10,2607,14,1,0,20,0,48,0,1,1,1,325,3,2
DEU,0,8,16,4,23,1,0,221,974,336,1,5389,6502,155,1,4665,43,51,127,715,13,3,70,375,1,5,24,2785,7,32,5,17,6,5643,9820,1304,6907,54,102,40,19,0,609,2,7,79,93,0,0,294,2482,0,0,3,3937,5,105,165,894,1,8119,577,110,2541,8,1,12023,1,6,54,18824,324,124,0,17,16,10,0,2177,11,13,19,10,6,6,685,1,1788,265,2306,1564,837,79,219,2073,10386,16,146,4321,86,244,30,21,0,6,2017,47,17,118,13,11,1,30,146,1,473,363,288,250,23,83,39,0,1009,0,93,20,49,19,11,36,30,1,0,10,32,548,50,25,10,139,9,0,9013,2350,59,0,964,79,558,84,155,143,0,15,3616,6,2058,20,31,299,1212,4374,26,983,50,38,904,0,0,1,13,7,0,1,702,0,0,2,770,798,5296,4,1,8,28,0,3,17,570,8,0,0,2,9,151,1505,0,1045,115,78,870,97,26113,53,10,0,76,0,338,4,0,12,13,1402,39,18
DJI,0,0,0,0,0,0,0,0,0,0,0,0,0,0,0,1,0,0,0,0,0,0,0,0,0,0,0,0,0,0,0,0,0,0,1,0,0,0,0,0,0,0,0,0,0,0,0,0,0,0,0,0,0,0,0,0,0,0,2,0,1,0,1,0,0,0,11,0,0,0,1,0,0,0,0,0,0,0,0,0,0,0,0,0,0,0,0,0,0,0,0,0,0,0,0,1,0,0,0,0,0,0,0,0,0,0,0,0,0,0,0,0,0,0,0,0,0,0,0,0,0,0,0,0,0,0,0,0,0,0,0,0,0,0,0,0,0,0,0,0,0,0,0,0,0,0,0,0,0,0,0,0,0,0,0,0,0,0,0,0,0,0,0,0,0,0,0,0,0,0,0,0,0,0,0,0,0,0,0,0,0,0,0,0,0,0,0,0,0,0,0,0,0,0,0,1,0,0,0,0,1,0,0,4,0,0,0,0,0,0,0,0,0,1,0,0,0
DMA,0,0,0,1,0,0,0,0,0,0,1,1,3,0,0,0,0,0,0,0,0,1,0,0,0,0,0,0,2,0,0,0,0,1,0,0,1,0,0,0,0,0,0,0,0,0,0,0,1,0,0,3,0,0,0,0,0,0,1,0,3,0,0,0,0,0,2,0,0,0,5,0,0,0,0,0,0,0,0,2,0,0,0,1,0,0,0,0,0,0,1,0,0,0,1,0,2,0,0,0,0,0,0,0,2,0,0,0,0,0,0,1,0,0,0,0,0,0,0,0,0,0,0,0,0,0,0,0,0,0,0,0,0,0,0,0,0,0,0,0,0,0,0,1,0,0,0,0,0,0,0,0,0,0,0,0,0,0,0,0,0,0,0,0,0,0,0,1,0,0,0,0,0,0,0,0,0,0,1,0,0,0,0,0,0,0,0,0,0,0,0,0,0,0,2,0,0,0,0,0,0,0,0,21,0,0,0,1,0,0,0,0,0,0,0,0,0
DNK,0,2,4,3,9,2,0,45,278,169,1,1605,981,126,1,1212,17,23,41,240,14,0,15,152,0,1,13,783,1,7,2,7,0,1520,1617,342,1616,13,19,9,8,0,233,0,2,28,46,0,0,42,667,3937,0,0,0,1,20,22,65,0,1984,274,44,1146,6,0,2336,1,5,4,5400,146,55,0,2,10,41,0,703,1,97,7,2,0,1,177,1,529,57,478,506,197,14,229,494,2275,6,14,884,10,73,6,17,0,17,436,16,5,29,0,2,1,1,22,1,193,78,175,145,5,14,5,0,216,0,19,8,21,10,8,7,17,1,0,0,20,275,11,9,4,38,2,0,2411,1742,25,0,274,21,107,21,74,44,0,6,969,0,730,3,16,79,456,679,16,130,9,16,252,0,0,0,2,0,0,0,249,0,0,1,364,373,2788,1,1,5,2,0,0,6,164,1,0,1,2,3,20,428,0,251,76,50,119,34,5385,4,1,0,16,0,59,0,0,0,0,498,24,15
DOM,0,0,0,0,0,0,0,1,13,0,0,1,2,0,0,2,1,0,1,2,1,0,0,0,1,0,6,23,0,1,0,1,0,11,6,14,7,0,1,0,0,0,16,0,0,7,12,0,0,0,1,5,0,0,1,0,0,6,3,0,31,0,1,2,0,0,10,0,0,0,15,0,1,0,0,0,0,0,2,0,0,9,0,0,6,1,2,0,2,5,1,1,1,0,1,6,0,0,2,0,0,0,1,0,0,0,1,0,2,0,1,0,0,2,0,2,1,0,1,0,0,0,0,24,0,1,0,1,0,0,1,1,0,0,0,1,3,0,0,0,3,4,0,3,1,1,0,1,1,3,10,13,1,0,1,1,0,1,10,0,0,2,2,1,2,2,0,1,0,0,0,0,10,1,0,1,0,0,1,1,0,2,0,0,0,0,0,0,0,2,0,0,0,0,0,1,5,0,0,1,1,0,11,77,0,0,0,13,0,2,0,0,1,0,1,0,0
DZA,0,1,4,4,1,0,0,67,15,1,0,38,30,1,0,103,10,3,15,9,18,0,5,2,0,0,1,32,0,0,0,0,0,116,39,20,90,9,13,9,0,0,14,0,0,7,3,0,0,6,38,105,0,0,20,0,0,7,56,0,195,13,9,38,3,0,1525,0,5,0,169,7,9,0,1,1,0,0,27,0,2,0,0,0,0,11,0,17,9,77,31,31,12,10,23,150,4,33,33,3,11,4,2,0,0,31,3,0,30,0,2,1,0,7,0,10,16,6,88,0,2,0,0,20,0,4,0,5,7,1,0,9,1,0,1,6,69,1,7,0,14,0,0,31,27,12,0,10,16,48,9,13,12,0,2,34,0,61,2,7,22,29,34,7,171,2,6,13,0,0,0,0,1,0,0,21,0,0,0,22,12,31,0,0,3,6,0,0,4,7,1,1,0,2,0,112,103,0,16,10,8,21,6,150,0,0,0,7,0,17,0,0,0,2,50,7,3
ECU,0,0,0,0,1,0,0,7,81,24,0,56,44,1,0,100,2,0,3,28,1,1,5,30,2,0,32,179,0,1,1,2,0,56,63,94,82,5,9,1,2,0,171,0,0,31,48,0,0,26,51,165,0,0,22,6,7,0,34,0,537,32,1,42,2,0,132,0,0,2,177,25,7,0,0,1,0,0,42,1,2,14,5,4,10,32,1,33,11,72,44,35,0,2,8,110,5,4,35,2,13,1,1,0,0,47,4,1,8,0,0,0,0,28,0,32,3,29,8,0,0,4,0,166,0,1,1,2,3,0,2,4,0,0,0,2,40,0,1,0,10,6,0,84,19,4,0,38,0,31,25,80,10,0,1,50,0,92,20,2,27,16,53,0,21,3,1,10,0,0,0,2,10,0,1,31,0,0,3,9,7,43,1,0,3,0,0,0,1,39,0,0,0,2,3,7,41,0,33,9,10,41,22,414,4,0,0,133,0,18,0,1,1,0,28,2,2
EGY,0,4,4,4,3,0,0,190,43,104,1,207,216,7,2,228,11,5,49,126,32,0,9,104,0,0,7,210,2,6,0,2,0,571,248,39,571,10,16,10,6,0,131,0,0,11,5,0,0,122,181,894,2,1,65,3,56,34,0,1,381,117,27,190,3,0,433,0,5,0,863,118,28,0,0,1,0,1,188,1,2,1,0,0,1,127,0,153,34,390,166,213,47,11,52,435,4,58,594,12,46,4,1,0,2,359,95,0,120,3,57,1,1,116,0,116,13,38,57,0,4,1,0,176,0,7,1,7,7,3,6,11,1,0,3,10,261,4,7,2,59,0,0,156,76,10,0,163,59,249,10,22,38,0,3,212,0,172,5,16,291,61,239,12,3179,41,2,49,0,0,0,1,1,1,0,128,0,0,0,32,27,143,0,1,4,18,0,1,4,155,2,0,0,2,2,72,301,0,167,18,16,129,12,1838,9,0,1,9,0,40,0,0,4,62,105,11,5
ERI,0,0,0,0,0,0,0,0,0,0,0,1,0,0,0,0,0,0,0,0,0,0,0,0,0,0,0,0,0,0,0,0,0,11,0,0,8,0,0,0,0,0,0,0,0,0,0,0,0,0,0,1,0,0,0,0,0,0,1,0,2,0,2,0,0,0,4,0,0,0,2,0,0,0,0,0,0,0,0,0,0,0,0,0,0,0,0,0,0,3,0,0,0,0,0,4,0,0,0,0,0,0,0,0,0,0,0,0,0,0,0,0,0,0,0,0,0,0,0,0,0,0,0,0,0,0,0,0,0,0,0,0,0,0,0,1,2,0,0,0,0,0,0,2,0,0,0,0,2,0,0,0,0,0,0,0,0,1,0,0,0,0,0,0,0,1,0,0,0,0,0,0,0,0,0,0,0,0,0,0,0,0,0,0,0,0,0,0,0,0,0,0,0,0,0,0,0,0,0,0,0,0,0,2,0,0,0,0,0,0,0,0,0,4,2,0,0
ESP,1,5,12,4,26,14,0,118,1325,290,1,2531,1842,133,1,2752,19,14,40,505,11,4,42,311,3,1,49,2884,1,6,0,20,1,2705,3388,1773,2303,20,31,16,2,0,1148,0,8,130,244,1,0,242,1424,8119,1,3,1984,31,195,537,381,2,0,435,50,1430,10,0,7500,1,5,11,10557,274,32,5,8,12,4,4,1604,1,5,31,3,2,12,442,2,1050,73,1104,1078,488,28,131,1001,7618,9,46,1820,24,77,6,6,0,10,1008,44,4,85,0,8,1,3,121,1,377,136,208,373,19,26,7,1,1907,0,66,10,50,9,18,7,75,0,0,6,13,439,6,20,1,58,16,0,3951,1411,13,0,443,35,263,51,290,77,0,21,2045,0,3187,43,20,217,863,1652,11,642,8,23,361,0,0,1,7,24,2,0,520,0,0,2,504,584,2650,3,1,9,6,0,1,5,313,0,0,0,2,5,339,1001,0,637,44,29,430,201,11673,29,8,0,180,0,118,2,0,2,4,771,17,10
EST,0,4,4,2,7,0,0,9,28,109,0,122,327,2,0,337,7,1,10,211,5,0,13,122,0,0,0,240,0,6,0,4,0,125,346,31,295,8,11,5,1,0,122,0,0,9,6,0,0,123,293,577,0,0,274,0,13,32,117,0,435,0,7,575,3,0,420,0,4,0,849,114,9,0,1,2,0,0,251,0,3,2,0,0,0,155,0,277,17,249,249,122,6,46,57,441,5,11,151,5,16,4,0,0,0,229,7,0,15,0,2,1,3,109,0,262,14,215,11,1,6,1,0,132,0,7,0,7,5,5,2,4,0,0,0,4,121,0,5,0,11,0,0,267,148,4,0,148,4,117,8,22,19,0,5,342,0,260,3,6,112,151,370,5,115,1,2,34,0,0,0,1,0,1,0,143,0,0,1,137,137,420,1,0,4,1,0,0,3,117,0,0,0,2,1,13,153,0,125,9,8,154,7,542,8,0,0,7,0,15,1,0,0,1,42,6,4
ETH,0,6,6,4,0,0,0,19,12,0,0,71,38,0,2,89,12,10,23,0,10,1,0,1,0,0,1,21,0,1,0,23,1,59,55,11,46,17,16,11,2,0,18,0,1,9,1,0,0,0,12,110,1,0,44,1,9,1,27,2,50,7,0,22,2,0,69,0,5,2,224,3,36,0,1,9,4,0,12,0,0,2,4,0,0,1,2,5,18,142,13,23,7,8,10,58,0,15,38,4,92,3,4,0,0,38,3,6,13,1,5,1,0,15,0,1,11,0,11,0,2,4,0,21,0,0,13,1,8,0,2,12,0,0,0,29,19,7,7,7,57,1,0,108,75,13,0,23,9,29,6,17,17,0,4,9,0,13,2,8,12,3,18,19,26,20,14,11,0,0,1,1,1,1,1,10,0,0,1,13,0,66,5,0,0,1,0,5,6,14,1,0,0,0,2,9,18,0,17,34,47,7,7,339,2,0,0,0,0,23,0,0,0,6,125,17,15
FIN,0,3,6,3,7,0,0,38,88,142,1,782,755,2,0,806,10,9,25,273,9,0,15,137,0,0,6,541,2,5,0,2,0,875,1123,174,1236,10,17,9,0,0,166,0,0,16,43,0,0,151,606,2541,0,0,1146,2,38,42,190,0,1430,575,22,0,4,0,1704,0,5,1,3267,123,34,0,2,4,3,0,624,2,7,4,2,1,0,255,0,484,51,573,466,241,15,167,248,1649,8,21,754,22,49,6,3,0,0,487,27,1,36,1,9,1,2,114,0,320,55,196,24,4,11,2,0,257,0,20,1,16,8,5,11,13,0,0,1,27,201,1,7,2,30,2,0,1383,963,16,0,256,16,213,12,66,32,0,3,830,1,526,7,11,170,274,1122,10,218,4,3,164,0,0,0,2,1,2,0,197,0,0,3,242,212,2234,3,1,6,3,0,1,4,184,0,0,0,2,3,21,333,0,227,21,18,235,17,3112,8,0,0,14,0,34,0,0,0,1,327,11,4
FJI,0,0,2,1,0,0,0,1,2,0,0,93,4,0,0,4,2,0,7,1,1,0,2,0,0,0,0,5,0,0,0,0,0,11,6,3,7,3,3,1,0,0,3,0,0,1,2,0,0,2,3,8,0,0,6,0,3,2,3,0,10,3,2,4,0,0,17,0,2,0,45,1,3,0,0,0,0,0,5,0,1,0,0,0,0,2,0,3,5,21,6,3,1,3,3,13,2,3,14,0,5,0,0,1,0,8,2,0,3,0,0,0,0,3,0,2,3,1,2,0,0,1,0,4,1,0,0,2,3,0,0,3,0,0,2,1,5,0,4,0,5,0,0,6,4,2,0,22,1,5,3,3,5,1,0,3,0,10,0,2,1,2,3,2,3,0,0,4,0,0,4,0,0,0,0,3,0,0,0,3,2,5,0,0,2,0,0,0,0,2,0,0,0,6,1,3,4,0,6,4,2,1,1,40,0,0,0,2,0,5,5,3,0,0,7,1,0
FLK,0,0,0,0,0,0,0,0,1,0,0,4,0,0,0,0,0,0,0,0,0,0,0,0,0,0,0,2,0,0,0,0,0,0,0,2,0,0,0,0,0,0,1,0,0,0,0,0,0,0,0,1,0,0,0,0,0,0,0,0,0,0,0,0,0,0,1,0,0,0,5,0,0,0,0,0,0,0,0,0,0,0,0,0,0,0,0,0,0,0,0,0,0,0,0,1,0,0,0,0,0,0,0,0,0,0,0,0,0,0,0,0,0,0,0,0,0,0,0,0,0,0,0,0,0,0,0,0,0,0,0,0,0,0,0,0,0,0,0,0,0,0,0,0,0,0,0,1,0,0,0,0,0,0,0,1,0,0,0,0,0,0,0,0,0,0,0,0,0,0,0,0,0,0,0,0,0,0,0,0,0,0,0,0,0,0,0,0,0,0,0,0,0,0,0,0,0,0,0,0,0,0,1,3,0,0,0,0,0,0,0,0,0,0,1,0,0
FRA,0,11,10,3,25,2,0,189,838,333,2,3940,2415,139,5,5016,119,166,56,545,21,0,36,317,2,3,45,2847,6,11,6,25,28,5559,6132,1201,4537,113,266,55,30,0,660,7,3,80,100,1,0,215,1782,12023,11,2,2336,10,1525,132,433,4,7500,420,69,1704,17,1,0,1,5,66,13803,283,61,1,44,19,4,2,1819,4,7,18,95,7,4,498,14,1195,186,1629,1206,502,43,189,1317,9707,12,57,3327,46,145,11,76,0,3,1305,33,41,635,5,25,1,6,130,1,374,345,216,996,110,40,95,0,1090,0,40,61,50,18,18,14,36,24,0,15,38,514,15,140,52,87,2,0,5276,1640,34,0,664,32,411,33,201,102,1,16,2556,0,1907,19,25,307,1306,2780,25,779,29,250,697,0,0,5,7,3,2,1,536,1,0,10,543,610,3364,8,1,18,30,0,15,47,528,3,0,0,3,16,2020,1055,0,828,55,65,649,118,17606,18,3,0,93,0,452,20,1,5,9,1170,27,46
FRO,0,0,0,0,0,0,0,0,0,0,0,0,1,0,0,0,0,0,0,0,0,0,0,0,0,0,0,1,0,0,0,0,0,0,1,0,0,0,0,0,0,0,0,0,0,0,0,0,0,0,0,1,0,0,1,0,0,0,0,0,1,0,0,0,0,0,1,0,0,0,1,1,0,0,0,0,0,0,1,0,0,0,0,0,0,0,0,0,0,0,0,0,0,0,0,1,0,0,0,0,0,0,0,0,0,0,0,0,0,0,0,0,0,0,0,0,0,0,0,0,0,0,0,0,0,0,0,0,0,0,0,0,0,0,0,0,0,0,0,0,0,0,0,0,1,0,0,0,0,0,0,0,0,0,0,0,0,0,0,0,0,1,1,0,0,0,0,0,0,0,0,0,0,0,0,0,0,0,0,1,0,1,0,0,0,0,0,0,0,0,0,0,0,0,0,0,0,0,0,0,0,0,0,0,0,0,0,0,0,0,0,0,0,0,0,0,0
FSM,0,1,2,1,0,0,0,5,3,0,0,8,5,0,0,2,5,0,5,0,5,0,0,0,0,0,0,5,0,0,0,0,0,5,5,4,5,4,5,4,0,0,5,0,0,5,0,0,0,0,0,6,0,0,5,0,5,0,5,0,5,4,5,5,2,0,5,0,0,0,14,1,5,0,0,1,0,0,5,0,0,0,0,0,0,0,0,1,5,6,5,5,4,5,4,5,0,5,7,1,6,1,0,0,0,5,0,0,5,0,1,1,0,5,0,0,5,0,4,0,0,0,0,5,0,0,0,0,3,0,0,2,0,0,0,4,5,0,5,0,6,0,0,5,5,1,0,5,2,5,5,5,5,0,2,5,0,5,0,3,5,2,5,5,5,0,0,5,0,0,1,0,0,0,0,5,0,0,0,5,0,5,0,0,0,0,0,0,3,1,0,0,0,0,0,4,5,0,5,7,4,4,4,12,0,0,0,0,0,5,1,1,0,0,5,5,2
GAB,0,2,1,0,0,0,0,1,3,0,0,6,12,0,1,15,7,8,2,1,0,0,1,0,0,0,0,7,0,0,0,0,5,9,15,1,4,11,26,8,5,0,2,0,0,1,0,0,0,0,3,54,0,0,4,0,0,2,0,0,11,0,2,1,0,0,66,0,0,0,32,0,10,0,2,2,1,0,1,0,0,0,5,0,0,1,0,1,4,2,0,1,0,0,0,10,0,0,5,0,8,0,2,0,0,2,0,2,0,0,0,0,0,0,0,0,1,0,3,0,0,4,0,1,0,0,10,0,2,0,0,7,0,0,1,2,2,0,0,1,6,0,0,24,0,1,0,1,0,2,1,2,3,0,1,1,0,2,0,0,0,2,3,3,2,2,10,1,0,0,1,1,0,0,1,0,0,0,1,3,1,3,0,0,0,0,0,3,3,4,0,0,0,0,1,0,0,0,0,6,8,0,1,36,0,0,0,0,0,2,0,0,0,0,8,4,1
GBR,0,20,27,11,28,1,0,467,1018,447,5,11704,3741,257,11,5937,65,74,306,847,62,11,67,453,11,11,40,4137,25,37,8,53,11,9194,8278,1676,12030,70,147,78,22,2,958,2,4,109,116,1,5,466,2387,18824,1,5,5400,15,169,177,863,2,10557,849,224,3267,45,5,13803,1,14,32,25348,441,317,4,41,135,24,3,3503,21,28,40,18,15,3,684,5,2044,345,3412,3925,1000,360,427,1956,13387,48,210,5080,129,620,24,71,0,14,2265,129,62,225,19,78,3,6,319,1,640,310,420,389,29,29,53,2,1232,0,69,44,161,56,16,31,84,2,1,21,284,1661,56,40,21,560,14,0,11330,3599,135,0,2092,147,959,106,302,212,0,46,3778,2,3208,31,63,686,1400,3238,68,1476,63,78,2004,2,1,10,64,10,4,4,780,0,0,9,939,1085,6879,14,1,33,37,2,8,21,1056,12,0,3,8,31,148,1715,0,1412,336,369,672,124,34437,23,10,0,104,0,423,5,2,10,19,2853,168,148
GEO,0,0,2,1,4,0,0,7,133,232,0,148,255,129,0,129,4,2,6,195,2,0,7,237,0,0,3,245,0,4,0,1,0,147,270,132,254,4,4,3,0,0,259,0,0,3,1,0,0,107,244,324,0,0,146,0,7,25,118,0,274,114,3,123,1,0,283,1,1,0,441,0,4,0,0,1,0,0,243,0,0,2,0,0,0,114,1,239,7,132,111,112,2,5,146,293,1,4,144,6,5,3,0,0,0,121,1,0,9,0,1,0,0,103,0,114,5,29,127,0,5,1,0,120,0,6,0,2,1,1,4,2,0,0,0,2,230,0,2,0,5,0,0,148,143,2,0,112,5,117,2,8,11,0,3,261,0,270,3,7,102,136,299,2,89,1,0,12,0,0,0,1,0,0,0,243,0,0,0,135,132,151,1,0,1,3,0,0,2,112,1,0,0,0,1,6,258,0,234,3,2,129,3,378,9,0,0,3,0,6,0,0,0,0,137,3,1
GHA,0,5,8,5,2,0,0,9,15,0,0,79,17,0,2,36,35,51,19,3,8,0,3,1,0,0,2,34,3,2,0,5,0,80,79,19,122,27,37,11,14,0,22,0,1,11,3,0,0,3,10,124,0,0,55,1,9,7,28,0,32,9,36,34,3,0,61,0,5,10,317,4,0,0,4,19,9,1,13,0,2,3,0,0,0,3,1,3,18,45,20,15,12,10,10,47,8,12,41,3,75,2,4,0,0,28,2,2,14,3,2,1,0,17,0,5,14,4,14,1,3,9,0,25,0,0,19,3,10,0,1,12,0,0,1,26,30,4,7,15,97,0,0,107,29,6,0,25,7,20,11,15,14,0,6,13,0,18,3,7,10,7,16,10,25,13,25,12,0,0,0,5,1,1,0,12,0,0,0,10,5,58,0,0,7,0,0,5,11,20,0,0,0,1,3,13,16,0,11,50,34,7,8,381,0,0,0,6,0,30,2,0,0,0,175,22,13
GIB,0,0,0,0,0,0,0,0,0,0,0,0,0,0,0,0,0,0,0,0,0,0,0,0,0,0,0,0,0,0,0,0,0,0,0,0,0,0,0,0,0,0,0,0,0,0,0,0,0,0,0,0,0,0,0,0,0,0,0,0,5,0,0,0,0,0,1,0,0,0,4,0,0,0,0,0,0,0,0,0,0,0,0,0,0,0,0,0,0,0,0,0,0,0,0,0,0,0,0,0,0,0,0,0,0,0,0,0,0,0,0,0,0,0,0,0,0,0,0,0,0,0,0,0,0,0,0,0,0,0,0,0,0,0,0,0,0,0,0,0,0,0,0,0,1,0,0,0,0,0,0,0,0,0,0,0,0,0,0,0,0,0,0,0,0,0,0,0,0,0,0,0,0,0,0,0,0,0,0,0,0,0,0,0,0,0,0,0,0,0,0,0,0,0,0,0,0,0,0,0,0,0,0,0,0,0,0,0,0,0,0,0,0,0,0,0,0
GIN,0,0,1,0,0,0,0,1,1,0,0,3,1,0,1,25,9,14,0,0,0,0,0,0,0,0,0,4,0,0,0,0,0,9,22,0,5,16,7,2,6,0,0,0,1,1,1,0,0,0,0,17,0,0,2,0,1,0,0,0,8,1,1,2,0,0,44,0,0,2,41,0,4,0,0,1,0,0,1,0,0,0,0,0,0,0,0,3,1,1,0,0,1,0,0,10,0,0,7,0,3,0,0,0,0,1,0,0,0,8,0,0,0,0,0,0,1,0,3,0,0,1,0,0,0,0,7,0,0,0,0,4,3,0,1,0,0,0,0,3,6,0,0,3,2,0,0,1,0,0,0,1,0,0,1,0,0,4,0,0,0,0,2,0,0,0,16,2,0,0,0,6,0,0,0,0,0,0,0,0,2,11,1,0,1,0,0,3,6,0,0,0,0,0,0,2,1,0,0,2,4,0,0,30,0,0,0,0,0,0,1,0,0,0,8,0,0
