,ABW,AFG,AGO,ALB,AND,ANT,ARE,ARG,ARM,ATG,AUS,AUT,AZE,BDI,BEL,BEN,BFA,BGD,BGR,BHR,BHS,BIH,BLR,BLZ,BMU,BOL,BRA,BRB,BRN,BTN,BWA,CAF,CAN,CHE,CHL,CHN,CIV,CMR,COD,COG,COK,COL,COM,CPV,CRI,CUB,CUW,CYM,CYP,CZE,DEU,DJI,DMA,DNK,DOM,DZA,ECU,EGY,ERI,ESP,EST,ETH,FIN,FJI,FRA,FSM,GAB,GBR,GEO,GHA,GIB,GIN,GMB,GNB,GNQ,GRC,GRD,GRL,GTM,GUF,GUY,HND,HRV,HTI,HUN,IDN,IND,IRL,IRN,IRQ,ISL,ISR,ITA,JAM,JOR,JPN,KAZ,KEN,KGZ,KHM,KIR,KNA,KOR,KWT,LAO,LBN,LBR,LBY,LCA,LIE,LKA,LSO,LTU,LUX,LVA,MAR,MCO,MDA,MDG,MDV,MEX,MHL,MKD,MLI,MLT,MMR,MNE,MNG,MOZ,MRT,MSR,MUS,MWI,MYS,NAM,NCL,NER,NGA,NIC,NIU,NLD,NOR,NPL,NRU,NZL,OMN,PAK,PAN,PER,PHL,PLW,PNG,POL,PRK,PRT,PRY,PSE,QAT,ROU,RUS,RWA,SAU,SDN,SEN,SGP,SLB,SLE,SLV,SMR,SOM,SRB,SSD,STP,SUR,SVK,SVN,SWE,SWZ,SYC,SYR,TCD,TGO,THA,TJK,TKM,TLS,TON,TTO,TUN,TUR,TUV,TWN,TZA,UGA,UKR,URY,USA,UZB,Unnamed: 1,VAT,VCT,VEN,VNM,VUT,WSM,XKX,YEM,ZAF,ZMB,ZWE
ABW,0,0,0,0,0,0,0,1,0,0,0,0,0,0,0,0,0,0,0,0,0,0,0,0,0,0,0,0,0,0,0,0,0,0,0,0,0,0,0,0,0,0,0,0,0,0,0,1,0,0,0,0,0,0,0,0,0,0,0,0,0,0,0,0,1,0,0,0,0,0,0,0,0,0,0,0,0,0,0,0,0,0,0,0,0,0,0,0,0,0,0,0,0,0,0,0,0,0,0,0,0,0,0,0,0,0,0,0,0,0,0,0,0,0,0,0,0,0,0,0,0,0,0,0,0,0,0,0,0,0,0,0,0,0,0,0,0,0,0,0,0,0,0,0,0,0,0,1,0,0,0,0,0,0,0,0,0,0,0,0,0,0,0,0,0,0,0,0,0,0,0,0,0,0,0,0,0,0,0,0,0,0,0,0,0,0,0,1,0,0,0,0,0,0,0,0,1,0,0,0,0,1,0,0,0,0,0,0,0,0
AFG,0,0,0,0,0,0,0,2,0,0,5,2,0,0,3,2,0,4,0,4,0,0,0,3,0,0,6,1,0,0,4,0,6,3,3,5,2,3,3,0,0,4,0,0,0,0,0,0,2,0,8,0,0,4,0,0,0,9,0,4,4,6,4,2,8,0,0,25,4,2,0,0,0,0,0,7,0,0,0,0,0,0,0,1,0,5,7,1,9,3,4,1,4,0,4,10,0,5,0,1,0,0,5,0,0,4,0,0,2,0,4,0,0,0,0,3,0,1,0,0,6,0,0,0,1,0,0,0,0,0,0,0,0,7,1,3,0,6,0,0,6,5,1,0,4,2,12,3,4,3,0,2,1,0,4,0,3,4,0,4,4,8,1,0,4,0,1,0,0,0,2,0,0,0,2,0,6,0,0,1,0,0,2,1,0,0,0,0,0,4,0,4,0,3,1,1,36,1,0,0,0,0,3,0,0,0,0,8,2,1
AGO,0,0,0,0,0,0,0,1,0,0,2,0,0,0,1,0,0,0,0,0,0,0,0,0,0,0,8,0,0,0,0,0,0,3,4,0,1,1,1,1,0,0,0,1,0,1,0,0,0,0,2,0,0,0,0,0,0,0,0,4,0,0,7,0,4,0,0,9,0,0,0,0,0,0,0,0,0,0,0,0,0,0,0,0,0,0,0,0,0,0,0,1,0,0,0,0,0,0,0,0,0,0,0,0,1,0,0,0,0,0,0,0,0,0,0,0,0,0,0,0,1,0,0,0,0,0,0,0,1,0,0,0,0,0,2,0,0,0,0,0,5,1,0,0,1,0,0,0,0,0,0,0,0,0,28,0,0,0,0,2,0,0,0,0,0,0,0,0,0,0,0,0,1,0,0,0,0,0,0,0,0,0,1,0,0,0,0,0,0,0,0,0,0,1,0,1,11,0,0,0,0,0,0,0,0,0,0,5,0,0
ALB,0,0,0,0,0,0,0,1,0,0,0,6,0,0,5,0,0,0,8,0,0,6,0,0,0,0,1,0,0,0,0,0,0,5,0,2,0,0,0,0,0,0,0,0,0,0,0,0,1,6,21,0,0,5,0,2,0,2,0,14,1,0,6,0,16,0,0,8,0,0,0,0,0,0,0,11,0,0,0,0,0,0,6,0,5,0,1,2,2,1,1,4,37,0,0,7,1,0,0,0,0,0,5,0,0,1,0,1,0,0,0,0,3,0,3,1,0,3,0,0,1,0,18,0,1,0,5,0,0,0,0,0,0,0,0,0,0,0,0,0,9,6,0,0,0,0,2,0,0,0,0,0,3,0,2,0,0,1,8,3,0,1,0,0,0,0,0,0,0,0,14,0,0,0,1,10,8,0,0,1,0,0,0,0,0,0,0,0,2,18,0,0,0,0,1,2,29,0,0,0,0,0,0,0,0,21,0,1,0,0
AND,0,0,0,0,0,0,0,0,0,0,0,0,0,0,0,0,0,0,0,0,0,0,0,0,0,0,0,0,0,0,0,0,2,0,0,0,0,0,0,0,0,0,0,0,0,0,0,0,0,0,1,0,0,0,0,0,0,0,0,13,0,0,0,0,0,0,0,0,0,0,0,0,0,0,0,0,0,0,0,0,0,0,0,0,0,0,0,0,0,0,0,0,1,0,0,0,0,0,0,0,0,0,0,0,0,0,0,0,0,0,0,0,0,0,0,0,0,0,0,0,0,0,0,0,0,0,0,0,0,0,0,0,0,0,0,0,0,0,0,0,0,0,0,0,0,0,0,0,0,0,0,0,1,0,0,0,0,0,0,0,0,0,0,0,0,0,0,0,0,0,0,0,0,0,0,0,0,0,0,0,0,0,0,0,0,0,0,0,0,0,0,0,0,0,0,0,0,0,0,0,0,0,0,0,0,0,0,0,0,0
ANT,0,0,0,0,0,0,0,0,0,0,0,0,0,0,0,0,0,0,0,0,0,0,0,0,0,0,0,0,0,0,0,0,0,0,0,0,0,0,0,0,0,0,0,0,0,0,0,0,0,0,0,0,0,0,0,0,0,0,0,0,0,0,0,0,0,0,0,0,0,0,0,0,0,0,0,0,0,0,0,0,0,0,0,0,0,0,0,0,0,0,0,0,0,0,0,0,0,0,0,0,0,0,0,0,0,0,0,0,0,0,0,0,0,0,0,0,0,0,0,0,0,0,0,0,0,0,0,0,0,0,0,0,0,0,0,0,0,0,0,0,0,0,0,0,0,0,0,0,0,0,0,0,0,0,0,0,0,0,0,0,0,0,0,0,0,0,0,0,0,0,0,0,0,0,0,0,0,0,0,0,0,0,0,0,0,0,0,0,0,0,0,0,0,0,0,0,1,0,0,0,0,0,0,0,0,0,0,1,0,0
ARE,0,0,0,0,0,0,0,11,1,0,93,20,0,0,29,1,0,10,3,23,0,0,0,0,0,1,27,0,0,0,0,0,219,37,10,110,0,2,0,1,0,9,0,0,1,1,0,0,4,17,97,1,0,37,2,29,2,100,0,40,1,0,11,2,105,0,0,275,1,1,0,0,0,0,0,42,0,1,0,0,0,1,6,0,17,3,110,13,32,10,1,15,77,1,57,56,2,5,0,0,0,0,33,39,0,35,0,10,0,0,2,0,3,2,2,18,0,0,0,0,16,0,4,0,1,0,1,1,1,1,0,0,0,62,0,0,1,1,1,0,43,5,1,0,21,46,35,1,2,3,0,0,18,0,17,0,1,62,10,21,0,132,7,1,31,0,0,1,0,0,13,0,0,0,1,5,55,0,0,10,0,0,6,0,0,0,0,2,30,51,0,15,0,0,7,2,548,1,0,0,0,1,2,0,0,1,8,26,0,4
ARG,1,2,1,1,0,0,11,0,85,0,381,191,83,0,208,4,2,15,19,3,1,5,90,2,0,23,945,1,1,0,4,0,477,305,505,263,4,7,4,1,0,275,0,0,32,43,3,2,8,184,770,0,1,211,3,1,41,23,0,1078,9,3,55,1,689,0,0,776,92,6,0,0,1,0,0,144,0,0,11,2,1,8,30,2,155,12,232,29,35,1,4,180,590,3,8,247,3,20,3,4,0,0,69,5,2,13,0,4,2,0,5,0,12,5,7,97,0,1,2,0,308,0,9,0,5,0,0,3,1,0,0,0,1,60,1,2,1,13,2,0,339,144,1,0,74,4,29,18,84,19,0,3,206,0,186,19,2,7,138,204,2,32,1,1,25,0,3,6,0,0,100,0,0,0,101,120,203,0,0,5,0,0,29,0,0,0,0,2,6,162,0,125,7,6,15,184,1740,3,0,1,0,58,17,0,0,1,0,188,6,9
ARM,0,0,0,0,0,0,1,85,0,0,108,184,87,0,96,0,0,3,89,0,1,2,170,0,0,1,206,1,0,0,0,0,103,197,101,214,1,0,0,0,0,170,0,0,3,24,0,1,79,204,274,0,1,115,0,1,1,90,0,202,79,1,105,0,263,0,0,351,172,0,0,0,1,0,0,191,0,0,1,1,0,0,108,0,186,3,195,92,93,0,0,96,264,1,0,129,5,2,1,1,0,0,128,2,0,1,0,0,0,0,76,0,79,1,1,87,0,6,1,0,111,0,0,0,0,0,4,5,0,0,0,0,0,89,14,0,0,1,0,0,128,111,0,0,78,2,104,0,24,2,0,0,215,0,167,0,0,71,117,271,0,41,1,0,3,0,0,0,0,0,183,0,0,0,110,95,125,0,0,0,0,0,101,1,0,0,0,1,0,194,0,170,2,0,118,3,294,4,0,0,0,1,0,0,0,0,0,125,0,0
ATG,0,0,0,0,0,0,0,0,0,0,0,0,0,0,0,0,0,0,0,0,1,0,0,1,0,0,0,1,0,0,0,0,1,0,0,0,0,0,0,0,0,0,0,0,0,1,0,0,0,0,0,0,1,0,1,0,0,0,0,0,0,0,0,0,1,0,0,0,0,0,0,0,0,0,0,0,1,0,0,0,1,0,0,0,0,0,0,0,0,0,0,0,0,1,0,0,0,0,0,0,0,1,0,0,0,0,0,0,1,0,0,0,0,0,0,0,0,0,0,0,0,0,0,0,0,0,0,0,0,0,0,0,0,0,0,0,0,0,0,0,1,0,0,0,0,0,0,0,0,0,0,0,0,0,0,0,0,0,0,0,0,0,0,0,0,0,0,0,0,0,0,0,0,1,0,0,0,0,0,0,0,0,0,0,0,0,0,1,0,0,0,0,0,0,0,0,2,0,0,0,1,0,0,0,0,0,0,0,0,0
AUS,0,5,2,0,0,0,93,381,108,0,0,820,83,2,1130,6,11,174,49,11,4,5,103,4,2,10,1081,5,15,10,12,1,3626,1575,537,6725,8,27,11,3,5,226,0,2,39,14,0,1,35,442,4092,1,1,1140,1,15,27,117,2,1930,88,31,584,59,2982,5,4,9095,98,39,0,5,9,3,0,416,2,3,15,5,3,1,106,2,336,310,1152,494,536,50,80,454,2300,7,64,1732,19,94,5,44,5,1,885,47,31,40,0,10,2,3,123,1,51,43,18,114,10,5,9,4,296,3,10,7,10,11,4,10,14,1,0,7,21,925,21,56,4,69,0,3,2368,772,46,1,1897,40,173,35,75,132,6,95,617,0,437,4,4,99,213,649,7,522,19,8,1067,14,20,1,0,0,155,0,0,0,144,204,1519,0,8,16,0,3,464,1,0,1,6,14,26,364,2,530,37,34,79,40,11719,8,0,1,0,25,268,16,6,0,3,871,5,15
AUT,0,2,0,6,0,0,20,191,184,0,820,0,88,1,894,8,12,14,171,1,1,15,180,1,0,3,464,1,0,1,5,0,906,1729,204,723,3,10,3,1,0,194,0,0,11,16,0,1,101,779,5526,0,1,634,0,8,10,150,0,1458,145,22,457,1,1886,0,8,2805,185,10,0,0,4,0,0,567,1,1,7,0,1,0,285,0,621,25,436,286,195,7,46,364,2143,6,11,632,15,31,3,0,0,0,257,6,1,24,0,4,1,80,79,0,131,56,29,114,4,10,4,0,183,0,33,1,17,0,5,7,2,1,0,4,1,127,18,1,1,15,0,0,1339,519,13,0,214,23,190,4,20,27,0,3,717,0,492,2,1,83,364,569,5,170,8,11,117,0,1,1,0,0,287,0,0,0,349,317,925,1,1,8,1,1,149,0,0,0,0,7,23,347,0,263,14,10,167,16,3696,4,0,0,0,13,23,0,0,7,2,268,2,7
AZE,0,0,0,0,0,0,0,83,87,0,83,88,0,0,3,0,0,0,2,0,0,3,91,0,0,0,84,0,0,0,0,0,85,88,83,91,0,0,0,0,0,83,0,0,0,0,0,0,2,86,104,0,0,87,0,1,0,7,0,93,1,0,4,0,95,0,0,180,91,0,0,0,0,0,0,86,0,0,0,0,0,0,3,0,86,2,83,1,13,1,2,89,95,0,2,90,3,0,2,0,0,0,4,0,1,0,0,1,0,0,0,0,0,1,1,84,0,4,0,0,2,0,2,0,1,0,1,2,0,0,0,0,0,35,0,0,0,1,0,0,84,85,0,0,1,0,5,0,0,0,0,0,88,0,96,0,0,0,84,128,0,3,0,0,1,0,0,0,0,0,86,0,0,0,87,85,86,0,0,0,0,0,2,2,0,0,0,0,5,171,0,86,0,0,8,0,102,1,0,0,0,0,1,0,0,0,0,84,0,0
BDI,0,0,0,0,0,0,0,0,0,0,2,1,0,0,5,1,1,0,0,0,0,0,0,0,0,0,0,0,0,0,0,1,1,0,0,2,1,3,2,2,0,0,0,0,0,0,0,0,0,0,5,0,0,0,0,0,0,0,1,0,0,2,0,0,3,0,1,7,0,3,0,0,0,0,0,0,0,0,0,0,0,0,0,0,1,0,1,0,0,0,0,0,3,0,0,1,0,9,0,0,0,0,0,0,0,0,1,0,0,0,0,0,0,0,0,0,0,0,0,0,0,0,0,0,0,0,0,0,0,0,0,0,0,0,1,0,0,3,0,0,6,0,0,0,1,0,0,0,0,0,0,0,0,0,0,0,0,0,1,0,4,0,3,1,0,0,1,0,0,0,0,0,0,0,1,0,0,0,1,0,0,0,0,0,0,0,0,0,0,1,0,0,6,6,0,0,5,0,0,0,0,0,0,0,0,0,0,2,0,0
BEL,0,3,1,5,0,0,29,208,96,0,1130,894,3,5,0,49,35,27,245,3,1,16,95,0,0,16,625,4,0,1,6,4,1382,1653,200,992,20,52,91,16,0,181,0,0,21,56,0,1,135,564,3869,1,1,858,2,75,45,181,0,2304,194,79,566,0,4430,0,21,4699,97,25,0,12,25,3,1,676,1,6,7,3,2,3,223,2,495,34,450,403,207,10,51,361,3009,3,11,728,9,100,3,18,0,1,364,12,3,36,1,6,0,2,86,2,159,156,41,64,3,8,16,0,262,0,36,7,25,1,9,8,12,0,0,5,8,110,3,7,7,32,1,0,3726,501,22,0,295,6,127,11,53,31,0,2,872,0,657,2,1,99,336,577,23,171,7,29,120,0,3,1,0,2,182,0,0,0,93,151,1131,1,1,4,2,4,179,1,0,0,0,2,71,350,0,201,56,51,192,32,4803,11,0,1,0,30,105,0,0,0,2,381,11,6
BEN,0,2,0,0,0,0,1,4,0,0,6,8,0,1,49,0,17,5,0,2,0,0,0,2,0,0,17,0,0,0,2,2,17,13,3,8,13,13,6,2,0,4,0,0,0,1,0,0,1,1,20,0,0,4,0,1,0,5,0,10,3,2,3,1,121,0,6,30,2,17,0,3,3,0,0,2,0,0,0,0,0,0,0,0,0,4,5,0,3,1,2,1,16,0,2,7,4,17,0,4,0,0,3,0,3,2,0,0,2,0,4,0,0,1,0,3,0,0,2,0,5,0,0,5,0,1,0,0,2,0,0,1,0,4,2,2,6,8,0,0,40,4,0,0,3,2,5,2,5,7,0,3,1,0,4,0,2,2,2,3,3,2,1,13,2,0,2,0,0,0,2,0,0,0,2,0,7,0,0,1,0,12,12,0,0,0,1,1,1,3,0,4,14,4,0,2,45,0,0,0,0,0,6,0,0,0,0,9,3,1
BFA,0,0,0,0,0,0,0,2,0,0,11,12,0,1,35,17,0,10,2,1,0,0,1,0,0,0,5,0,1,0,0,3,22,39,1,6,22,17,4,5,0,4,0,0,0,1,0,0,0,1,39,0,0,11,0,1,0,2,0,10,0,11,2,0,143,0,10,66,0,35,0,7,15,3,0,2,0,0,0,0,0,0,2,1,1,7,15,1,0,0,0,1,26,0,1,9,0,32,0,3,0,0,4,1,1,3,1,0,0,0,1,0,1,9,0,5,0,0,1,0,3,0,1,28,0,0,1,0,5,0,0,1,14,2,1,0,9,19,1,0,14,4,0,0,0,0,1,0,1,1,0,5,2,0,1,1,0,0,2,2,3,4,6,33,1,0,1,0,0,0,0,0,0,0,2,0,18,0,0,0,2,10,13,0,0,0,0,1,2,1,0,7,13,7,2,0,71,0,0,0,0,1,13,0,0,0,1,24,4,8
BGD,0,4,0,0,0,0,10,15,3,0,174,14,0,0,27,5,10,0,1,2,0,0,0,2,0,0,23,1,8,2,3,0,109,50,8,93,10,3,2,0,0,9,0,0,1,1,0,0,2,2,84,0,0,21,0,1,9,26,0,28,4,13,19,6,36,0,1,213,4,18,0,3,10,1,0,9,0,0,1,0,0,0,9,1,3,36,121,8,23,3,2,6,38,0,7,284,2,22,1,8,0,0,117,5,3,5,0,2,2,0,12,0,2,6,0,3,0,1,0,1,15,0,1,2,0,6,0,1,2,0,0,1,9,221,1,2,1,9,0,0,44,22,25,0,15,7,64,2,8,22,0,3,17,0,8,0,4,3,1,15,2,46,1,9,40,0,3,0,0,0,4,0,0,0,3,4,78,0,0,2,0,0,32,0,0,0,0,1,1,21,0,9,17,8,6,2,378,0,0,0,0,1,27,0,0,0,1,40,4,5
BGR,0,0,0,8,0,0,3,19,89,0,49,171,2,0,245,0,2,1,0,1,0,12,86,0,0,4,120,1,1,0,0,0,53,230,16,144,0,1,0,1,0,97,0,0,3,2,0,0,93,192,490,0,0,67,1,7,1,97,0,282,109,1,165,0,310,0,0,338,97,4,0,0,0,0,0,194,0,0,3,0,1,1,153,0,182,6,143,111,89,5,10,40,347,0,2,91,6,3,1,0,0,0,103,2,0,14,0,0,0,1,76,0,121,13,28,7,0,7,0,0,120,0,43,0,5,0,5,4,0,0,0,0,0,53,1,0,0,12,0,0,97,46,0,0,95,3,93,1,7,6,0,1,288,0,143,1,0,74,132,219,0,73,1,0,9,0,0,1,0,0,152,0,0,0,59,58,81,0,0,0,0,0,82,0,0,0,0,0,9,157,0,89,4,1,126,2,355,4,0,0,0,4,6,0,0,2,0,31,0,0
BHR,0,4,0,0,0,0,23,3,0,0,11,1,0,0,3,2,1,2,1,0,0,0,1,3,0,0,6,0,1,0,3,0,13,3,2,10,2,4,2,0,0,4,0,0,1,0,0,0,3,1,9,1,0,3,0,13,0,27,0,7,3,3,6,1,13,0,0,34,3,1,0,0,0,0,0,3,0,0,0,0,0,0,1,0,0,3,30,8,8,9,3,2,7,0,14,5,0,3,0,0,0,0,5,12,0,10,0,4,2,0,3,0,0,0,0,8,0,1,0,0,5,0,0,0,0,0,0,0,0,1,0,0,0,22,1,3,0,4,0,0,11,4,0,0,2,14,5,2,3,3,0,2,2,0,4,1,3,19,0,3,3,40,4,0,5,0,1,0,0,0,2,0,0,0,2,0,5,0,0,6,0,0,2,0,0,0,0,0,11,12,0,5,0,3,2,1,30,0,0,0,0,0,3,0,0,0,7,9,2,0
BHS,0,0,0,0,0,0,0,1,1,1,4,1,0,0,1,0,0,0,0,0,0,0,0,1,0,0,2,2,0,0,0,0,11,1,2,1,1,0,0,0,0,1,0,0,1,2,0,1,0,0,3,0,2,1,1,0,1,1,0,1,0,0,1,0,2,1,0,8,0,0,0,0,1,0,0,0,1,0,0,0,1,0,0,0,0,0,1,0,1,0,0,0,1,4,0,1,0,1,0,0,0,2,1,0,0,0,0,0,1,0,0,0,0,0,0,1,0,0,1,0,2,0,0,0,0,0,0,1,0,0,0,0,0,0,0,0,0,1,0,0,2,1,0,0,2,0,0,0,1,0,0,0,0,0,2,0,0,0,0,1,0,0,0,0,0,0,0,0,0,0,0,0,0,1,0,0,1,0,0,0,0,0,0,0,0,0,0,3,0,1,0,1,1,0,0,1,30,0,0,0,2,1,0,0,0,0,0,1,0,0
BIH,0,0,0,6,0,0,0,5,2,0,5,15,3,0,16,0,0,0,12,0,0,0,3,0,0,1,6,0,0,0,0,0,4,16,2,5,0,0,0,0,0,0,0,0,2,0,0,0,3,11,33,0,0,9,0,3,0,3,0,22,9,0,8,0,12,0,0,24,3,0,0,0,0,0,0,8,0,0,0,0,0,0,109,0,14,1,4,9,2,0,2,6,24,1,0,4,1,0,2,0,0,0,6,0,0,2,0,2,0,0,0,0,7,4,5,2,0,2,0,0,1,0,17,0,2,0,12,0,0,0,0,0,0,0,0,0,0,0,0,0,12,11,0,0,2,0,3,1,0,3,0,0,18,0,7,0,0,0,12,6,0,3,0,0,2,0,0,0,0,0,161,0,0,0,9,68,14,0,0,0,0,0,1,1,0,0,0,0,2,26,0,2,0,0,3,0,40,0,0,0,0,1,0,0,0,2,0,4,0,0
BLR,0,0,0,0,0,0,0,90,170,0,103,180,91,0,95,0,1,0,86,1,0,3,0,0,0,0,168,0,1,0,0,0,108,186,84,184,0,1,0,0,0,161,0,0,1,1,0,0,79,183,306,0,0,117,0,0,0,79,0,207,90,0,98,0,216,0,0,319,169,0,0,0,1,0,0,173,0,0,0,0,0,0,85,0,169,1,166,82,92,1,0,92,211,0,8,96,15,1,1,0,0,0,97,0,0,1,0,1,0,0,76,0,119,5,11,84,0,12,0,0,84,0,1,0,0,0,1,1,0,0,0,0,0,87,1,0,0,1,0,0,103,102,0,0,77,1,78,0,0,1,0,0,279,0,182,1,0,70,102,471,0,47,0,0,10,0,0,0,1,0,174,0,0,0,94,94,111,0,0,0,0,0,79,1,0,0,0,0,1,181,0,169,0,1,151,0,250,4,0,0,0,0,1,0,0,0,0,88,0,0
BLZ,0,3,0,0,0,0,0,2,0,1,4,1,0,0,0,2,0,2,0,3,1,0,0,0,0,0,3,1,0,0,3,0,6,0,2,3,2,3,2,0,0,4,0,0,1,1,0,0,2,0,3,0,1,3,1,0,0,3,0,4,3,3,3,1,5,0,0,9,3,1,0,0,0,0,0,3,1,0,0,0,1,1,0,0,0,3,3,0,3,2,3,1,3,1,3,3,0,2,0,0,0,1,3,0,0,3,0,0,3,0,3,0,0,0,0,3,0,1,0,0,5,0,0,0,0,0,0,0,0,0,0,0,0,3,1,3,0,3,0,0,4,4,0,0,2,2,3,2,3,3,0,2,1,0,3,0,2,3,0,3,3,3,0,0,3,0,1,0,0,0,2,0,0,1,2,0,3,0,0,1,0,0,0,0,0,0,0,1,0,3,0,3,0,3,1,1,16,0,0,0,1,0,3,0,0,0,0,4,2,0
BMU,0,0,0,0,0,0,0,0,0,0,2,0,0,0,0,0,0,0,0,0,0,0,0,0,0,0,1,1,0,0,0,0,3,1,0,2,0,0,0,0,0,1,0,0,1,0,0,0,0,0,3,0,0,0,0,0,0,0,0,3,0,0,1,0,4,0,0,3,0,0,0,0,0,0,0,0,0,0,0,0,0,0,0,0,0,0,2,0,0,0,1,0,0,0,0,1,0,0,0,0,0,0,1,0,0,0,0,0,0,0,0,0,0,0,0,0,0,0,0,0,1,0,0,0,0,0,0,0,0,0,0,0,0,0,0,0,0,0,0,0,3,2,0,0,1,0,0,1,0,0,0,0,1,0,0,0,0,0,0,0,0,0,0,0,0,0,0,0,0,0,0,0,0,0,0,0,2,0,0,0,0,0,0,0,0,0,0,1,0,0,0,1,0,0,0,0,27,0,0,0,0,0,0,0,0,0,0,0,0,0
BOL,0,0,0,0,0,0,1,23,1,0,10,3,0,0,16,0,0,0,4,0,0,1,0,0,0,0,33,0,0,0,0,0,13,5,29,5,0,0,0,0,0,23,0,0,6,1,0,0,1,12,22,0,0,11,1,0,20,1,0,45,3,0,2,0,34,0,0,34,0,0,0,0,0,0,0,1,0,0,1,0,1,2,3,0,4,1,5,2,2,0,0,1,12,1,1,7,0,2,0,0,0,0,0,1,0,2,0,0,0,0,0,0,5,9,0,2,0,0,0,0,17,0,1,1,0,0,0,1,1,0,0,0,0,1,0,1,1,0,2,0,18,2,0,0,2,1,1,5,31,1,0,0,7,0,2,2,0,0,1,5,0,2,1,0,1,0,0,2,0,0,1,0,0,0,1,1,20,0,0,0,0,0,3,0,0,0,0,0,1,2,0,1,1,0,1,3,95,2,0,0,0,10,2,0,0,0,0,2,0,0
BRA,0,6,8,1,0,0,27,945,206,0,1081,464,84,0,625,17,5,23,120,6,2,6,168,3,1,33,0,2,3,0,8,0,1450,824,614,861,6,21,5,7,0,594,0,2,84,166,0,1,89,397,2115,0,1,426,8,14,100,148,0,2018,102,18,300,5,2245,0,3,2628,170,14,0,0,3,0,0,328,1,0,12,19,2,5,170,2,315,33,658,279,149,12,15,262,1693,2,11,629,11,56,2,5,0,0,335,10,6,38,0,5,2,1,88,0,87,23,19,96,1,3,6,1,665,0,9,7,11,2,3,5,23,1,0,1,8,165,3,11,5,60,1,0,981,278,12,0,241,15,207,45,205,45,0,4,525,0,1338,29,3,95,283,646,4,149,9,7,107,0,1,6,0,0,221,0,0,2,144,145,555,0,0,3,0,2,203,0,0,0,0,4,21,391,0,268,17,15,250,193,6320,5,0,4,0,108,92,0,0,1,1,353,7,9
BRB,0,1,0,0,0,0,0,1,1,1,5,1,0,0,4,0,0,1,1,0,2,0,0,1,1,0,2,0,0,0,2,0,12,2,0,3,1,0,0,0,0,4,0,0,2,2,0,1,0,0,4,0,2,2,2,0,1,1,0,2,1,1,3,2,3,0,0,19,1,2,0,0,1,0,0,1,2,0,0,1,1,0,0,0,0,1,3,1,2,0,0,1,4,6,1,4,0,3,0,0,0,1,2,0,0,1,0,0,1,0,1,0,0,0,0,1,0,0,2,0,5,0,0,0,0,0,0,1,0,0,0,0,0,0,0,0,0,2,0,0,4,2,0,0,3,0,2,2,1,0,0,0,2,0,2,0,1,2,0,3,0,1,0,0,1,0,0,0,0,0,0,0,0,1,0,0,4,0,0,1,0,0,1,0,0,0,0,7,1,4,0,7,2,0,0,1,28,0,0,0,1,1,0,0,0,0,0,8,0,0
BRN,0,0,0,0,0,0,0,1,0,0,15,0,0,0,0,0,1,8,1,1,0,0,1,0,0,0,3,0,0,0,0,0,2,4,0,18,0,1,0,0,0,2,0,0,0,0,0,0,0,3,19,0,0,1,0,0,1,2,0,2,0,0,2,0,2,0,0,19,0,0,0,0,0,0,0,1,0,0,0,0,0,0,1,0,0,1,11,2,1,1,0,2,3,1,0,9,0,0,0,0,0,0,6,0,0,0,0,0,0,0,4,0,0,0,0,0,0,0,0,0,1,0,0,0,0,0,0,0,0,0,0,0,0,40,0,0,0,1,0,0,6,0,0,0,2,1,5,0,1,2,0,0,1,0,0,2,0,1,3,1,0,1,0,0,13,0,0,0,0,0,1,0,0,0,0,0,0,0,0,0,0,0,2,0,0,0,0,0,1,3,0,4,0,0,2,0,17,0,0,0,0,0,2,0,0,0,3,2,0,0
BTN,0,0,0,0,0,0,0,0,0,0,10,1,0,0,1,0,0,2,0,0,0,0,0,0,0,0,0,0,0,0,0,0,1,2,0,3,0,0,0,0,0,0,0,0,0,0,0,0,0,0,0,0,0,0,0,0,0,0,0,2,0,0,2,0,5,0,0,1,0,0,0,0,0,0,0,0,0,0,0,0,0,0,0,0,0,0,7,0,0,0,0,0,0,0,0,5,0,0,0,0,0,0,0,0,1,0,0,0,0,0,1,0,0,0,0,0,0,0,0,1,1,0,0,0,0,2,0,0,0,0,0,0,0,1,0,0,0,0,0,0,3,0,3,0,0,0,0,0,0,0,0,0,0,0,1,0,0,0,0,0,0,0,0,0,0,0,0,0,0,0,0,0,0,0,0,0,0,0,0,0,0,0,3,0,0,0,0,2,0,0,0,0,0,0,0,0,17,0,0,0,0,0,0,0,0,0,0,0,0,0
BWA,0,4,0,0,0,0,0,4,0,0,12,5,0,0,6,2,0,3,0,3,0,0,0,3,0,0,8,2,0,0,0,0,20,6,5,13,2,12,4,0,0,4,0,2,1,1,0,0,2,0,18,0,0,6,0,1,0,3,0,5,4,11,4,2,10,0,0,50,4,7,0,0,1,0,0,7,0,0,0,0,0,0,0,0,5,4,11,0,6,2,3,1,12,0,4,10,0,14,0,0,0,0,4,0,0,4,0,0,2,0,4,1,0,0,0,5,0,1,1,0,9,0,0,0,0,0,0,0,3,0,0,1,10,4,5,3,1,14,0,0,9,17,0,0,4,2,6,3,3,4,0,2,2,0,6,0,3,4,0,7,3,14,0,1,4,0,1,0,0,0,2,0,0,0,2,0,17,0,0,1,0,0,2,0,0,0,0,0,2,6,0,4,10,8,1,2,120,0,0,0,0,0,3,0,0,0,0,81,13,18
CAF,0,0,0,0,0,0,0,0,0,0,1,0,0,1,4,2,3,0,0,0,0,0,0,0,0,0,0,0,0,0,0,0,1,2,0,0,3,7,1,6,0,0,0,0,0,0,0,0,0,6,5,0,0,0,0,0,0,0,0,0,0,0,1,0,18,0,3,9,0,1,0,1,2,0,0,0,0,0,0,1,0,0,0,0,0,0,0,0,0,0,0,0,1,0,0,4,0,2,0,0,0,0,0,0,2,0,0,0,0,0,0,0,0,1,0,0,0,0,4,0,0,0,0,0,0,0,0,0,0,0,0,0,0,0,1,0,1,2,0,0,1,0,0,0,0,0,0,0,0,0,0,0,0,0,1,0,0,0,1,0,0,0,1,9,0,0,1,0,0,0,0,0,0,0,0,0,0,0,0,0,0,1,0,0,0,0,0,0,0,0,0,0,1,0,0,0,8,0,0,0,0,0,1,0,0,0,0,0,0,1
CAN,0,6,0,0,2,0,219,477,103,1,3626,906,85,1,1382,17,22,109,53,13,11,4,108,6,3,13,1450,12,2,1,20,1,0,2062,588,5652,23,40,10,7,0,261,0,0,53,38,3,1,58,482,4793,1,3,1257,5,80,34,409,1,2156,75,37,647,6,4696,0,5,7433,110,34,0,3,6,2,0,473,15,24,14,4,7,9,100,4,374,53,1120,510,866,26,78,838,2839,14,76,1744,16,170,3,13,1,14,958,61,3,117,1,14,5,2,34,0,34,44,21,182,4,9,15,0,512,0,29,12,13,0,7,11,6,1,0,9,22,300,10,7,2,68,5,0,2547,824,29,0,607,56,286,40,70,52,0,3,875,0,515,0,3,181,279,733,24,790,10,25,475,0,9,3,0,0,163,0,0,1,163,182,1508,1,2,14,0,4,202,1,0,0,0,19,125,463,0,574,45,94,106,31,20853,3,0,1,1,39,58,2,1,0,3,676,21,20
CHE,0,3,3,5,0,0,37,305,197,0,1575,1729,88,0,1653,13,39,50,230,3,1,16,186,0,1,5,824,2,4,2,6,2,2062,0,279,1378,42,48,24,22,0,234,0,0,22,45,0,1,121,822,8020,1,1,1087,2,31,24,196,2,2635,190,42,773,3,4849,0,11,6254,194,62,0,8,17,3,0,807,3,3,8,2,1,1,325,5,595,54,808,480,278,7,81,572,4246,8,23,1184,8,109,6,36,0,1,546,6,3,43,7,4,0,26,84,3,138,74,40,124,11,9,13,1,303,0,18,12,19,2,7,10,11,3,1,1,31,155,12,3,8,54,4,0,2594,705,37,0,355,12,184,23,70,42,0,10,1054,1,669,5,2,110,473,972,10,218,13,34,263,0,5,1,0,2,287,0,0,1,243,260,1415,2,6,4,10,5,220,0,0,0,0,3,37,546,0,411,85,63,283,29,8414,7,0,1,0,25,116,1,0,2,3,574,24,37
CHL,0,3,4,0,0,0,10,505,101,0,537,204,83,0,200,3,1,8,16,2,2,2,84,2,0,29,614,0,0,0,5,0,588,279,0,257,3,4,4,1,1,287,0,2,18,30,0,0,7,148,993,0,2,270,4,4,37,14,0,1163,12,6,125,4,934,0,0,1220,90,6,0,0,0,0,0,153,0,1,5,1,1,6,20,0,117,12,225,72,35,2,12,162,594,0,4,326,6,12,1,2,0,4,115,3,1,17,0,0,3,0,4,0,11,3,2,95,0,1,0,0,255,0,3,1,1,1,0,0,1,0,0,1,1,54,0,3,0,9,1,0,370,168,1,0,117,4,20,12,93,22,0,2,236,0,182,5,1,17,131,221,3,27,0,3,27,0,0,3,0,0,102,0,0,0,103,97,231,0,0,1,0,0,24,1,0,0,0,0,9,129,0,164,6,6,35,80,2090,3,0,12,0,51,8,0,1,0,0,244,3,6
CHN,0,5,0,2,0,0,110,263,214,0,6725,723,91,2,992,8,6,93,144,10,1,5,184,3,2,5,861,3,18,3,13,0,5652,1378,257,0,6,36,7,0,0,275,0,2,18,62,0,1,103,570,5188,0,1,1151,3,22,42,345,1,1591,143,34,769,4,3499,1,0,8327,185,70,0,14,3,0,0,510,1,11,5,2,3,1,205,3,444,118,1237,541,402,60,49,499,1966,6,22,5811,25,97,9,18,1,8,2913,31,7,36,1,6,3,1,135,6,103,44,19,125,1,6,7,1,383,0,18,8,7,11,6,44,1,0,0,3,10,546,4,6,5,149,0,0,1892,786,59,0,676,24,856,19,71,143,0,4,831,18,506,3,3,279,354,1223,11,1148,57,11,3491,0,4,1,0,0,306,0,0,0,183,222,1744,0,1,8,0,7,606,2,1,0,0,9,29,580,0,2513,28,22,312,30,35291,23,0,1,0,28,282,0,1,0,8,561,10,12
CIV,0,2,1,0,0,0,0,4,1,0,8,3,0,1,20,13,22,10,0,2,1,0,0,2,0,0,6,1,0,0,2,3,23,42,3,6,0,14,9,2,0,5,0,0,1,1,0,1,1,2,25,0,1,4,0,1,2,5,0,6,2,11,3,1,100,0,4,44,3,20,0,3,10,0,1,2,0,0,0,0,0,0,0,1,0,9,14,0,4,1,2,2,10,1,2,8,0,22,0,1,0,0,6,0,0,2,1,0,2,0,2,0,0,7,0,6,0,0,2,0,6,0,0,8,0,0,0,1,2,0,0,0,7,3,2,2,0,10,0,0,9,3,0,0,3,2,3,1,4,4,0,3,0,0,3,0,2,2,3,3,3,3,1,22,4,0,2,0,0,0,2,0,0,0,4,0,10,1,0,1,1,14,4,0,0,0,0,1,0,4,0,4,9,8,1,2,47,0,0,0,0,1,14,0,0,0,0,17,5,1
CMR,0,3,1,0,0,0,2,7,0,0,27,10,0,3,52,13,17,3,1,4,0,0,1,3,0,0,21,0,1,0,12,7,40,48,4,36,14,0,20,10,0,8,0,0,0,0,0,0,2,12,101,0,0,8,0,5,1,8,0,16,5,11,9,1,219,0,12,87,3,19,0,4,3,0,1,7,0,0,0,3,0,0,1,0,4,8,34,3,6,2,3,4,62,0,3,21,0,40,0,1,0,0,7,1,1,5,1,0,2,0,6,0,0,2,2,12,0,1,7,0,9,0,0,9,0,0,0,0,6,0,0,0,3,7,2,4,4,47,0,0,18,8,1,0,5,2,9,6,6,6,0,3,4,0,5,1,2,3,9,6,4,8,5,25,6,0,3,0,0,0,2,0,0,0,2,0,16,1,2,1,6,3,11,0,0,0,0,1,9,6,0,9,12,11,2,1,128,0,0,0,0,0,10,0,0,0,0,87,6,3
COD,0,3,1,0,0,0,0,4,0,0,11,3,0,2,91,6,4,2,0,2,0,0,0,2,0,0,5,0,0,0,4,1,10,24,4,7,9,20,0,5,0,5,0,0,0,0,0,0,1,3,23,0,0,6,0,0,2,4,0,7,2,6,4,0,32,0,7,42,2,8,0,2,1,0,0,2,0,0,5,1,0,0,0,1,1,2,13,0,2,2,2,2,12,0,2,9,0,17,0,2,0,0,2,0,1,2,0,0,1,0,4,2,0,5,0,2,0,1,2,0,3,0,0,3,0,1,0,0,2,0,0,0,3,5,2,2,0,11,0,0,9,4,0,0,2,1,6,5,3,4,0,1,1,0,2,0,1,2,1,3,4,2,2,3,4,0,2,0,0,0,1,0,0,0,1,0,5,0,0,1,0,0,6,0,0,0,0,0,1,2,0,5,6,15,1,1,63,0,0,0,0,0,5,0,0,0,0,27,7,1
COG,0,0,1,0,0,0,1,1,0,0,3,1,0,2,16,2,5,0,1,0,0,0,0,0,0,0,7,0,0,0,0,6,7,22,1,0,2,10,5,0,0,1,0,0,1,0,0,0,0,0,13,0,0,3,0,0,0,4,0,1,0,5,0,0,34,0,8,26,0,8,0,0,5,0,0,1,0,0,0,0,0,0,0,0,0,1,7,0,0,0,0,0,4,0,0,5,0,11,0,0,0,0,0,0,0,0,3,0,0,0,0,0,1,0,0,1,0,0,0,0,0,0,0,0,0,0,0,0,0,0,0,1,1,0,2,0,0,14,0,0,6,2,0,0,3,0,0,1,1,4,0,0,1,0,1,0,0,0,0,4,2,4,2,1,1,0,1,0,0,0,0,0,0,0,1,0,3,0,1,0,0,3,1,0,0,0,0,0,4,0,0,2,4,10,0,1,40,0,0,0,0,1,0,0,0,0,0,19,6,7
COK,0,0,0,0,0,0,0,0,0,0,5,0,0,0,0,0,0,0,0,0,0,0,0,0,0,0,0,0,0,0,0,0,0,0,1,0,0,0,0,0,0,0,0,0,0,0,0,0,0,0,0,0,0,0,0,0,0,0,0,1,0,0,0,2,2,2,0,0,0,0,0,0,0,0,0,0,0,0,0,0,0,0,0,0,0,0,0,0,0,0,1,0,0,0,0,1,0,0,0,0,2,0,0,0,0,0,0,0,0,0,0,0,0,0,0,0,0,0,0,0,0,2,0,0,0,0,0,0,0,0,0,0,0,0,0,3,0,0,0,2,0,0,0,1,4,0,0,0,0,0,2,2,0,0,0,0,0,0,0,0,0,0,0,0,0,2,0,0,0,0,0,0,0,0,0,0,0,0,0,0,0,0,0,0,0,0,2,0,0,0,2,0,0,0,0,0,5,0,0,0,0,0,0,2,2,0,0,0,0,0
COL,0,4,0,0,0,0,9,275,170,0,226,194,83,0,181,4,4,9,97,4,1,0,161,4,1,23,594,4,2,0,4,0,261,234,287,275,5,8,5,1,0,0,0,0,45,35,0,1,84,210,412,0,2,130,3,3,71,94,0,816,85,7,111,2,416,0,2,517,171,7,0,0,2,0,0,182,0,0,8,4,3,12,85,0,170,10,240,110,111,11,4,125,323,2,6,150,1,18,1,3,0,0,142,4,1,16,0,1,2,0,83,0,83,5,0,94,0,1,2,0,421,0,3,2,1,1,0,2,4,0,0,0,4,111,1,6,1,21,7,0,212,118,1,0,113,7,103,36,76,18,0,5,202,0,226,11,3,75,112,220,3,65,5,1,21,0,2,8,0,0,171,0,0,1,93,86,157,0,0,1,0,0,99,0,0,0,0,2,4,197,0,181,7,8,109,37,1078,4,0,0,0,102,14,0,0,0,0,141,4,4
COM,0,0,0,0,0,0,0,0,0,0,0,0,0,0,0,0,0,0,0,0,0,0,0,0,0,0,0,0,0,0,0,0,0,0,0,0,0,0,0,0,0,0,0,0,0,0,0,0,0,0,0,0,0,0,0,0,0,0,0,0,0,0,0,0,2,0,0,0,0,0,0,0,0,0,0,0,0,0,0,0,0,0,0,0,0,0,0,0,0,0,0,0,1,0,0,0,0,0,0,0,0,0,0,0,0,0,0,0,0,0,0,0,0,0,0,0,0,0,0,0,0,0,0,0,0,0,0,0,0,0,0,0,0,0,0,0,0,0,0,0,0,0,0,0,0,0,0,0,0,0,0,0,0,0,0,0,0,1,0,0,0,0,0,0,0,0,0,0,0,0,0,0,0,0,0,0,0,0,0,0,0,0,0,0,0,0,0,0,0,0,0,0,0,0,0,0,0,0,0,0,0,0,0,0,0,0,0,0,0,0
CPV,0,0,1,0,0,0,0,0,0,0,2,0,0,0,0,0,0,0,0,0,0,0,0,0,0,0,2,0,0,0,2,0,0,0,2,2,0,0,0,0,0,0,0,0,0,0,0,0,0,0,2,0,0,0,0,0,0,1,0,8,0,0,2,0,2,0,0,2,0,0,0,0,0,0,0,2,0,0,0,0,0,0,0,0,0,0,0,0,0,0,0,0,3,0,0,0,0,0,0,0,0,0,0,0,0,0,0,0,0,0,0,0,0,0,0,2,0,0,0,0,2,0,0,0,0,0,0,0,0,0,0,1,0,0,0,0,0,0,0,0,4,1,0,0,0,0,0,0,0,0,0,0,0,0,19,0,0,0,0,2,0,0,0,0,0,0,0,0,0,0,0,0,0,0,0,0,0,0,0,0,0,0,0,0,0,0,0,0,2,2,0,0,0,0,0,0,2,0,0,0,0,0,0,0,0,0,0,0,0,0
CRI,0,0,0,0,0,0,1,32,3,0,39,11,0,0,21,0,0,1,3,1,1,2,1,1,1,6,84,2,0,0,1,0,53,22,18,18,1,0,0,1,0,45,0,0,0,5,0,1,2,9,73,0,1,18,6,1,13,4,0,87,1,2,11,0,59,0,1,53,1,1,0,0,1,0,0,9,0,0,14,1,1,7,6,0,6,6,11,7,5,0,0,6,38,2,2,25,1,13,1,1,0,1,7,2,0,4,0,1,0,0,1,0,3,1,0,5,0,0,1,0,69,0,3,0,0,0,0,2,0,0,0,0,0,4,0,0,0,2,10,0,27,11,0,0,5,2,3,26,13,5,0,4,9,0,11,3,0,0,2,13,0,10,1,1,7,0,0,9,0,0,2,0,0,0,3,3,33,0,0,0,0,0,5,0,0,0,0,4,1,5,0,10,4,1,3,8,263,1,0,0,0,14,3,1,0,0,1,8,1,0
CUB,0,0,1,0,0,0,1,43,24,1,14,16,0,0,56,1,1,1,2,0,2,0,1,1,0,1,166,2,0,0,1,0,38,45,30,62,1,0,0,0,0,35,0,0,5,0,0,1,1,29,81,0,2,35,5,1,15,4,0,250,1,0,29,0,72,0,0,83,1,3,0,0,1,0,0,26,1,0,1,0,1,2,25,0,30,1,33,1,3,0,0,7,87,2,1,36,0,2,0,2,0,1,30,4,0,1,0,0,1,0,0,0,2,1,0,2,2,1,1,0,159,0,3,0,3,0,0,2,0,0,0,1,0,11,0,0,0,2,1,0,49,33,0,0,6,0,25,1,31,2,0,0,29,0,25,2,0,1,26,32,0,7,3,0,4,0,0,6,0,0,22,0,0,1,29,2,28,0,0,0,0,0,27,0,0,0,0,3,2,32,0,1,1,2,24,10,112,0,0,0,1,15,7,0,0,0,1,26,1,0
CUW,0,0,0,0,0,0,0,3,0,0,0,0,0,0,0,0,0,0,0,0,0,0,0,0,0,0,0,0,0,0,0,0,3,0,0,0,0,0,0,0,0,0,0,0,0,0,0,0,0,0,0,0,0,0,0,0,0,0,0,5,0,0,0,0,0,0,0,0,0,0,0,0,0,0,0,0,0,0,0,0,0,0,0,0,0,0,0,0,0,0,0,0,5,0,0,0,0,0,0,0,0,0,0,0,0,0,0,0,0,0,0,0,0,0,0,0,0,0,0,0,0,0,0,0,0,0,0,0,0,0,0,0,0,0,0,0,0,0,0,0,1,0,0,0,0,0,0,0,0,0,0,0,0,0,0,0,0,0,0,0,0,0,0,0,0,0,0,0,0,0,0,0,0,0,0,0,0,0,0,0,0,0,0,0,0,0,0,0,0,0,0,0,0,0,0,0,1,0,0,0,0,0,0,0,0,0,0,0,0,0
CYM,1,0,0,0,0,0,0,2,1,0,1,1,0,0,1,0,0,0,0,0,1,0,0,0,0,0,1,1,0,0,0,0,1,1,0,1,1,0,0,0,0,1,0,0,1,1,0,0,0,0,1,0,1,1,0,0,1,1,0,1,0,0,1,0,3,0,0,2,0,0,0,0,1,0,0,0,0,0,0,0,0,0,0,0,0,0,1,0,1,0,0,0,1,1,0,1,0,1,0,0,0,0,1,0,0,0,0,0,0,0,0,0,0,0,0,1,0,0,1,0,1,0,0,0,0,0,0,1,0,0,0,0,0,0,0,0,0,1,0,0,1,1,0,0,1,0,0,1,1,0,0,0,0,0,1,0,0,0,0,1,0,0,0,0,0,0,0,0,0,0,0,0,0,0,0,0,1,0,0,0,0,0,0,0,0,0,0,2,0,1,0,1,1,0,0,1,4,0,0,0,0,2,0,0,0,0,0,1,0,0
CYP,0,2,0,1,0,0,4,8,79,0,35,101,2,0,135,1,0,2,93,3,0,3,79,2,0,1,89,0,0,0,2,0,58,121,7,103,1,2,1,0,0,84,0,0,2,1,0,0,0,121,225,0,0,36,1,5,1,87,0,179,121,3,110,1,160,0,0,303,82,1,0,0,0,0,0,384,0,3,0,0,0,1,96,0,124,2,88,103,91,1,10,33,212,0,6,18,3,1,2,0,0,0,85,1,0,9,0,1,1,1,80,0,96,13,10,3,0,5,0,0,81,0,5,1,9,0,0,1,0,0,0,0,0,57,0,2,0,2,0,0,47,19,0,0,82,4,86,2,3,3,0,1,123,0,127,0,1,75,45,114,2,47,1,1,8,0,0,1,0,0,98,0,0,0,17,22,83,0,0,0,0,0,79,0,0,0,0,0,6,169,0,87,0,2,89,3,275,3,0,0,0,2,4,0,0,0,1,9,1,0
CZE,0,0,0,6,0,0,17,184,204,0,442,779,86,0,564,1,1,2,192,1,0,11,183,0,0,12,397,0,3,0,0,6,482,822,148,570,2,12,3,0,0,210,0,0,9,29,0,0,121,0,2015,1,0,439,0,28,25,134,0,1021,168,8,404,1,1398,0,2,1687,173,3,0,0,0,0,0,488,0,6,5,2,1,0,264,0,512,10,470,242,147,2,25,263,1295,1,10,523,11,14,2,2,0,0,290,10,3,8,0,4,0,1,76,0,159,24,45,95,1,11,0,0,226,0,17,0,9,0,4,6,2,0,0,1,0,197,18,1,0,6,1,0,730,395,3,0,148,9,142,5,40,10,0,8,1041,0,444,3,0,83,296,741,1,126,7,1,86,0,0,1,0,0,285,0,0,0,1008,258,630,0,0,2,0,0,138,0,0,0,0,0,19,378,0,251,5,2,277,16,1993,13,0,1,0,12,20,0,0,1,3,229,4,4
DEU,0,8,2,21,1,0,97,770,274,0,4092,5526,104,5,3869,20,39,84,490,9,3,33,306,3,3,22,2115,4,19,0,18,5,4793,8020,993,5188,25,101,23,13,0,412,0,2,73,81,0,1,225,2015,0,2,3,2954,4,72,79,669,3,6692,388,90,2005,3,10172,0,57,15015,238,72,0,6,13,2,1,1782,1,11,13,6,3,0,577,0,1476,148,1894,1076,712,52,156,1682,8618,10,101,3403,76,171,25,10,0,2,1473,36,11,75,2,11,2,23,106,0,310,257,127,195,18,60,28,2,682,0,77,13,35,6,9,27,12,1,0,5,25,283,51,15,7,121,7,0,7525,1742,32,0,717,65,423,70,97,88,0,12,2972,3,1558,8,5,201,991,3533,20,720,47,30,635,0,3,1,0,0,540,0,0,0,526,526,4103,0,5,29,0,6,399,4,1,0,0,14,75,1202,0,759,92,53,796,72,22376,43,0,6,0,53,218,0,0,7,15,1026,14,16
DJI,0,0,0,0,0,0,1,0,0,0,1,0,0,0,1,0,0,0,0,1,0,0,0,0,0,0,0,0,0,0,0,0,1,1,0,0,0,0,0,0,0,0,0,0,0,0,0,0,0,1,2,0,0,0,0,2,0,1,0,1,0,0,0,0,12,0,0,1,0,0,0,0,0,0,0,0,0,0,0,0,0,0,0,0,0,0,0,0,0,0,0,0,0,0,1,1,0,0,0,0,0,0,0,1,0,1,0,1,0,0,0,0,0,0,0,2,0,0,0,0,0,0,0,0,0,0,0,0,0,1,0,0,0,0,0,0,0,0,0,0,0,0,0,0,0,0,0,0,0,0,0,0,0,0,0,0,1,0,0,1,0,1,1,0,0,0,0,0,0,0,0,0,0,0,0,0,0,0,0,0,0,0,0,0,0,0,0,0,1,0,0,0,0,0,0,0,3,0,0,0,0,0,0,0,0,0,0,0,0,0
DMA,0,0,0,0,0,0,0,1,1,1,1,1,0,0,1,0,0,0,0,0,2,0,0,1,0,0,1,2,0,0,0,0,3,1,2,1,1,0,0,0,0,2,0,0,1,2,0,1,0,0,3,0,0,1,1,0,1,1,0,2,0,0,1,0,3,0,0,5,0,0,0,0,1,0,0,0,1,0,0,0,1,0,0,0,0,0,2,0,1,0,0,0,1,2,0,1,0,1,0,0,0,1,1,0,0,0,0,0,1,0,0,0,0,0,0,1,0,0,1,0,2,0,0,0,0,0,0,1,0,0,0,0,0,0,0,0,0,1,0,0,2,1,0,0,1,0,1,0,1,0,0,0,0,0,1,0,0,0,0,1,0,0,0,0,0,0,0,0,0,0,0,0,0,1,0,0,1,0,0,0,0,0,0,0,0,0,0,2,0,1,0,1,1,0,0,1,11,0,0,0,1,1,0,0,0,0,0,1,0,0
DNK,0,4,0,5,0,0,37,211,115,0,1140,634,87,0,858,4,11,21,67,3,1,9,117,3,0,11,426,2,1,0,6,0,1257,1087,270,1151,4,8,6,3,0,130,0,0,18,35,0,1,36,439,2954,0,1,0,0,7,10,46,0,1527,128,21,833,3,1801,0,4,3834,98,39,0,0,3,35,0,505,1,89,1,0,1,0,135,0,353,27,383,324,111,7,190,351,1843,3,13,608,7,44,3,9,0,2,203,8,1,11,1,5,2,2,11,0,95,39,51,110,2,11,6,0,142,0,31,10,28,0,4,3,1,0,0,2,6,97,5,4,4,17,2,0,1807,1385,14,0,181,6,62,14,44,20,0,3,622,0,477,0,2,36,273,424,5,134,7,5,173,0,1,0,0,0,181,0,1,0,183,204,2199,0,2,3,0,0,116,3,0,0,0,3,5,290,0,201,47,24,78,28,4349,9,0,0,0,20,43,0,0,1,1,317,12,11
DOM,0,0,0,0,0,0,2,3,0,1,1,0,0,0,2,0,0,0,1,0,1,0,0,1,0,1,8,2,0,0,0,0,5,2,4,3,0,0,0,0,0,3,0,0,6,5,0,0,1,0,4,0,1,0,0,0,1,1,0,11,0,0,0,0,6,0,0,7,0,0,0,0,0,0,0,1,1,0,2,0,1,3,0,2,0,0,2,0,1,0,0,0,2,1,1,2,0,0,0,0,0,1,0,1,0,1,0,0,1,0,0,0,1,0,0,1,0,0,0,0,4,0,1,0,0,0,0,1,0,0,0,0,0,1,0,0,0,1,3,0,3,1,0,0,0,0,1,3,2,1,0,0,1,0,0,0,0,0,1,1,0,1,1,0,1,0,0,3,0,0,1,0,0,1,1,0,1,0,0,0,0,0,1,0,0,0,0,2,1,2,0,1,0,0,0,1,52,0,0,0,1,3,1,0,0,0,0,0,0,0
DZA,0,0,0,2,0,0,29,1,1,0,15,8,1,0,75,1,1,1,7,13,0,3,0,0,0,0,14,0,0,0,1,0,80,31,4,22,1,5,0,0,0,3,0,0,1,1,0,0,5,28,72,2,0,7,0,0,2,34,0,113,3,0,15,0,1305,0,0,101,1,0,0,0,0,0,0,16,0,0,1,0,0,0,10,0,8,2,23,5,17,3,0,10,106,0,11,14,1,0,1,0,0,0,9,6,0,15,0,6,0,0,0,0,4,4,4,62,1,0,1,0,6,0,3,2,2,0,1,3,0,1,0,0,0,50,0,0,1,3,0,0,17,11,0,0,1,5,38,0,0,0,0,0,17,0,27,0,1,5,20,14,1,140,1,5,5,0,0,0,0,0,8,0,0,0,5,5,13,0,0,4,1,0,4,0,0,0,0,0,70,46,0,6,0,0,6,0,82,0,0,0,0,1,3,0,0,0,1,22,0,0
ECU,0,0,0,0,0,0,2,41,1,0,27,10,0,0,45,0,0,9,1,0,1,0,0,0,0,20,100,1,1,0,0,0,34,24,37,42,2,1,2,0,0,71,0,0,13,15,0,1,1,25,79,0,1,10,1,2,0,12,0,197,0,3,4,1,77,0,0,95,1,1,0,0,1,0,0,5,1,0,3,2,2,5,6,0,1,8,44,23,6,0,0,4,52,1,1,20,0,3,0,0,0,0,40,1,0,1,0,0,0,0,2,0,4,0,0,4,0,0,1,0,77,0,1,0,0,0,0,2,2,0,0,0,0,4,0,0,1,1,4,0,48,4,1,0,7,0,9,14,43,3,0,0,13,0,14,4,0,0,6,33,0,9,1,0,7,0,0,2,0,0,2,0,0,0,4,0,40,0,0,0,0,0,6,0,0,0,0,1,3,8,0,9,3,2,21,13,249,0,0,0,0,41,2,0,0,0,1,17,0,0
EGY,0,9,0,2,0,0,100,23,90,0,117,150,7,0,181,5,2,26,97,27,1,3,79,3,0,1,148,1,2,0,3,0,409,196,14,345,5,8,4,4,0,94,0,1,4,4,0,1,87,134,669,1,1,46,1,34,12,0,0,250,85,16,121,1,310,0,2,552,88,9,0,0,1,0,0,137,0,0,0,0,0,2,90,0,107,17,265,100,154,38,4,39,329,2,50,459,16,17,1,2,0,1,281,93,2,64,2,43,2,0,85,0,83,4,3,39,0,1,2,0,137,0,4,1,2,1,1,4,1,1,0,1,0,186,2,3,1,22,0,0,101,29,0,0,109,40,168,3,6,16,0,2,168,0,130,2,5,243,56,140,3,2490,30,3,25,0,1,1,0,1,100,0,0,0,23,16,93,0,0,16,1,2,102,0,0,0,0,1,48,233,0,136,6,6,96,7,1354,8,0,0,0,7,11,0,0,1,50,55,4,3
ERI,0,0,0,0,0,0,0,0,0,0,2,0,0,1,0,0,0,0,0,0,0,0,0,0,0,0,0,0,0,0,0,0,1,2,0,1,0,0,0,0,0,0,0,0,0,0,0,0,0,0,3,0,0,0,0,0,0,0,0,2,0,2,0,0,3,0,0,4,0,1,0,0,0,0,0,0,0,0,0,0,0,0,0,0,0,0,4,0,0,0,0,0,6,0,0,0,0,2,0,0,0,0,0,0,0,0,0,0,0,0,0,0,0,0,0,0,0,0,0,0,0,0,0,0,0,0,0,0,0,0,0,0,0,0,0,0,0,0,0,0,4,0,0,0,0,1,0,0,0,0,0,0,0,0,1,0,0,0,0,0,1,0,4,0,0,0,0,0,0,0,0,0,0,0,0,0,0,0,0,0,0,0,0,0,0,0,0,0,1,0,0,0,1,2,0,0,7,0,0,0,0,0,0,0,0,0,0,3,0,0
ESP,0,4,4,14,13,0,40,1078,202,0,1930,1458,93,0,2304,10,10,28,282,7,1,22,207,4,3,45,2018,2,2,2,5,0,2156,2635,1163,1591,6,16,7,1,1,816,0,8,87,250,5,1,179,1021,6692,1,2,1527,11,113,197,250,2,0,277,32,1074,6,6306,0,11,8571,201,25,3,4,10,0,1,1336,1,12,19,2,1,5,379,1,718,35,957,774,389,15,111,715,6436,6,32,1318,21,47,2,3,0,1,655,19,2,49,0,6,2,1,86,0,208,95,78,289,11,34,2,1,1565,0,34,6,37,0,8,6,42,2,0,3,12,201,8,5,4,34,7,0,3347,983,8,0,357,20,184,30,181,33,0,32,1514,0,2534,16,3,129,684,1210,5,453,5,9,238,0,4,12,0,0,385,0,0,0,303,338,2037,0,4,5,1,1,201,3,0,0,0,2,203,813,0,470,26,19,366,159,9676,30,0,6,0,190,94,0,0,1,1,535,7,7
EST,0,4,0,1,0,0,1,9,79,0,88,145,1,0,194,3,0,4,109,3,0,9,90,3,0,3,102,1,0,0,4,0,75,190,12,143,2,5,2,0,0,85,0,0,1,1,0,0,121,168,388,0,0,128,0,3,0,85,0,277,0,7,363,2,263,0,0,420,83,3,0,0,0,0,0,135,0,6,2,0,0,0,124,0,181,5,107,120,82,3,30,37,292,1,5,39,2,4,1,0,0,1,95,1,0,8,0,0,2,1,82,0,161,9,85,5,0,9,0,0,89,0,6,0,4,0,2,1,0,0,0,1,0,57,1,3,0,3,0,0,145,111,0,0,100,4,85,3,6,9,0,3,205,0,127,0,3,75,52,206,3,55,0,0,14,0,1,0,0,0,104,0,0,0,39,47,321,0,1,1,0,0,87,0,0,0,0,0,3,107,0,89,1,3,120,2,324,4,0,0,0,0,5,0,0,0,0,20,2,1
ETH,0,6,0,0,0,0,0,3,1,0,31,22,0,2,79,2,11,13,1,3,0,0,0,3,0,0,18,1,0,0,11,0,37,42,6,34,11,11,6,5,0,7,0,0,2,0,0,0,3,8,90,0,0,21,0,0,3,16,2,32,7,0,9,2,42,0,3,149,4,19,0,0,7,2,0,4,0,0,0,0,0,0,0,0,2,11,84,4,5,3,3,16,49,0,6,27,1,65,0,3,0,0,18,0,1,4,1,0,2,0,8,0,1,8,0,5,0,1,4,0,11,0,0,3,0,1,0,0,2,0,0,0,11,7,2,3,4,24,0,0,78,53,7,0,7,2,29,4,6,4,0,2,1,0,8,0,4,5,0,11,10,18,12,12,9,0,1,0,0,0,4,0,0,0,2,0,54,1,1,6,2,0,6,1,0,0,0,1,3,5,0,17,30,31,2,2,227,0,0,0,0,4,17,0,0,0,1,81,11,15
FIN,0,4,7,6,0,0,11,55,105,0,584,457,4,0,566,3,2,19,165,6,1,8,98,3,1,2,300,3,2,2,4,1,647,773,125,769,3,9,4,0,0,111,0,2,11,29,0,1,110,404,2005,0,1,833,0,15,4,121,0,1074,363,9,0,3,1311,0,0,2366,91,14,0,0,1,0,0,464,1,8,3,1,1,0,200,0,340,11,346,292,181,3,119,163,1250,4,21,460,6,20,2,4,0,0,289,6,3,12,0,3,2,1,85,1,180,43,58,13,3,14,3,0,172,0,22,0,11,0,2,3,3,0,0,1,8,96,3,5,1,18,0,0,1056,756,6,0,186,12,140,4,32,19,0,3,575,0,375,2,3,88,158,795,4,134,1,1,98,0,1,0,0,0,154,0,0,0,115,92,1749,0,1,2,0,0,140,0,0,0,0,1,6,235,0,206,9,20,182,12,2661,7,0,1,0,9,14,0,0,1,0,187,5,1
FJI,0,2,0,0,0,0,2,1,0,0,59,1,0,0,0,1,0,6,0,1,0,0,0,1,0,0,5,2,0,0,2,0,6,3,4,4,1,1,0,0,2,2,0,0,0,0,0,0,1,1,3,0,0,3,0,0,1,1,0,6,2,2,3,0,12,4,0,20,2,3,0,0,0,0,0,2,0,0,0,0,0,0,0,0,2,3,17,3,2,0,2,0,13,0,2,10,0,5,0,0,3,0,12,0,0,2,0,0,1,0,2,0,0,0,0,1,0,0,1,0,2,4,0,0,0,0,0,0,0,0,0,0,0,3,0,6,0,1,0,2,3,4,0,1,26,2,3,2,1,3,2,5,1,0,2,0,2,2,0,2,1,3,0,0,3,6,0,0,0,0,1,0,0,0,1,0,7,0,0,0,0,0,1,0,0,0,3,1,0,1,2,2,0,2,0,0,33,0,0,0,0,1,2,3,2,0,0,7,1,1
FRA,1,8,4,16,0,0,105,689,263,1,2982,1886,95,3,4430,121,143,36,310,13,2,12,216,5,4,34,2245,3,2,5,10,18,4696,4849,934,3499,100,219,32,34,2,416,2,2,59,72,0,3,160,1398,10172,12,3,1801,6,1305,77,310,3,6306,263,42,1311,12,0,2,69,11205,198,28,0,18,16,3,0,1480,2,2,13,68,6,2,434,10,913,115,1369,927,386,44,143,1073,8315,6,42,2494,23,122,8,61,1,3,989,33,45,450,5,29,3,4,85,3,233,314,87,900,69,26,112,1,847,1,42,53,43,8,10,18,12,13,2,15,15,262,20,109,39,48,3,1,4561,1355,26,2,529,35,285,24,143,70,1,9,2118,1,1438,2,3,217,1137,2117,9,561,16,202,538,2,5,0,0,1,375,0,0,1,322,397,2546,2,12,34,17,32,412,1,0,0,2,13,1611,940,1,626,45,40,609,96,15023,12,0,4,1,99,326,3,2,2,8,908,11,27
FSM,0,0,0,0,0,0,0,0,0,0,5,0,0,0,0,0,0,0,0,0,1,0,0,0,0,0,0,0,0,0,0,0,0,0,0,1,0,0,0,0,2,0,0,0,0,0,0,0,0,0,0,0,0,0,0,0,0,0,0,0,0,0,0,4,2,0,0,0,0,0,0,0,0,0,0,0,0,0,0,0,0,0,0,0,0,1,0,0,0,0,1,0,0,0,0,0,0,0,0,0,3,0,0,0,0,0,0,0,0,0,0,0,0,0,0,0,0,0,0,0,0,4,0,0,0,0,0,0,0,0,0,0,0,1,0,3,0,0,0,3,1,0,0,1,3,0,0,0,0,1,3,3,0,0,0,0,0,0,0,0,0,0,0,0,0,2,0,0,0,0,0,0,0,0,0,0,0,0,0,0,0,0,0,0,0,0,2,0,0,1,2,1,0,0,0,0,15,0,0,0,0,0,0,2,1,0,0,0,0,0
GAB,0,0,0,0,0,0,0,0,0,0,4,8,0,1,21,6,10,1,0,0,0,0,0,0,0,0,3,0,0,0,0,3,5,11,0,0,4,12,7,8,0,2,0,0,1,0,0,0,0,2,57,0,0,4,0,0,0,2,0,11,0,3,0,0,69,0,0,25,0,9,0,2,4,0,0,0,0,0,0,2,0,0,0,0,0,0,2,0,0,0,0,0,6,0,0,9,0,7,0,2,0,0,0,0,2,0,0,0,0,0,0,0,0,0,0,1,0,0,2,0,2,0,0,1,0,1,0,0,5,0,0,0,1,3,1,0,1,6,0,0,33,1,0,0,1,2,0,1,2,0,0,0,0,0,3,0,0,0,0,4,1,1,1,6,0,0,2,0,0,0,0,0,0,0,0,0,1,0,0,0,1,1,0,0,0,0,0,0,0,0,0,0,8,4,0,0,29,0,0,0,0,2,0,0,0,0,0,11,3,3
GBR,0,25,9,8,0,0,275,776,351,0,9095,2805,180,7,4699,30,66,213,338,34,8,24,319,9,3,34,2628,19,19,1,50,9,7433,6254,1220,8327,44,87,42,26,0,517,0,2,53,83,0,2,303,1687,15015,1,5,3834,7,101,95,552,4,8571,420,149,2366,20,11205,0,25,20946,316,200,1,10,126,13,0,2620,21,37,20,10,13,3,550,7,1315,225,2476,2967,699,161,328,1485,10284,29,144,3781,76,502,14,50,0,28,1522,91,35,152,8,83,6,3,183,1,295,180,104,262,17,25,46,4,866,0,64,31,145,14,12,23,32,1,7,17,199,1135,40,24,17,276,5,0,8859,2772,83,1,1695,89,675,58,207,138,0,26,2737,0,2225,2,11,371,1014,2376,38,1157,60,49,1283,3,19,2,0,6,571,0,1,1,487,581,5202,9,19,29,6,5,724,2,0,1,1,68,92,1351,0,1119,303,305,565,92,28139,15,1,7,0,75,353,1,0,2,13,2180,116,101
GEO,0,4,0,0,0,0,1,92,172,0,98,185,91,0,97,2,0,4,97,3,0,3,169,3,0,0,170,1,0,0,4,0,110,194,90,185,3,3,2,0,0,171,0,0,1,1,0,0,82,173,238,0,0,98,0,1,1,88,0,201,83,4,91,2,198,0,0,316,0,2,0,0,0,0,0,175,0,0,0,0,0,0,86,0,175,4,174,87,86,3,8,95,213,0,4,98,5,3,3,0,0,0,89,0,0,4,0,0,2,0,80,0,80,1,4,87,0,9,0,0,90,0,6,0,1,0,1,0,0,0,0,0,0,90,1,3,0,3,0,0,99,95,1,0,81,3,100,3,3,4,0,2,188,0,174,0,3,74,97,212,3,46,0,1,5,0,1,0,0,0,170,0,0,0,90,88,111,0,0,1,0,0,75,1,0,0,0,0,4,180,0,167,0,3,92,1,286,4,0,0,0,3,4,0,0,0,0,91,2,0
GHA,0,2,0,0,0,0,1,6,0,0,39,10,0,3,25,17,35,18,4,1,0,0,0,1,0,0,14,2,0,0,7,1,34,62,6,70,20,19,8,8,0,7,0,0,1,3,0,0,1,3,72,0,0,39,0,0,1,9,1,25,3,19,14,3,28,0,9,200,2,0,0,3,15,1,0,5,0,0,0,0,1,0,0,0,3,13,37,4,4,0,3,1,44,4,3,25,0,60,0,2,0,0,6,0,2,2,3,0,1,0,7,0,0,8,0,2,1,0,2,0,11,0,0,8,1,2,0,0,6,0,0,1,15,15,6,1,5,49,0,0,83,14,0,0,8,1,4,2,2,7,0,6,4,0,7,0,2,2,1,3,4,3,6,27,4,0,3,0,0,0,1,0,0,0,3,0,61,0,4,0,1,7,9,0,0,0,0,1,6,5,0,6,31,22,0,5,281,0,0,0,0,1,19,0,0,0,2,125,9,9
GIB,0,0,0,0,0,0,0,0,0,0,0,0,0,0,0,0,0,0,0,0,0,0,0,0,0,0,0,0,0,0,0,0,0,0,0,0,0,0,0,0,0,0,0,0,0,0,0,0,0,0,0,0,0,0,0,0,0,0,0,3,0,0,0,0,0,0,0,1,0,0,0,0,0,0,0,0,0,0,0,0,0,0,0,0,0,0,0,0,0,0,0,0,0,0,0,0,0,0,0,0,0,0,0,0,0,0,0,0,0,0,0,0,0,0,0,0,0,0,0,0,0,0,0,0,0,0,0,0,0,0,0,0,0,0,0,0,0,0,0,0,0,0,0,0,0,0,0,0,0,0,0,0,0,0,0,0,0,0,0,0,0,0,0,0,0,0,0,0,0,0,0,0,0,0,0,0,0,0,0,0,0,0,0,0,0,0,0,0,0,0,0,0,0,0,0,0,0,0,0,0,0,0,0,0,0,0,0,0,0,0
GIN,0,0,0,0,0,0,0,0,0,0,5,0,0,0,12,3,7,3,0,0,0,0,0,0,0,0,0,0,0,0,0,1,3,8,0,14,3,4,2,0,0,0,0,0,0,0,0,0,0,0,6,0,0,0,0,0,0,0,0,4,0,0,0,0,18,0,2,10,0,3,0,0,4,0,0,0,0,0,0,0,0,0,0,0,0,1,2,0,0,0,0,0,3,0,0,3,0,2,0,1,0,0,0,0,0,0,0,0,0,0,0,0,0,0,0,0,0,0,1,0,0,0,0,3,0,0,0,0,1,0,0,0,1,2,0,1,2,5,0,0,0,0,0,0,1,0,0,0,0,0,0,1,0,0,1,0,0,0,0,0,0,0,1,9,1,0,1,0,0,0,0,0,0,0,0,0,0,0,0,0,0,1,0,0,0,0,0,0,0,0,0,1,1,3,0,0,11,0,0,0,0,0,1,0,0,0,0,6,0,0
GMB,0,0,0,0,0,0,0,1,1,0,9,4,0,0,25,3,15,10,0,0,1,0,1,0,0,0,3,1,0,0,1,2,6,17,0,3,10,3,1,5,0,2,0,0,1,1,0,1,0,0,13,0,1,3,0,0,1,1,0,10,0,7,1,0,16,0,4,126,0,15,0,4,0,4,0,1,0,0,0,0,0,0,0,0,0,5,12,1,2,0,0,1,8,1,0,3,0,23,0,0,0,0,2,0,0,0,0,0,0,0,0,0,0,5,1,1,0,1,2,0,1,0,0,7,0,0,0,1,5,0,0,0,10,0,3,0,1,10,0,0,10,2,0,0,4,0,2,0,2,0,0,3,0,0,3,0,0,0,1,2,2,2,0,13,0,0,0,0,0,0,0,0,0,0,0,0,11,0,0,0,0,0,5,0,0,0,0,1,0,1,0,5,7,3,0,1,44,0,0,0,0,1,10,0,0,0,0,16,3,0
GNB,0,0,0,0,0,0,0,0,0,0,3,0,0,0,3,0,3,1,0,0,0,0,0,0,0,0,0,0,0,0,0,0,2,3,0,0,0,0,0,0,0,0,0,0,0,0,0,0,0,0,2,0,0,35,0,0,0,0,0,0,0,2,0,0,3,0,0,13,0,1,0,0,4,0,0,0,0,0,0,0,0,0,0,0,0,0,0,0,0,0,0,0,3,0,0,0,0,2,0,1,0,0,2,0,0,0,0,0,0,0,0,0,0,0,0,0,0,0,1,0,0,0,0,1,0,0,0,0,0,1,0,0,0,1,0,0,0,1,0,0,3,0,0,0,1,0,0,0,0,0,0,0,0,0,1,0,0,0,0,0,0,0,2,2,0,0,0,0,0,0,0,0,0,0,0,0,8,0,0,0,0,0,3,0,0,0,0,0,0,0,0,0,2,1,0,0,3,0,0,0,0,0,1,0,0,0,0,1,0,0
GNQ,0,0,0,0,0,0,0,0,0,0,0,0,0,0,1,0,0,0,0,0,0,0,0,0,0,0,0,0,0,0,0,0,0,0,0,0,1,1,0,0,0,0,0,0,0,0,0,0,0,0,1,0,0,0,0,0,0,0,0,1,0,0,0,0,0,0,0,0,0,0,0,0,0,0,0,0,0,0,0,0,0,0,0,0,0,0,0,0,0,0,0,0,0,0,0,0,0,0,0,0,0,0,0,0,0,0,0,0,0,0,0,0,0,0,0,0,0,0,0,0,0,0,0,0,0,0,0,0,0,0,0,0,0,0,0,0,0,0,0,0,0,0,0,0,0,0,0,0,0,0,0,0,0,0,0,0,0,0,0,0,1,0,0,0,0,0,0,0,0,0,0,0,0,0,0,0,0,0,0,0,0,0,0,0,0,0,0,0,0,0,0,0,0,0,0,0,1,0,0,0,0,0,0,0,0,0,0,0,0,0
GRC,0,7,0,11,0,0,42,144,191,0,416,567,86,0,676,2,2,9,194,3,0,8,173,3,0,1,328,1,1,0,7,0,473,807,153,510,2,7,2,1,0,182,0,2,9,26,0,0,384,488,1782,0,0,505,1,16,5,137,0,1336,135,4,464,2,1480,0,0,2620,175,5,0,0,1,0,0,0,0,6,2,2,1,3,227,0,354,13,363,249,157,7,44,275,1729,2,16,331,18,9,1,2,0,0,225,13,0,25,0,6,2,1,83,0,144,24,33,109,1,11,3,0,178,0,32,0,25,0,9,4,0,0,0,1,0,113,2,4,0,13,0,0,905,422,2,0,127,6,128,6,31,16,0,3,574,0,483,0,3,96,322,395,4,219,2,1,82,0,3,1,0,0,328,0,0,0,195,189,701,0,1,5,0,0,156,0,0,0,0,1,29,444,0,236,4,5,152,11,2283,5,0,1,0,8,16,0,0,1,0,190,2,1
GRD,0,0,0,0,0,0,0,0,0,1,2,1,0,0,1,0,0,0,0,0,1,0,0,1,0,0,1,2,0,0,0,0,15,3,0,1,0,0,0,0,0,0,0,0,0,1,0,0,0,0,1,0,1,1,1,0,1,0,0,1,0,0,1,0,2,0,0,21,0,0,0,0,0,0,0,0,0,0,0,0,1,0,0,0,2,0,1,0,6,0,1,0,0,1,0,0,0,1,0,0,0,2,0,0,0,0,0,0,3,0,0,0,0,0,0,0,0,0,0,0,0,0,0,0,0,0,0,0,0,0,0,0,0,0,0,0,0,2,0,0,2,2,0,0,0,0,0,0,0,2,0,0,23,0,0,0,0,0,8,0,0,0,0,0,0,0,0,0,0,0,0,0,0,1,0,0,0,0,0,0,0,0,0,0,0,0,0,4,0,3,0,0,0,0,0,0,123,0,0,0,2,0,0,0,0,0,0,3,0,0
GRL,0,0,0,0,0,0,1,0,0,0,3,1,0,0,6,0,0,0,0,0,0,0,0,0,0,0,0,0,0,0,0,0,24,3,1,11,0,0,0,0,0,0,0,0,0,0,0,0,3,6,11,0,0,89,0,0,0,0,0,12,6,0,8,0,2,0,0,37,0,0,0,0,0,0,0,6,0,0,0,0,0,0,5,0,4,0,0,6,0,0,7,6,12,0,0,1,0,0,0,0,0,0,0,0,0,0,0,0,0,0,0,0,6,0,0,0,0,6,0,0,0,0,0,0,0,0,0,0,0,0,0,0,0,0,0,0,0,0,0,0,10,16,0,0,4,0,0,0,0,0,0,0,11,0,6,0,0,0,6,8,0,0,0,0,0,0,0,0,0,0,0,0,0,0,0,0,15,0,0,0,0,0,0,0,0,0,0,0,0,6,0,0,0,0,6,3,17,0,0,0,0,0,0,0,0,0,0,1,0,0
GTM,0,0,0,0,0,0,0,11,1,0,15,7,0,0,7,0,0,1,3,0,0,0,0,0,0,1,12,0,0,0,0,0,14,8,5,5,0,0,5,0,0,8,0,0,14,1,0,0,0,5,13,0,0,1,2,1,3,0,0,19,2,0,3,0,13,0,0,20,0,0,0,0,0,0,0,2,0,0,0,0,1,7,2,0,4,0,8,0,0,0,1,5,11,0,0,3,0,5,0,0,0,1,3,0,0,1,0,0,0,0,0,0,1,1,0,1,0,0,0,0,19,0,0,0,0,0,0,1,1,0,0,0,0,1,0,0,0,0,4,0,5,7,1,0,2,1,6,9,6,1,0,0,5,0,1,0,0,0,3,4,0,0,0,0,0,0,0,12,0,0,1,0,0,0,1,0,2,0,0,0,0,0,1,0,0,0,0,0,0,1,0,4,2,3,2,2,103,1,0,0,0,1,0,0,0,0,0,3,6,1
GUF,0,0,0,0,0,0,0,2,1,0,5,0,0,0,3,0,0,0,0,0,0,0,0,0,0,0,19,1,0,0,0,1,4,2,1,2,0,3,1,0,0,4,0,0,1,0,0,0,0,2,6,0,0,0,0,0,2,0,0,2,0,0,1,0,68,0,2,10,0,0,0,0,0,0,0,2,0,0,0,0,1,0,0,0,0,0,2,0,0,0,0,0,2,0,0,1,0,0,0,2,0,0,0,0,1,0,0,0,0,0,1,0,0,0,0,0,0,0,2,0,0,0,0,0,0,0,0,0,0,0,0,0,0,1,0,1,0,0,0,0,2,0,0,0,0,0,0,2,2,1,0,0,0,0,0,1,0,0,1,0,0,0,1,0,0,0,0,0,0,0,0,0,0,0,0,0,1,0,0,0,0,0,1,0,0,0,0,1,0,0,0,2,0,0,0,1,16,0,0,0,0,2,1,0,0,0,0,0,0,0
GUY,0,0,0,0,0,0,0,1,0,1,3,1,0,0,2,0,0,0,1,0,1,0,0,1,0,1,2,1,0,0,0,0,7,1,1,3,0,0,0,0,0,3,0,0,1,1,0,0,0,1,3,0,1,1,1,0,2,0,0,1,0,0,1,0,6,0,0,13,0,1,0,0,0,0,0,1,1,0,1,1,0,0,0,0,1,2,2,1,0,0,0,0,2,1,1,2,0,2,0,0,0,1,0,0,0,0,0,0,1,0,0,0,0,0,0,0,0,0,0,0,1,0,0,0,0,0,0,0,0,0,0,0,0,1,0,0,0,1,0,0,6,2,0,0,1,0,0,0,1,1,0,1,0,0,1,0,0,0,0,1,0,0,0,1,1,0,1,0,0,0,0,0,0,1,0,0,1,0,0,0,0,0,0,0,0,0,0,1,0,0,0,0,1,0,0,1,13,0,0,0,1,2,0,0,0,0,0,1,0,0
