,ABW,AFG,AGO,AIA,ALB,AND,ANT,ARE,ARG,ARM,ATG,AUS,AUT,AZE,BDI,BEL,BEN,BES,BFA,BGD,BGR,BHR,BHS,BIH,BLR,BLZ,BMU,BOL,BRA,BRB,BRN,BTN,BWA,CAF,CAN,CHE,CHL,CHN,CIV,CMR,COD,COG,COK,COL,COM,CPV,CRI,CUB,CUW,CYM,CYP,CZE,DEU,DJI,DMA,DNK,DOM,DZA,ECU,EGY,ERI,ESP,EST,ETH,FIN,FJI,FLK,FRA,FRO,FSM,GAB,GBR,GEO,GHA,GIB,GIN,GMB,GNB,GNQ,GRC,GRD,GRL,GTM,GUF,GUY,HND,HRV,HTI,HUN,IDN,IND,IRL,IRN,IRQ,ISL,ISR,ITA,JAM,JOR,JPN,KAZ,KEN,KGZ,KHM,KIR,KNA,KOR,KWT,LAO,LBN,LBR,LBY,LCA,LIE,LKA,LSO,LTU,LUX,LVA,MAF,MAR,MCO,MDA,MDG,MDV,MEX,MHL,MKD,MLI,MLT,MMR,MNE,MNG,MOZ,MRT,MSR,MUS,MWI,MYS,NAM,NCL,NER,NGA,NIC,NIU,NLD,NOR,NPL,NRU,NZL,OMN,PAK,PAN,PER,PHL,PLW,PNG,POL,PRK,PRT,PRY,PSE,PYF,QAT,ROU,RUS,RWA,SAU,SDN,SEN,SGP,SHN,SJM,SLB,SLE,SLV,SMR,SOM,SRB,SSD,STP,SUR,SVK,SVN,SWE,SWZ,SXM,SYC,SYR,TCA,TCD,TGO,THA,TJK,TKM,TLS,TON,TTO,TUN,TUR,TUV,TWN,TZA,UGA,UKR,URY,USA,UZB,VAT,VCT,VEN,VGB,VNM,VUT,WSM,XKX,YEM,ZAF,ZMB,ZWE
ABW,0,0,0,0,0,0,0,0,0,0,0,2,0,0,0,2,0,2,0,0,0,0,0,0,0,0,0,0,0,0,0,0,0,0,4,2,0,0,0,0,0,0,0,4,0,0,0,0,0,0,0,0,0,0,2,0,2,0,0,0,0,0,0,0,0,0,0,2,0,0,0,0,0,0,0,0,0,0,0,0,0,0,0,0,0,0,0,0,0,0,0,0,0,0,0,0,0,0,0,0,0,0,0,0,0,4,0,0,0,0,0,0,0,0,0,0,0,0,0,0,0,0,0,0,0,0,0,0,0,0,0,0,0,0,0,0,0,0,0,0,0,0,0,0,0,8,0,0,0,0,0,0,0,0,0,0,0,0,0,0,0,0,0,0,0,0,0,0,0,0,0,0,0,0,0,0,0,0,0,0,0,0,0,0,0,0,0,0,0,0,0,0,0,0,0,0,0,0,0,0,0,0,0,0,0,0,8,0,0,0,0,0,0,0,0,0,0,0,0,0
AFG,0,0,4,0,2,2,0,4,4,0,0,34,10,0,0,8,0,0,2,16,2,0,0,0,0,2,0,4,8,0,0,6,0,2,10,14,4,26,2,4,2,4,0,2,0,0,2,0,0,0,2,4,16,0,0,8,0,0,2,20,0,12,4,8,2,0,0,14,0,0,2,38,2,0,0,0,4,2,0,2,0,0,2,0,0,2,4,2,2,14,40,6,38,6,4,4,8,0,10,82,4,2,2,2,0,0,0,0,2,8,2,0,0,0,6,0,2,2,2,0,10,0,0,0,2,6,0,0,2,2,4,0,0,2,0,0,0,0,10,0,0,2,6,0,0,14,2,6,0,4,4,38,2,4,6,0,2,2,0,6,0,4,0,0,2,4,2,6,8,2,4,0,0,0,0,2,0,0,2,0,0,0,4,2,8,0,0,0,2,0,0,0,18,2,0,0,0,0,4,18,0,2,2,4,0,2,66,2,0,0,2,0,20,0,0,0,2,4,0,0
AGO,0,4,0,0,2,2,0,4,6,0,0,6,8,0,0,18,2,0,2,2,2,0,0,0,0,2,0,2,36,0,0,0,2,2,18,16,14,8,6,0,12,4,0,4,0,8,2,6,0,0,0,2,38,0,0,6,2,0,14,4,0,28,2,4,10,0,0,30,0,0,2,44,2,2,0,0,2,10,0,2,0,0,4,4,0,4,2,2,2,6,8,6,2,0,2,2,20,2,0,4,0,10,0,4,0,0,2,0,4,0,2,0,0,0,2,2,2,2,2,0,2,0,0,0,0,10,0,0,4,2,2,0,0,14,0,0,0,2,2,20,0,2,10,2,0,12,8,0,0,2,2,2,6,4,2,0,2,4,0,128,2,2,0,0,4,4,4,4,2,6,2,0,0,0,0,4,0,0,2,2,6,2,2,2,6,2,0,0,0,0,0,0,6,0,0,0,0,2,2,2,0,2,4,14,2,6,46,0,0,0,6,0,2,0,0,0,0,50,4,2
AIA,0,0,0,0,0,0,0,2,0,0,0,2,0,2,0,2,2,0,0,2,0,0,2,0,0,0,0,0,2,0,0,0,2,0,2,0,0,2,0,0,2,0,0,2,0,0,0,0,0,0,0,0,2,0,0,2,0,2,0,4,0,2,0,2,2,0,0,0,0,0,0,4,0,4,0,0,0,0,0,2,0,0,0,0,0,0,2,0,0,2,6,2,2,2,0,0,2,2,2,2,0,4,0,0,0,2,2,0,0,0,2,0,0,0,0,0,0,0,0,0,0,0,0,0,0,4,0,0,0,0,0,0,0,2,0,2,0,0,2,2,0,0,6,0,0,4,2,4,0,2,0,2,0,2,2,0,0,2,0,2,2,2,0,2,0,2,0,2,0,0,0,0,0,0,0,0,0,0,2,0,0,0,2,0,2,0,0,0,0,0,0,0,0,0,0,0,0,2,2,0,0,2,2,2,2,0,10,0,0,2,0,2,2,0,0,0,0,2,2,0
ALB,0,2,2,0,0,2,0,10,20,12,0,32,48,6,2,48,8,0,2,4,60,2,0,44,20,2,0,4,28,4,6,0,6,0,30,64,24,44,6,8,4,2,0,16,0,2,10,2,0,0,22,42,92,0,0,40,4,10,18,30,0,100,30,8,44,4,0,86,2,0,0,162,26,12,0,0,4,0,0,86,0,2,6,0,0,2,84,2,44,12,30,38,16,6,14,42,274,6,14,42,10,12,6,4,0,2,14,4,2,8,0,6,0,0,8,0,42,18,36,0,22,2,20,2,0,22,0,56,0,28,4,50,2,4,0,0,2,4,20,2,0,0,18,6,2,58,38,6,0,12,10,24,10,14,14,0,0,74,0,54,6,10,0,0,58,56,2,20,4,10,16,0,0,2,0,4,6,0,64,0,0,0,34,72,44,2,0,2,2,0,4,4,14,8,4,0,4,2,22,88,2,16,6,6,24,8,104,2,0,0,10,0,10,2,2,52,2,28,8,4
AND,0,2,2,0,2,0,0,2,4,0,0,6,10,0,0,8,0,0,0,0,8,0,0,2,2,2,0,4,6,0,0,0,0,0,8,14,4,4,2,0,2,0,0,4,0,0,4,0,0,0,4,8,14,0,0,6,0,0,4,4,0,50,6,0,8,0,0,18,0,0,0,24,2,0,0,0,0,0,0,10,0,0,2,2,0,2,4,0,6,4,4,6,4,2,4,4,10,0,0,4,0,2,0,0,0,0,2,0,0,0,0,0,0,0,4,0,4,4,4,0,2,0,0,0,0,4,0,2,0,4,0,0,0,2,0,0,0,0,2,0,2,0,0,0,0,8,10,0,0,4,2,2,4,4,2,0,0,10,0,8,0,2,0,0,10,8,0,4,0,2,4,0,0,0,0,2,0,0,6,0,0,0,6,6,10,0,0,0,0,0,0,0,2,0,0,0,0,0,4,6,0,4,0,0,4,2,14,0,0,0,2,0,2,0,0,0,0,4,0,0
ANT,0,0,0,0,0,0,0,0,0,0,0,0,0,0,0,0,0,0,0,0,0,0,0,0,0,0,0,0,0,0,0,0,0,0,0,0,0,0,0,0,0,0,0,0,0,0,0,0,0,0,0,0,0,0,0,0,0,0,0,0,0,0,0,0,0,0,0,0,0,0,0,0,0,0,0,0,0,0,0,0,0,0,0,0,0,0,0,0,0,0,0,0,0,0,0,0,0,0,0,0,0,0,0,0,0,0,0,0,0,0,0,0,0,0,0,0,0,0,0,0,0,0,0,0,0,0,0,0,0,0,0,0,0,0,0,0,0,0,0,0,0,0,0,0,0,2,0,0,0,0,0,0,0,0,0,0,0,0,0,0,0,0,0,0,0,0,0,0,0,0,0,0,0,0,0,0,0,0,0,0,0,0,0,0,0,0,0,0,0,0,0,0,0,0,0,0,0,0,0,0,0,0,0,0,0,0,0,0,0,0,0,0,0,0,0,0,0,0,0,0
ARE,0,4,4,2,10,2,0,0,302,220,0,930,380,212,0,226,22,0,10,86,110,84,2,12,220,4,2,6,466,4,8,2,14,0,1192,504,322,1406,2,30,20,2,0,322,0,2,16,4,0,0,36,292,842,0,0,398,2,184,22,772,0,648,36,58,206,4,0,828,2,4,4,2186,236,32,0,4,10,0,0,546,2,2,2,0,0,2,80,0,310,60,884,138,314,138,32,342,830,16,446,552,38,36,26,0,0,0,484,172,0,214,6,18,2,2,26,0,34,16,22,0,312,2,12,0,0,114,0,20,0,26,8,10,10,20,2,0,6,4,474,4,2,4,68,6,2,554,366,38,0,136,214,700,22,34,64,0,4,412,0,428,28,106,0,236,306,458,4,1108,32,14,186,0,0,2,0,6,0,2,330,2,0,2,238,252,500,4,0,2,16,0,2,8,50,4,0,0,4,14,216,446,2,330,10,18,58,16,2822,8,0,0,14,0,96,2,2,6,42,450,12,8
ARG,0,4,6,0,20,4,0,302,0,234,0,1384,660,212,2,746,20,0,10,78,182,12,2,36,238,2,2,114,2836,16,12,4,18,0,1518,1004,1540,978,10,46,26,2,2,1188,0,6,196,118,0,0,38,610,2332,0,0,706,42,52,362,168,0,3296,104,58,302,12,4,2168,2,4,2,2636,274,44,0,2,16,2,0,520,4,2,96,14,2,28,154,6,460,70,576,208,198,32,38,584,1882,16,50,880,24,84,28,6,0,2,310,44,0,54,8,2,0,2,50,0,126,40,88,0,258,2,22,8,2,1244,0,50,4,66,2,16,16,38,0,0,6,18,168,12,8,4,94,32,2,1104,520,34,0,304,30,100,104,522,118,0,0,750,2,722,130,76,0,34,456,682,18,172,22,26,222,0,0,2,0,30,2,0,400,0,0,6,342,384,826,2,0,4,20,0,2,12,166,2,0,0,4,12,82,574,2,392,20,40,142,680,5022,4,10,0,252,0,84,2,6,6,4,748,24,18
ARM,0,0,0,0,12,0,0,220,234,0,0,502,678,386,0,296,4,0,2,22,352,2,0,14,496,4,0,2,678,0,0,0,0,0,276,758,252,734,0,4,2,2,0,482,0,0,8,158,0,0,260,672,866,0,0,422,0,12,252,282,0,556,270,2,448,2,0,804,2,0,0,1050,518,10,0,0,4,0,0,668,2,0,0,0,0,0,444,0,640,182,474,296,296,4,10,268,772,2,10,474,30,8,14,0,0,0,488,12,0,8,0,4,0,2,168,0,258,12,256,0,216,0,20,0,0,434,0,10,0,16,4,48,4,2,0,0,0,2,288,18,0,0,10,4,2,438,422,14,0,258,6,436,4,160,18,0,0,736,0,516,2,68,0,226,402,1008,0,220,2,4,22,0,0,0,2,2,2,0,494,0,0,2,388,240,434,4,0,0,2,0,2,2,426,6,0,0,2,2,10,668,2,480,0,4,486,14,924,72,0,0,24,0,8,2,4,10,0,416,4,2
ATG,0,0,0,0,0,0,0,0,0,0,0,0,0,0,0,0,0,0,0,0,0,0,0,0,0,0,0,0,2,0,0,0,0,0,6,0,0,0,0,0,0,0,0,0,0,0,0,0,0,0,0,0,0,0,2,0,0,0,0,6,0,4,0,0,0,0,0,2,0,0,0,2,0,0,0,0,0,0,0,0,0,0,0,0,0,0,0,0,0,0,0,0,0,0,0,0,2,0,0,2,0,0,0,0,0,2,0,0,0,0,0,0,0,0,0,0,0,0,0,0,0,0,0,0,0,2,0,0,0,0,0,0,0,0,0,0,0,0,0,0,0,0,0,0,0,2,0,0,0,0,0,0,0,0,2,0,0,0,0,0,0,0,0,0,0,0,0,0,0,0,0,0,0,0,0,0,0,0,0,0,0,0,0,0,0,0,0,0,0,0,0,0,0,0,0,0,0,2,0,0,0,2,0,0,0,0,20,0,0,0,0,0,2,0,0,0,0,0,0,0
AUS,2,34,6,2,32,6,0,930,1384,502,0,0,3044,248,10,4438,54,0,54,1274,622,50,24,66,518,18,16,64,4612,32,120,58,90,6,12344,6160,1900,32122,42,108,58,24,12,1170,0,4,160,56,8,6,426,1818,13810,0,2,4490,14,136,406,1032,0,7506,718,446,2606,318,16,9988,4,14,20,31540,584,380,4,20,92,12,0,1860,12,30,48,22,16,14,684,18,1348,1302,5302,2312,3192,552,366,2022,8370,30,308,6658,124,446,36,184,4,14,3786,280,134,214,22,48,4,12,790,6,518,218,362,2,358,116,38,36,12,1388,4,102,46,112,110,78,58,94,6,2,36,88,2762,84,150,12,466,8,6,8858,2840,310,0,6362,234,1604,124,322,606,16,250,2560,6,2158,68,144,2,788,770,2578,78,2270,60,72,3700,2,0,80,14,12,6,6,898,6,0,6,514,710,5614,12,0,26,30,0,6,26,1790,28,0,34,26,40,184,1608,4,2288,190,180,512,180,36454,84,6,2,156,0,1678,46,52,18,18,3534,60,72
AUT,0,10,8,0,48,10,0,380,660,678,0,3044,0,384,4,3346,28,0,34,68,732,16,2,112,544,6,2,28,1898,12,22,6,20,6,2996,5800,632,3382,22,48,30,10,2,708,0,6,72,186,2,0,460,2934,15412,0,0,2522,8,76,344,496,2,4812,646,82,1942,10,0,5990,2,0,30,10060,580,46,2,4,24,2,0,2116,2,16,24,12,6,2,1156,2,2046,282,1540,1322,804,26,220,1204,6926,14,116,2346,62,118,30,12,0,2,1260,46,6,88,8,10,0,136,230,0,732,194,580,0,272,22,46,16,0,834,0,138,8,130,10,94,36,22,0,0,6,18,484,38,8,6,124,10,2,4582,1830,44,0,758,32,742,42,258,88,0,4,2726,0,1908,36,84,0,320,1296,2346,16,570,10,28,572,0,0,4,0,4,6,0,1030,0,0,8,1266,1262,3316,10,0,4,12,0,4,12,692,12,0,0,4,12,116,1486,2,862,28,56,972,74,10650,80,8,0,60,2,186,4,6,38,2,934,24,14
AZE,0,0,0,2,6,0,0,212,212,386,0,248,384,0,0,28,2,0,0,6,98,0,0,8,234,0,0,0,392,0,2,0,4,0,246,396,220,434,0,0,2,0,0,220,0,0,0,154,0,0,12,382,466,0,0,384,0,10,2,38,0,268,18,10,172,0,0,416,0,0,4,670,260,6,0,0,0,0,0,378,0,0,0,0,0,0,184,0,394,160,186,12,136,16,6,216,416,0,12,410,38,8,8,0,0,0,174,12,0,10,0,2,0,2,4,0,10,4,12,0,214,0,12,0,0,166,0,2,0,4,0,8,2,2,0,0,0,0,34,4,0,0,18,0,0,392,396,2,0,14,0,188,0,160,4,0,0,426,0,270,2,68,0,8,386,708,0,32,2,0,4,0,0,0,0,0,2,0,242,0,0,0,376,226,384,2,0,0,0,0,0,2,162,4,0,0,0,0,10,694,0,232,2,12,206,0,508,14,0,0,18,0,42,0,0,6,4,386,4,6
BDI,0,0,0,0,2,0,0,0,2,0,0,10,4,0,0,30,14,0,10,2,0,0,0,0,2,0,0,0,4,4,2,0,2,0,8,12,2,32,4,16,16,2,0,2,0,0,0,0,0,0,0,2,4,0,0,6,2,2,0,4,0,2,2,12,4,0,0,16,0,0,0,24,0,6,0,2,2,0,0,2,0,0,2,0,0,2,2,2,2,2,8,2,0,2,0,2,2,0,2,4,0,26,0,2,0,2,4,0,0,0,2,4,0,0,2,0,2,0,0,0,10,0,0,6,0,4,0,2,12,2,0,0,0,4,4,0,2,2,2,2,0,8,6,2,0,6,2,0,0,2,2,2,0,6,4,0,0,2,0,2,2,2,0,0,4,0,12,2,6,12,2,0,0,0,0,0,2,0,2,0,0,0,0,0,2,0,0,0,0,0,0,4,12,0,0,0,0,0,0,4,0,0,24,16,0,0,28,0,0,0,0,0,2,0,0,0,0,10,6,4
BEL,2,8,18,2,48,8,0,226,746,296,0,4438,3346,28,30,0,136,0,146,132,776,16,4,90,370,6,8,54,2346,14,16,4,24,16,4452,5944,658,4546,100,250,360,58,0,706,4,8,70,162,10,4,496,2236,11462,0,0,3160,12,218,460,718,2,7602,846,352,2226,14,2,12252,2,4,42,15366,398,138,2,56,64,6,0,2252,6,10,38,30,8,10,926,8,1576,194,1672,1820,980,72,244,1370,9334,16,82,2668,84,342,40,60,0,22,1614,88,18,246,22,10,0,10,234,4,844,514,658,2,280,82,50,54,0,940,0,142,46,166,30,76,20,78,4,0,18,38,552,12,14,32,222,18,2,11118,2010,64,0,950,64,566,96,232,144,0,14,3014,0,2512,36,32,2,382,1232,1944,76,864,24,98,658,0,0,2,20,10,4,0,836,8,0,30,550,852,3978,6,0,10,20,0,8,34,590,6,0,0,4,16,316,1388,2,786,150,240,738,102,14218,70,0,0,82,4,510,2,6,26,10,1386,60,48
BEN,0,0,2,2,8,0,0,22,20,4,0,54,28,2,14,136,0,0,92,22,10,4,0,6,6,0,0,6,66,4,6,6,8,8,84,68,20,52,88,116,58,36,0,32,4,2,14,4,0,0,6,14,110,0,0,46,4,20,10,28,2,40,12,54,22,4,0,344,2,0,22,170,12,104,0,38,24,2,0,20,0,2,4,2,2,2,20,6,10,18,50,16,24,12,6,14,64,8,16,34,6,60,8,8,0,2,26,12,2,10,14,6,0,0,8,0,8,2,6,0,28,0,6,10,0,26,0,4,50,6,2,8,10,38,16,0,8,18,22,10,2,54,104,4,2,72,20,36,0,32,4,32,10,20,22,0,2,26,0,36,12,8,0,6,24,18,14,26,12,64,16,0,0,2,10,2,2,0,26,2,0,2,12,6,30,4,0,8,2,0,6,54,8,2,0,6,4,8,20,18,2,32,62,60,10,4,180,0,0,0,4,0,24,4,2,2,4,120,20,14
BES,2,0,0,0,0,0,0,0,0,0,0,0,0,0,0,0,0,0,0,0,0,0,0,0,0,0,0,0,0,0,0,0,0,0,2,0,0,0,0,0,0,0,0,0,0,0,0,0,2,0,0,0,0,0,0,0,2,0,0,0,0,0,0,0,0,0,0,4,0,0,0,0,0,0,0,0,0,0,0,0,0,0,0,2,0,0,0,0,0,0,0,0,0,0,0,0,2,0,0,0,0,0,0,0,0,0,0,0,0,0,0,0,0,0,0,0,0,0,0,0,0,0,0,0,0,0,0,0,0,0,0,0,0,0,0,0,0,0,0,0,0,0,0,0,0,12,0,0,0,0,0,0,0,0,0,0,0,0,0,0,0,0,0,0,0,0,0,0,0,0,0,0,0,0,0,0,0,0,0,0,0,2,0,0,0,0,0,0,0,0,0,0,0,0,0,0,0,0,0,0,0,0,0,0,0,0,10,0,0,0,0,0,0,0,0,0,0,0,0,0
BFA,0,2,2,0,2,0,0,10,10,2,0,54,34,0,10,146,92,0,0,28,10,0,0,2,2,0,0,2,26,0,2,6,0,8,80,128,20,26,130,96,54,56,0,10,4,0,12,0,0,0,8,12,174,0,0,38,0,12,6,22,2,40,0,64,24,2,0,396,2,0,18,290,12,146,0,38,48,6,0,12,0,0,2,0,0,2,6,10,12,10,44,12,10,2,0,8,54,2,4,40,6,100,6,18,0,0,24,2,8,6,18,0,0,0,4,2,8,8,6,0,14,0,0,36,0,12,0,8,140,10,6,0,10,28,20,0,2,40,6,2,0,100,104,2,2,80,24,18,0,16,2,16,2,8,12,0,10,14,0,18,8,2,0,0,20,10,22,8,12,110,18,0,0,0,20,2,0,0,8,2,0,0,6,6,30,8,0,6,8,0,28,102,28,0,0,6,2,8,20,8,2,12,82,92,8,2,350,0,0,0,6,0,38,4,2,2,4,116,26,16
BGD,0,16,2,2,4,0,0,86,78,22,0,1274,68,6,2,132,22,0,28,0,14,18,0,4,6,0,0,10,152,10,32,14,10,4,442,172,68,736,12,24,18,4,0,76,0,4,14,4,0,0,22,44,344,0,0,112,6,36,14,216,0,132,26,104,76,12,0,176,0,4,8,1048,24,62,0,2,30,8,0,66,0,2,6,2,4,2,32,4,18,160,682,56,94,64,10,38,198,6,54,1146,30,120,26,32,0,2,514,14,14,14,16,12,0,0,68,0,24,6,12,0,20,0,4,16,12,84,0,14,30,12,44,2,8,56,0,0,4,26,562,6,2,8,98,2,0,256,126,200,0,108,32,334,14,54,126,0,4,94,2,66,22,14,0,26,34,106,16,446,14,14,150,0,0,6,16,0,2,0,40,0,0,2,30,18,180,8,0,2,18,0,4,2,178,4,0,0,2,0,26,168,0,74,72,60,24,14,1712,0,0,0,14,0,196,0,0,0,10,188,16,22
BGR,0,2,2,0,60,8,0,110,182,352,0,622,732,98,0,776,10,0,10,14,0,6,4,74,376,2,0,6,608,2,2,0,6,0,362,824,180,660,8,16,16,0,0,420,0,2,14,8,0,0,336,756,1382,0,0,360,4,32,260,354,0,1078,392,12,542,4,0,1040,2,0,0,1460,418,14,0,0,10,0,0,658,0,2,18,2,0,2,546,0,678,24,490,440,350,24,80,302,1300,6,14,388,48,10,14,2,0,0,424,16,0,46,0,4,0,4,192,0,428,56,414,0,94,0,28,2,0,436,0,144,2,70,2,74,8,10,0,0,12,2,336,4,2,2,42,2,2,538,334,12,0,324,20,310,16,56,30,0,0,1052,0,668,20,72,0,250,452,972,2,292,8,14,74,0,0,2,0,4,8,0,662,0,0,0,332,310,428,2,0,2,8,0,4,14,368,14,4,0,4,6,40,608,2,438,4,8,460,10,1276,68,0,0,22,0,44,2,2,18,2,202,14,2
BHR,0,0,0,0,2,0,0,84,12,2,0,50,16,0,0,16,4,0,0,18,6,0,0,2,0,0,0,0,24,0,0,0,4,0,36,18,6,58,2,4,0,0,0,12,0,0,4,0,0,0,0,6,40,0,0,12,0,34,2,136,0,30,8,18,12,4,0,38,0,2,0,102,4,12,0,0,2,0,0,18,2,0,0,0,0,0,14,0,4,14,58,24,16,28,4,10,80,0,30,22,6,8,8,4,0,0,10,52,0,20,4,10,0,0,6,0,4,0,4,0,12,0,0,0,4,16,0,6,0,6,4,2,0,2,0,0,0,2,44,0,0,0,16,0,0,30,12,12,0,20,52,98,6,8,6,0,0,22,0,16,4,8,0,76,20,24,4,180,8,0,14,0,0,0,0,0,0,0,14,0,0,0,6,4,24,0,0,0,0,0,0,0,8,0,0,0,0,0,30,64,0,16,6,4,2,0,138,2,0,0,0,0,12,0,0,4,26,44,0,0
BHS,0,0,0,2,0,0,0,2,2,0,0,24,2,0,0,4,0,0,0,0,4,0,0,0,0,0,0,0,2,8,0,0,0,0,34,8,2,12,0,0,0,0,0,4,0,0,12,4,2,4,0,0,22,0,0,0,2,2,2,2,0,12,0,0,0,0,0,12,0,0,0,42,0,0,0,0,0,0,0,4,0,0,0,0,2,0,4,0,0,4,8,2,0,0,2,16,6,12,0,6,0,4,0,0,0,0,0,0,0,0,2,0,0,0,0,0,0,0,0,0,0,0,0,0,0,6,0,0,0,0,0,0,0,0,0,0,0,0,0,0,0,0,0,0,0,0,4,0,0,4,0,4,2,0,2,0,0,2,0,4,0,0,0,2,2,0,0,6,0,0,0,0,0,0,0,0,0,0,0,0,0,0,0,0,2,0,0,2,0,2,0,0,0,0,0,0,0,6,0,4,0,2,0,0,0,0,104,0,0,0,0,0,0,0,0,0,0,10,0,0
BIH,0,0,0,0,44,2,0,12,36,14,0,66,112,8,0,90,6,0,2,4,74,2,0,0,24,0,2,2,50,6,6,0,4,0,60,92,32,52,2,8,2,2,0,34,0,2,10,8,0,0,38,108,210,0,0,86,2,8,8,36,0,128,70,4,76,4,0,112,4,0,0,242,52,8,0,0,4,0,0,102,0,2,16,0,0,0,388,0,76,10,50,58,30,6,38,64,170,6,10,42,14,8,14,0,0,0,34,14,0,18,0,6,0,2,20,0,86,22,66,0,12,2,24,0,0,40,0,96,0,22,2,54,2,6,0,0,2,4,38,2,2,0,12,2,2,96,80,6,0,32,2,14,8,30,24,0,0,116,0,88,8,6,0,28,104,106,0,42,4,8,32,0,0,2,0,2,4,0,608,0,0,0,74,172,112,4,0,2,2,0,2,2,24,6,0,0,4,2,16,122,2,36,2,12,66,10,194,6,0,0,6,0,8,2,2,44,2,44,4,4
BLR,0,0,0,0,20,2,0,220,238,496,0,518,544,234,2,370,6,0,2,6,376,0,0,24,0,0,0,2,516,2,2,0,2,0,288,564,220,710,0,12,4,0,0,484,0,0,4,2,0,0,268,554,776,0,0,312,2,8,246,278,0,592,328,2,370,2,0,712,2,0,0,940,502,4,0,0,2,0,0,544,0,0,2,0,0,0,300,2,520,6,334,300,300,6,26,286,660,4,14,276,92,8,8,2,0,2,302,4,0,22,0,16,0,2,166,0,410,18,306,0,214,0,12,2,0,280,0,42,0,18,0,44,6,4,0,0,2,2,278,0,0,4,8,4,2,328,300,2,0,256,4,254,4,8,12,0,0,792,0,586,12,66,0,236,308,1752,4,244,8,4,16,0,0,0,0,4,4,0,520,0,0,0,272,248,346,0,0,0,2,0,2,6,254,4,0,0,2,2,8,548,2,484,0,4,444,14,780,66,0,0,2,0,42,2,2,6,0,260,4,4
BLZ,0,2,2,0,2,2,0,4,2,4,0,18,6,0,0,6,0,0,0,0,2,0,0,0,0,0,0,2,10,0,0,0,0,0,10,6,8,4,0,0,2,0,0,6,0,0,6,0,0,0,0,6,6,0,0,4,2,2,6,4,0,10,2,0,2,0,0,6,0,0,0,36,2,2,0,0,2,0,0,4,2,0,4,0,0,2,2,0,2,2,6,2,2,0,2,4,12,0,0,6,0,6,0,0,0,0,0,0,0,0,0,0,0,0,2,0,2,2,2,0,2,0,0,0,0,16,0,0,0,2,0,0,0,0,0,0,0,2,4,0,0,0,2,2,0,10,2,0,0,6,4,4,6,2,4,0,0,4,0,6,2,2,0,2,4,10,0,4,0,2,4,0,0,0,0,2,0,0,2,0,0,2,2,4,2,0,0,0,0,0,0,0,2,0,0,0,0,0,2,6,0,4,0,2,2,6,58,0,0,0,6,0,0,0,2,0,0,8,0,0
BMU,0,0,0,0,0,0,0,2,2,0,0,16,2,0,0,8,0,0,0,0,0,0,0,2,0,0,0,0,8,4,0,0,2,0,6,8,2,6,0,2,0,2,0,2,0,0,2,2,0,0,4,2,18,0,0,6,0,0,0,2,0,12,0,0,4,2,0,12,0,0,0,44,0,0,0,0,2,0,0,6,0,0,0,0,0,0,0,0,2,2,2,6,2,0,4,8,14,2,2,8,0,0,0,0,0,0,6,2,0,2,0,0,2,2,2,0,0,2,0,0,2,6,0,0,0,8,0,0,0,0,0,0,0,2,0,0,0,2,2,0,4,0,2,0,0,2,8,2,0,10,0,2,0,4,0,2,0,4,0,4,0,0,0,2,2,2,0,4,2,2,2,0,0,0,0,0,0,0,2,0,0,0,0,0,4,2,0,2,0,0,0,0,0,0,0,0,0,2,0,2,0,6,0,2,2,2,72,0,0,0,0,0,2,0,0,0,0,6,0,0
BOL,0,4,2,0,4,4,0,6,114,2,0,64,28,0,0,54,6,0,2,10,6,0,0,2,2,2,0,0,178,2,2,2,0,2,56,64,108,34,14,14,4,0,0,126,0,0,40,18,0,0,2,16,100,0,0,20,14,2,78,14,0,128,14,8,20,4,0,116,2,0,4,146,6,6,0,0,4,0,0,6,0,0,22,10,14,18,4,0,14,14,30,6,10,2,2,12,60,2,6,30,2,24,2,2,0,0,18,4,0,2,4,2,0,0,6,0,8,2,6,0,4,0,0,0,0,102,0,4,0,6,0,0,2,2,0,0,2,0,20,0,4,0,8,12,2,46,24,4,0,30,6,8,46,136,8,0,0,22,0,20,28,8,0,0,14,22,0,10,6,6,22,0,0,0,2,12,0,0,10,0,0,6,6,6,110,0,0,0,6,0,2,2,16,0,0,0,2,2,4,12,2,16,8,10,8,42,246,2,0,0,58,0,10,2,4,2,0,22,6,2
BRA,0,8,36,2,28,6,0,466,2836,678,2,4612,1898,392,4,2346,66,0,26,152,608,24,2,50,516,10,8,178,0,48,20,6,40,4,5614,3174,2358,3866,42,96,44,4,0,2696,0,22,374,504,2,0,340,1712,7162,0,2,2080,68,176,800,682,4,7002,466,114,1616,14,2,6956,2,4,22,10904,552,104,2,8,32,12,0,1552,12,6,128,56,24,110,814,24,1346,342,2634,1236,890,54,106,1024,6100,40,120,2580,54,176,34,28,0,8,1568,72,10,154,14,18,0,8,268,2,546,78,506,0,320,76,28,28,2,2424,0,90,20,76,4,62,20,212,4,0,26,54,642,36,10,14,314,52,2,3738,1212,80,0,948,80,890,236,1210,278,2,10,2118,2,5362,166,86,0,364,1018,2346,22,706,46,90,634,0,0,2,6,38,2,2,772,0,4,32,688,612,2306,12,0,6,20,0,6,18,920,12,0,0,4,24,170,1364,2,1120,80,104,882,778,20988,70,22,2,390,0,358,2,8,12,6,1628,46,46
BRB,0,0,0,0,4,0,0,4,16,0,0,32,12,0,4,14,4,0,0,10,2,0,8,6,2,0,4,2,48,0,8,0,4,0,50,14,18,26,2,8,0,0,0,28,0,6,6,8,6,4,2,6,34,0,2,12,6,4,16,8,0,28,8,10,16,8,0,34,0,0,4,130,6,4,0,0,2,0,0,8,0,2,4,4,0,8,4,2,12,14,20,8,14,2,10,10,24,32,6,12,2,12,6,2,0,2,12,6,0,2,0,2,4,0,2,0,12,2,2,0,10,4,6,4,0,20,0,4,0,12,2,2,0,4,0,0,4,4,14,0,2,0,10,2,0,30,12,2,0,20,4,4,8,18,14,0,0,12,0,16,8,4,0,4,10,4,2,6,4,2,18,0,0,2,0,2,2,0,8,0,0,2,6,2,18,0,0,4,2,0,0,0,10,2,0,0,2,26,2,12,0,18,2,2,0,12,122,0,0,0,14,0,4,0,4,0,2,22,2,0
BRN,0,0,0,0,6,0,0,8,12,0,0,120,22,2,2,16,6,0,2,32,2,0,0,6,2,0,0,2,20,8,0,0,2,0,52,22,14,140,4,6,0,0,0,16,0,2,6,6,0,0,2,14,50,0,0,10,4,8,14,16,0,18,8,6,14,2,0,28,0,0,2,162,6,6,0,0,0,0,0,24,0,2,4,2,2,2,6,2,10,72,46,8,14,10,6,8,30,2,6,40,4,6,2,10,0,2,50,4,10,4,2,12,0,0,18,0,8,2,4,0,6,0,6,2,2,14,0,2,2,6,14,2,2,4,0,0,2,6,152,0,2,2,22,2,0,22,16,4,0,16,10,28,8,12,28,0,2,16,0,16,8,4,0,10,14,12,4,24,2,2,56,0,0,2,0,0,2,0,14,0,0,2,10,4,22,0,0,2,0,0,0,0,30,2,0,0,2,0,6,12,0,34,10,6,0,8,68,2,0,0,8,0,22,0,0,0,6,20,2,0
BTN,0,6,0,0,0,0,0,2,4,0,0,58,6,0,0,4,6,0,6,14,0,0,0,0,0,0,0,2,6,0,0,0,0,0,6,26,4,18,4,4,0,0,0,2,4,0,8,0,0,0,0,2,12,0,0,2,0,0,4,0,0,8,0,4,2,0,0,10,0,0,0,36,4,4,0,0,2,0,0,2,0,0,2,0,0,2,0,0,0,8,62,4,2,0,2,0,10,0,0,24,6,8,0,12,0,0,8,0,2,4,4,0,0,0,10,0,0,2,0,0,2,0,0,4,0,4,0,0,2,0,16,0,8,2,0,0,0,2,12,0,0,0,4,2,0,12,6,36,0,10,2,14,4,0,8,0,0,2,2,4,0,0,0,0,4,0,0,0,0,0,6,0,0,0,0,2,0,0,0,0,0,0,0,2,8,6,0,4,0,0,2,4,32,0,0,6,0,6,0,0,0,2,8,4,2,2,56,0,0,0,2,0,14,0,0,0,0,12,2,0
BWA,0,0,2,2,6,0,0,14,18,0,0,90,20,4,2,24,8,0,0,10,6,4,0,4,2,0,2,0,40,4,2,0,0,0,76,60,30,48,8,36,12,8,0,20,0,0,4,0,0,0,2,12,46,0,0,22,4,4,6,22,0,34,6,82,20,4,0,70,0,4,2,332,2,36,0,2,8,0,0,14,0,0,4,2,0,2,12,12,6,18,80,14,16,14,6,10,36,4,14,28,4,96,6,8,0,2,12,4,4,2,2,2,0,2,10,8,8,4,2,0,12,2,2,4,0,26,0,4,18,4,2,0,2,14,0,0,4,34,36,52,2,4,56,4,0,38,30,16,0,20,2,28,8,18,10,0,2,34,0,20,10,4,0,8,18,22,12,30,6,6,18,0,0,0,0,2,2,0,18,2,0,0,8,8,56,10,0,4,0,0,4,2,30,0,0,0,0,2,4,18,0,16,48,54,10,2,480,0,0,0,2,0,22,0,0,4,2,440,34,82
CAF,0,2,2,0,0,0,0,0,0,0,0,6,6,0,0,16,8,0,8,4,0,0,0,0,0,0,0,2,4,0,0,0,0,0,2,6,0,6,12,20,10,12,0,0,0,0,0,0,0,0,0,12,12,0,0,4,0,0,0,2,2,4,0,2,2,0,0,44,0,0,10,28,0,4,0,4,4,4,0,2,0,0,2,2,2,0,0,0,0,4,2,4,2,2,0,0,2,0,2,2,0,4,0,4,0,0,0,0,4,0,6,0,0,0,0,0,2,2,0,0,2,0,0,2,0,0,0,0,8,0,2,0,0,4,2,0,0,4,2,0,0,6,6,0,0,4,0,4,0,4,0,4,2,2,2,0,2,2,0,4,2,0,0,0,0,2,6,0,4,8,0,0,0,0,0,0,0,0,0,2,0,2,0,0,4,0,0,0,0,0,2,8,4,0,0,0,0,0,4,0,0,0,4,6,2,0,22,0,0,0,0,0,0,2,0,0,2,4,0,4
CAN,4,10,18,2,30,8,0,1192,1518,276,6,12344,2996,246,8,4452,84,2,80,442,362,36,34,60,288,10,6,56,5614,50,52,6,76,2,0,6842,1712,22906,64,160,82,24,0,1076,0,8,168,118,18,8,174,1936,14532,0,8,3896,52,356,228,1636,4,7552,400,272,2164,52,20,13308,6,6,24,24320,342,230,12,22,34,6,0,1678,32,72,74,18,12,18,514,36,1252,266,3698,1902,3702,146,358,2808,8912,52,352,5930,80,442,40,50,4,18,3038,224,28,402,16,56,2,8,184,4,274,246,156,0,564,80,62,50,4,1910,0,104,32,112,28,16,54,68,0,0,10,152,898,58,38,10,436,24,2,8272,2774,144,0,2122,176,1000,192,318,340,2,14,2710,2,1948,82,128,0,526,920,2446,84,2072,42,90,2004,0,0,12,14,18,6,6,626,0,0,6,526,646,4990,14,2,12,32,0,10,30,782,14,0,0,8,44,398,1644,2,1924,192,310,332,178,58648,12,8,0,150,4,472,32,6,16,26,2422,112,84
CHE,2,14,16,0,64,14,0,504,1004,758,0,6160,5800,396,12,5944,68,0,128,172,824,18,8,92,564,6,8,64,3174,14,22,26,60,6,6842,0,1096,5982,146,152,126,84,0,960,4,6,102,220,0,0,504,2828,23374,0,0,4036,16,192,370,628,10,8730,788,230,2716,24,4,14466,0,2,34,21310,628,180,6,52,68,4,6,3092,6,10,42,24,8,42,1050,16,2012,348,2626,1924,1008,38,308,2054,13358,32,102,4064,66,454,72,92,2,26,2098,58,52,202,22,8,0,132,254,20,822,302,610,0,362,96,56,64,4,1172,0,126,66,170,48,68,42,122,6,0,22,152,582,44,22,40,312,4,0,9224,2722,142,0,1180,48,708,76,454,334,0,32,3628,6,2700,50,82,0,412,1572,3030,54,778,40,100,1230,0,0,4,30,4,10,4,1094,6,2,14,1004,1018,5310,28,0,20,16,0,30,32,1080,28,0,12,2,18,154,1782,0,1284,338,214,1024,94,25758,76,2,0,90,4,360,2,0,12,12,2106,94,100
CHL,0,4,14,0,24,4,0,322,1540,252,0,1900,632,220,2,658,20,0,20,68,180,6,2,32,220,8,2,108,2358,18,14,4,30,0,1712,1096,0,1520,18,36,14,4,2,1244,0,8,242,124,0,0,30,538,3004,0,0,800,22,56,376,146,0,4544,118,34,390,12,8,2646,2,0,2,4276,256,28,4,0,18,2,0,512,2,4,82,10,8,20,130,6,430,78,778,244,356,20,52,584,2026,20,32,1030,32,50,20,8,0,8,444,20,4,40,8,8,0,0,50,0,100,26,66,0,276,10,12,12,0,1326,0,56,2,30,6,10,8,24,0,0,6,16,166,20,6,4,68,28,2,1276,466,32,0,386,38,138,86,554,84,2,0,730,0,848,162,74,0,46,366,700,10,228,20,22,192,0,0,2,4,26,2,0,400,0,0,8,308,304,900,0,0,6,12,0,12,4,156,16,0,0,4,8,46,530,2,506,16,24,116,308,6180,6,62,0,236,0,94,2,8,6,2,808,16,18
CHN,0,26,8,2,44,4,0,1406,978,734,0,32122,3382,434,32,4546,52,0,26,736,660,58,12,52,710,4,6,34,3866,26,140,18,48,6,22906,5982,1520,0,42,176,62,20,2,1120,12,14,96,270,4,4,398,2636,21394,4,0,5380,30,524,456,3020,24,7282,700,410,3688,28,8,13948,4,4,16,39890,654,654,2,26,34,10,4,2334,10,12,50,6,12,42,924,4,1870,862,7262,2428,2994,434,238,2446,9046,34,274,19312,508,486,76,116,0,14,11454,258,58,180,10,48,2,8,462,4,696,264,488,0,402,68,50,28,0,1902,0,104,40,76,250,68,272,48,6,0,84,90,3054,34,26,14,816,10,2,8476,3184,398,2,3514,200,8632,104,400,770,2,12,3486,146,2528,40,118,0,1040,1522,6272,68,5282,366,48,13468,0,2,2,36,8,2,2,1014,6,4,4,908,944,7488,16,2,4,72,0,14,32,2526,64,0,0,4,10,342,2586,2,10126,242,102,1242,140,131972,226,6,2,110,0,1834,4,10,6,108,2686,72,62
CIV,0,2,6,0,6,2,0,2,10,0,0,42,22,0,4,100,88,0,130,12,8,2,0,2,0,0,0,14,42,2,4,4,8,12,64,146,18,42,0,106,62,24,0,18,0,2,8,4,0,0,2,20,158,0,0,30,6,12,14,12,2,28,6,36,12,2,0,416,0,0,34,188,4,82,0,44,24,4,0,18,0,2,6,14,10,6,6,6,14,22,36,8,12,4,4,8,44,4,4,28,8,94,2,12,0,0,12,2,10,6,16,0,0,0,8,6,8,4,6,0,38,0,4,30,0,20,0,4,74,6,4,2,2,32,16,0,20,22,14,6,4,46,66,4,0,58,10,18,0,20,2,16,18,28,20,0,6,14,0,12,4,2,0,0,24,24,26,6,8,112,12,0,0,2,16,4,0,0,8,4,0,8,20,6,26,2,0,6,0,0,16,80,28,4,0,0,2,2,12,26,0,6,58,56,6,4,232,0,0,0,8,0,30,2,0,2,4,66,16,12
CMR,0,4,0,0,8,0,0,30,46,4,0,108,48,0,16,250,116,0,96,24,16,4,0,8,12,0,2,14,96,8,6,4,36,20,160,152,36,176,106,0,82,62,0,46,0,2,20,8,0,0,8,36,352,0,0,34,4,18,22,66,2,92,16,66,32,8,0,634,2,0,50,480,18,128,0,30,38,2,2,36,0,2,10,4,6,4,22,6,24,48,152,26,78,16,6,28,218,8,28,96,8,158,10,14,4,2,40,14,2,14,18,6,0,2,18,4,12,4,6,0,48,2,8,26,0,60,0,6,70,10,10,8,6,36,12,0,6,32,52,12,6,36,184,8,2,112,22,38,0,44,6,82,32,28,38,0,4,40,0,46,12,10,0,12,48,58,18,44,22,98,40,0,0,2,18,6,2,2,28,2,0,4,10,4,56,4,0,2,12,0,12,48,22,8,0,0,4,2,42,100,2,36,82,70,16,16,578,0,0,0,8,0,58,4,6,2,4,350,28,24
COD,0,2,12,2,4,2,0,20,26,2,0,58,30,2,16,360,58,0,54,18,16,0,0,2,4,2,0,4,44,0,0,0,12,10,82,126,14,62,62,82,0,40,0,26,0,0,8,4,0,0,10,24,108,0,0,24,4,10,10,30,2,38,2,48,24,2,0,192,2,0,28,240,10,50,0,30,18,2,0,20,0,0,18,0,0,6,18,6,14,24,44,20,22,4,2,22,50,6,10,50,2,82,6,10,0,0,38,4,10,4,8,2,0,0,8,4,16,6,8,0,16,0,4,24,0,32,0,8,38,10,8,4,2,38,22,0,4,32,10,10,0,30,68,6,2,74,30,14,0,20,4,42,10,24,14,0,6,26,0,36,12,6,0,2,18,24,14,16,10,58,22,0,0,0,4,6,0,2,18,4,0,0,8,10,42,2,0,0,10,0,10,26,22,0,0,0,2,10,20,16,2,14,58,82,20,4,376,0,0,0,10,4,36,4,2,2,4,130,40,20
COG,0,4,4,0,2,0,0,2,2,2,0,24,10,0,2,58,36,0,56,4,0,0,0,2,0,0,2,0,4,0,0,0,8,12,24,84,4,20,24,62,40,0,0,2,0,0,2,0,0,0,2,6,94,0,0,26,0,0,0,12,0,16,0,14,8,0,0,108,0,0,26,170,0,34,0,24,24,2,0,4,0,0,0,0,0,0,0,0,2,8,24,2,2,0,2,0,42,0,2,8,0,36,0,6,0,0,4,2,4,2,6,0,0,2,2,0,0,2,0,0,8,2,0,8,0,6,0,0,14,0,2,0,2,18,14,0,2,12,4,8,2,28,34,0,0,26,10,2,0,2,6,4,2,2,12,0,0,2,0,16,0,0,0,2,2,2,14,2,12,26,8,0,0,0,16,0,0,0,2,4,2,0,0,0,12,2,0,4,0,0,10,24,8,0,0,0,0,0,0,6,0,2,20,30,2,2,178,0,0,0,0,4,22,0,0,0,0,48,16,42
COK,0,0,0,0,0,0,0,0,2,0,0,12,2,0,0,0,0,0,0,0,0,0,0,0,0,0,0,0,0,0,0,0,0,0,0,0,2,2,0,0,0,0,0,0,0,0,0,0,0,0,0,0,2,0,0,2,0,0,0,0,0,2,0,0,0,4,0,10,0,2,0,8,0,0,0,0,0,0,0,0,0,0,0,0,0,0,0,0,2,0,0,0,0,0,0,0,2,2,0,2,0,0,0,0,0,0,2,0,0,0,0,0,0,0,0,0,0,0,0,0,0,0,0,0,0,0,0,0,0,0,0,0,0,0,0,0,0,0,0,0,6,0,0,0,2,0,0,0,0,16,0,0,0,0,4,0,4,0,0,0,0,0,0,0,0,2,0,0,0,0,0,0,0,2,0,0,0,0,0,0,0,0,0,0,0,0,0,0,0,0,0,0,0,0,0,0,4,0,0,0,2,0,0,0,0,0,14,0,0,0,0,0,0,0,8,0,0,0,0,0
COL,4,2,4,2,16,4,0,322,1188,482,0,1170,708,220,2,706,32,0,10,76,420,12,4,34,484,6,2,126,2696,28,16,2,20,0,1076,960,1244,1120,18,46,26,2,0,0,0,2,236,120,0,2,284,680,1666,0,0,552,50,122,714,386,0,3152,338,82,514,16,0,1702,2,4,8,2524,526,54,0,0,16,2,0,668,8,2,78,24,14,112,360,4,600,86,684,490,542,44,40,430,1392,28,52,534,28,94,28,12,0,2,504,42,2,64,10,6,0,4,214,0,334,18,304,0,266,2,18,10,0,1814,0,56,6,50,2,50,6,28,0,0,8,20,424,8,10,4,122,54,2,990,456,42,0,490,40,406,200,526,226,2,2,890,0,870,102,74,0,272,488,838,10,410,22,28,178,0,0,2,0,28,4,0,580,0,0,10,306,304,604,4,0,6,16,0,6,16,328,4,0,2,4,4,52,668,2,602,34,46,438,194,4400,62,2,0,386,0,222,2,8,4,8,536,20,26
COM,0,0,0,0,0,0,0,0,0,0,0,0,0,0,0,4,4,0,4,0,0,0,0,0,0,0,0,0,0,0,0,4,0,0,0,4,0,12,0,0,0,0,0,0,0,0,4,0,0,0,0,0,4,0,0,0,0,0,0,6,0,0,0,0,0,0,0,10,0,0,0,4,4,0,0,0,0,0,0,0,0,0,0,0,0,0,0,0,0,0,4,0,0,0,0,0,2,0,0,0,2,4,0,2,0,0,0,0,0,2,4,0,0,0,0,0,0,0,0,0,2,0,0,6,0,0,0,0,0,0,0,0,4,2,0,0,0,0,0,0,0,0,0,0,0,4,0,4,0,2,0,2,0,0,0,0,0,0,0,2,0,0,0,0,6,0,0,0,0,0,0,0,0,0,0,0,0,0,0,0,0,0,0,0,0,4,0,4,0,0,0,4,0,0,0,4,0,4,0,0,0,0,4,4,0,0,6,0,0,0,0,0,0,0,0,0,0,4,2,0
CPV,0,0,8,0,2,0,0,2,6,0,0,4,6,0,0,8,2,0,0,4,2,0,0,2,0,0,0,0,22,6,2,0,0,0,8,6,8,14,2,2,0,0,0,2,0,0,2,2,0,0,2,4,8,0,0,2,2,2,4,4,0,26,2,2,4,2,0,10,0,0,0,18,4,2,0,0,0,4,0,2,0,2,0,0,0,0,2,0,4,2,6,2,4,0,2,2,10,2,2,4,4,2,4,0,0,0,2,2,0,2,0,0,0,0,0,0,4,2,2,0,2,0,2,0,0,6,0,2,0,6,2,2,0,12,0,0,2,2,2,2,0,0,2,0,0,6,2,2,0,4,0,4,2,4,2,0,0,6,0,52,2,2,0,0,4,2,0,2,0,6,2,0,0,2,0,0,0,0,2,0,4,0,2,2,4,0,0,2,2,0,0,0,2,2,0,0,2,0,2,8,0,2,2,2,0,2,20,0,0,0,2,0,4,0,0,0,2,8,0,0
CRI,0,2,2,0,10,4,0,16,196,8,0,160,72,0,0,70,14,0,12,14,14,4,12,10,4,6,2,40,374,6,6,8,4,0,168,102,242,96,8,20,8,2,0,236,4,2,0,36,0,0,10,24,286,0,0,60,26,14,120,22,0,340,26,20,50,6,0,194,2,0,2,326,20,12,0,0,6,0,0,44,0,2,46,6,4,34,16,0,26,24,74,26,36,2,12,32,140,6,18,70,10,42,8,0,0,0,48,8,4,18,8,0,0,2,16,0,12,6,12,0,14,2,2,8,0,356,0,8,2,18,4,4,12,12,0,0,4,4,36,0,6,0,24,34,2,138,46,14,0,74,6,28,110,146,18,0,2,36,0,64,24,8,0,6,28,46,0,38,4,10,30,0,0,2,0,28,0,0,30,0,0,4,22,26,84,6,0,10,2,0,2,6,22,2,0,6,4,12,8,42,2,32,16,26,8,76,780,0,0,0,80,0,38,2,2,4,2,76,2,4
CUB,0,0,6,0,2,0,0,4,118,158,0,56,186,154,0,162,4,0,0,4,8,0,4,8,2,0,2,18,504,8,6,0,0,0,118,220,124,270,4,8,4,0,0,120,0,2,36,0,0,2,4,178,318,0,0,180,36,10,152,20,0,378,6,2,180,4,0,316,0,0,0,316,10,4,0,2,0,2,0,184,0,2,16,0,2,6,168,4,176,176,202,18,12,0,6,18,296,6,10,220,4,6,2,0,0,0,182,4,0,2,0,0,0,0,2,0,16,10,2,0,2,4,6,2,0,588,0,2,0,2,2,2,0,4,0,0,2,2,18,0,4,0,8,10,0,230,180,2,0,18,0,178,26,224,18,4,0,194,0,48,24,2,0,8,188,212,0,14,0,4,16,0,0,2,0,16,0,0,16,0,0,2,176,8,218,0,0,4,0,0,0,2,166,2,0,0,2,0,8,186,0,24,2,6,158,48,482,0,0,0,68,0,18,0,0,0,2,196,0,0
CUW,0,0,0,0,0,0,0,0,0,0,0,8,2,0,0,10,0,2,0,0,0,0,2,0,0,0,0,0,2,6,0,0,0,0,18,0,0,4,0,0,0,0,0,0,0,0,0,0,0,2,0,6,22,0,0,2,0,0,0,0,0,12,4,0,4,0,0,10,0,0,0,22,0,0,0,0,0,0,0,2,0,0,0,0,0,0,0,0,0,2,0,0,0,0,0,6,22,0,4,14,0,0,0,0,0,0,0,0,0,0,0,0,0,0,0,0,0,0,0,0,0,0,0,0,0,2,0,0,0,0,0,0,0,0,0,0,0,0,0,0,0,0,0,0,0,82,0,0,0,0,0,0,0,2,0,0,0,4,0,2,0,0,0,6,0,4,0,6,0,0,0,0,0,0,0,0,0,0,2,0,0,0,0,0,2,0,0,0,0,0,0,0,0,0,0,0,0,6,0,0,0,0,0,2,0,0,56,0,0,0,2,0,0,0,0,0,0,0,0,0
CYM,0,0,0,0,0,0,0,0,0,0,0,6,0,0,0,4,0,0,0,0,0,0,4,0,0,0,0,0,0,4,0,0,0,0,8,0,0,4,0,0,0,0,0,2,0,0,0,2,2,0,0,0,4,0,0,0,4,2,0,0,0,4,0,0,0,0,0,8,0,0,0,12,0,0,0,0,0,0,0,2,0,0,0,0,0,0,0,2,2,2,0,2,0,0,0,0,2,4,0,2,0,0,0,0,0,0,0,0,0,0,0,0,0,0,0,0,0,0,0,0,0,2,0,0,0,0,0,0,0,0,0,0,0,0,0,0,0,0,2,0,0,0,0,0,0,0,2,0,0,0,0,0,0,0,0,0,0,2,0,0,0,0,0,0,0,0,0,2,0,0,0,0,0,0,0,0,0,0,0,0,0,0,0,0,0,0,0,0,0,0,0,0,2,0,0,0,0,4,0,2,0,0,0,0,0,0,22,0,0,0,0,0,0,0,0,0,0,2,0,0
CYP,0,2,0,0,22,4,0,36,38,260,0,426,460,12,0,496,6,0,8,22,336,0,0,38,268,0,4,2,340,2,2,0,2,0,174,504,30,398,2,8,10,2,0,284,0,2,10,4,0,0,0,420,816,0,0,204,2,28,248,304,0,754,344,12,424,4,0,708,2,0,2,1446,276,4,0,0,4,0,0,1538,0,2,0,0,0,0,388,0,370,12,352,400,344,16,54,178,914,4,26,126,24,6,10,0,0,0,302,18,0,62,0,8,0,4,168,0,340,38,296,0,18,6,28,0,0,282,0,50,0,74,2,72,8,10,0,0,2,4,264,0,2,0,38,2,2,304,174,8,0,290,12,318,6,20,8,0,0,482,0,502,10,18,0,252,170,390,0,264,12,6,54,4,0,2,0,2,4,0,350,0,0,0,82,110,254,4,0,2,10,0,2,4,262,8,0,0,4,4,22,690,2,284,4,6,300,8,956,58,0,0,16,2,24,2,2,8,4,82,2,4
CZE,0,4,2,0,42,8,0,292,610,672,0,1818,2934,382,2,2236,14,0,12,44,756,6,0,108,554,6,2,16,1712,6,14,2,12,12,1936,2828,538,2636,20,36,24,6,0,680,0,4,24,178,6,0,420,0,6426,0,0,1672,10,74,316,468,4,3738,650,48,1634,2,2,4484,0,0,8,6212,572,34,0,4,6,0,0,1658,0,4,22,10,4,6,1066,2,1970,212,1558,1014,754,40,186,978,4582,6,30,1844,94,36,28,6,0,0,1316,56,0,100,4,10,0,12,194,0,750,114,606,0,252,6,48,12,0,808,0,128,0,114,4,70,14,14,0,0,18,10,592,10,6,0,62,2,0,2650,1320,26,0,582,30,622,56,256,70,0,34,3862,0,1686,26,72,0,288,1182,2962,8,456,12,18,298,0,0,2,2,2,8,4,978,0,0,4,3020,1026,2384,2,0,2,12,0,2,6,598,10,4,0,2,2,90,1514,0,926,22,18,1134,78,6212,94,2,0,74,4,204,0,2,14,8,838,6,6
DEU,0,16,38,2,92,14,0,842,2332,866,0,13810,15412,466,4,11462,110,0,174,344,1382,40,22,210,776,6,18,100,7162,34,50,12,46,12,14532,23374,3004,21394,158,352,108,94,2,1666,4,8,286,318,22,4,816,6426,0,4,0,9334,20,394,598,2500,8,19454,1372,428,5904,40,10,27408,6,6,142,45054,812,402,10,48,60,10,0,5410,20,38,78,18,14,48,1950,6,4342,850,5840,3656,2774,196,668,5214,24804,26,436,10956,260,628,110,52,0,8,5126,172,28,348,34,22,0,76,338,0,1298,1006,942,0,596,124,230,126,2,2556,2,240,58,288,32,112,230,98,8,0,30,72,1128,116,38,30,500,18,2,22110,5872,224,0,2490,188,1768,226,564,438,6,24,8942,14,5046,74,160,0,692,2864,10714,82,2150,108,142,2550,4,4,2,28,14,8,0,1782,4,0,6,1668,1888,12646,30,0,12,54,0,10,54,1390,46,2,8,4,28,488,3858,2,2686,380,244,2262,248,60270,154,20,2,202,8,1058,12,6,66,38,3546,100,64
DJI,0,0,0,0,0,0,0,0,0,0,0,0,0,0,0,0,0,0,0,0,0,0,0,0,0,0,0,0,0,0,0,0,0,0,0,0,0,4,0,0,0,0,0,0,0,0,0,0,0,0,0,0,4,0,0,0,0,0,0,0,0,0,0,2,0,0,0,22,0,0,0,2,0,0,0,0,0,0,0,0,0,0,0,0,0,0,0,0,0,0,0,0,0,0,0,0,2,0,0,0,0,0,0,0,0,0,2,0,0,0,0,0,0,0,0,0,0,0,0,0,0,0,0,0,0,0,0,0,0,0,0,0,0,0,0,0,0,0,0,0,0,0,0,0,0,0,0,0,0,0,0,0,0,0,0,0,0,0,0,0,0,0,0,0,0,0,0,0,0,0,0,0,0,0,0,0,0,0,0,0,0,0,0,0,2,0,0,0,0,0,0,0,0,0,0,0,0,0,4,0,0,2,0,0,0,0,10,0,0,0,0,0,0,0,0,0,0,0,0,0
DMA,2,0,0,0,0,0,0,0,0,0,2,2,0,0,0,0,0,0,0,0,0,0,0,0,0,0,0,0,2,2,0,0,0,0,8,0,0,0,0,0,0,0,0,0,0,0,0,0,0,0,0,0,0,0,0,0,2,0,2,0,0,4,0,0,0,0,0,4,0,0,0,14,0,0,0,0,0,0,0,0,2,0,0,0,0,0,0,0,0,0,0,0,0,0,0,0,0,0,0,2,0,0,0,0,0,10,0,0,0,0,0,0,8,0,0,0,0,0,0,0,0,0,0,0,0,0,0,0,0,0,0,0,0,0,0,2,0,0,0,0,0,0,4,0,0,2,0,0,0,0,0,0,0,0,0,0,0,0,0,0,0,0,0,0,0,0,0,0,0,0,0,0,0,0,0,0,0,0,0,0,0,0,0,0,2,0,0,0,0,0,0,0,0,0,0,0,0,4,0,0,0,0,0,0,2,2,50,0,0,4,0,0,0,4,0,0,0,2,0,0
DNK,0,8,6,2,40,6,0,398,706,422,0,4490,2522,384,6,3160,46,0,38,112,360,12,0,86,312,4,6,20,2080,12,10,2,22,4,3896,4036,800,5380,30,34,24,26,2,552,0,2,60,180,2,0,204,1672,9334,0,0,0,6,86,74,260,0,5226,582,128,2792,8,0,5766,26,2,18,13444,332,150,0,0,32,84,0,1748,2,184,28,8,4,2,674,0,1340,268,1376,1394,924,34,790,1290,5792,16,52,2212,52,160,34,20,0,26,1222,68,12,76,10,6,0,10,102,0,556,216,406,0,276,16,74,16,4,690,0,122,12,140,10,44,24,34,0,0,14,34,334,26,8,14,88,4,2,6112,4426,78,0,756,54,414,46,278,130,0,8,2218,2,1908,38,78,0,206,1108,1502,12,406,28,38,718,0,0,2,6,6,6,0,604,0,0,2,776,900,7074,6,0,6,8,0,4,14,436,10,4,0,4,14,74,1164,2,574,148,82,562,116,13236,10,0,0,84,2,198,2,2,18,6,1046,26,34
DOM,2,0,2,0,4,0,0,2,42,0,0,14,8,0,2,12,4,2,0,6,4,0,2,2,2,2,0,14,68,6,4,0,4,0,52,16,22,30,6,4,4,0,0,50,0,2,26,36,0,4,2,10,20,0,2,6,0,2,26,4,0,112,10,6,12,2,0,42,0,0,0,76,2,14,0,0,0,0,0,8,0,2,30,0,0,22,8,16,12,6,16,8,2,2,2,10,26,12,4,10,2,8,2,4,0,2,4,2,4,6,0,2,0,0,4,2,10,2,2,0,4,0,6,2,0,58,0,2,2,8,2,4,0,6,0,0,2,8,4,4,0,0,8,18,0,28,8,2,0,12,2,4,34,30,10,0,4,14,0,10,14,4,0,2,14,12,4,6,2,4,8,0,0,2,0,18,2,0,14,2,0,0,6,6,16,0,0,2,0,0,0,0,14,2,0,0,2,4,2,12,0,2,6,10,2,28,250,0,0,0,24,0,6,0,0,0,2,14,6,2
DZA,0,0,0,2,10,0,0,184,52,12,0,136,76,10,2,218,20,0,12,36,32,34,2,8,8,2,0,2,176,4,8,0,4,0,356,192,56,524,12,18,10,0,0,122,0,2,14,10,0,2,28,74,394,0,0,86,2,0,6,178,0,582,34,28,80,4,2,3036,2,0,2,538,34,24,0,0,4,0,0,104,0,2,0,0,0,2,78,2,48,30,190,116,160,56,10,52,578,6,86,114,10,22,16,4,0,0,62,32,0,68,4,14,0,0,12,0,26,12,20,0,222,4,10,0,0,64,0,16,8,24,2,12,2,14,10,0,6,4,154,4,2,4,54,2,2,158,92,10,0,38,24,112,8,26,98,0,0,214,0,180,16,38,0,52,144,182,2,688,10,32,30,0,0,2,0,2,2,2,56,0,0,0,52,38,90,0,0,2,10,0,4,12,28,6,0,0,4,2,406,322,2,38,10,14,118,24,394,0,0,0,10,0,182,2,2,6,14,150,6,6
ECU,0,2,14,0,18,4,0,22,362,252,0,406,344,2,0,460,10,0,6,14,260,2,2,8,246,6,0,78,800,16,14,4,6,0,228,370,376,456,14,22,10,0,0,714,0,4,120,152,0,0,248,316,598,0,2,74,26,6,0,278,0,1734,272,22,316,10,0,616,2,2,2,760,258,10,0,2,8,2,0,294,6,2,44,10,12,16,264,2,290,36,340,288,316,24,22,42,556,8,12,88,6,36,8,4,0,0,308,14,0,18,2,2,0,0,180,0,260,12,254,0,20,0,8,8,0,694,0,14,0,14,8,40,2,6,0,0,8,6,318,2,6,0,24,22,2,334,76,12,0,320,14,270,98,290,32,0,2,324,0,450,58,6,0,234,76,308,4,240,4,14,52,0,0,2,0,26,0,0,282,0,0,8,28,22,134,0,0,6,4,0,4,6,270,6,0,0,4,8,18,288,2,288,10,20,274,124,1404,60,0,0,334,0,54,4,8,4,4,104,6,6
EGY,0,20,4,4,30,4,0,772,168,282,6,1032,496,38,4,718,28,0,22,216,354,136,2,36,278,4,2,14,682,8,16,0,22,2,1636,628,146,3020,12,66,30,12,0,386,6,4,22,20,0,0,304,468,2500,0,0,260,4,178,278,0,2,1192,326,98,494,8,0,1194,2,4,4,2634,314,78,0,4,12,4,0,548,0,2,6,2,0,6,352,4,500,120,1526,460,704,224,22,146,1382,16,350,1778,52,70,30,10,0,8,1120,390,4,280,14,112,2,2,212,0,318,30,282,0,204,4,26,6,4,568,0,26,10,42,12,60,8,34,2,0,14,20,782,8,4,4,210,6,2,482,184,54,0,400,248,1032,30,52,80,2,4,612,0,516,42,70,0,576,252,814,20,9078,150,18,174,0,0,2,6,6,4,0,410,4,0,2,100,110,468,2,0,6,74,0,4,20,362,12,0,0,4,8,296,912,2,490,24,46,348,34,5026,68,2,2,36,0,258,4,2,10,302,380,20,12
ERI,0,0,0,0,0,0,0,0,0,0,0,0,2,0,0,2,2,0,2,0,0,0,0,0,0,0,0,0,4,0,0,0,0,2,4,10,0,24,2,2,2,0,0,0,0,0,0,0,0,0,0,4,8,0,0,0,0,0,0,2,0,4,0,10,4,0,0,4,0,0,0,8,2,0,0,2,0,2,0,0,0,0,2,0,0,0,0,0,2,0,10,0,2,2,0,0,2,0,0,0,0,8,2,2,0,0,0,0,2,0,0,0,0,0,0,0,0,0,0,0,2,0,0,0,0,0,0,0,2,0,0,0,0,2,2,0,0,2,0,0,0,2,2,0,0,4,2,2,0,0,2,4,2,2,0,0,2,0,0,0,0,0,0,0,0,2,0,2,8,2,0,0,0,0,0,0,0,2,0,2,0,0,0,0,0,0,0,0,0,0,2,2,2,0,0,0,0,0,0,4,0,0,4,2,0,0,10,0,0,0,0,0,0,2,0,0,4,8,0,2
ESP,0,12,28,2,100,50,0,648,3296,556,4,7506,4812,268,2,7602,40,0,40,132,1078,30,12,128,592,10,12,128,7002,28,18,8,34,4,7552,8730,4544,7282,28,92,38,16,2,3152,0,26,340,378,12,4,754,3738,19454,0,4,5226,112,582,1734,1192,4,0,1008,168,3318,44,10,18324,4,6,30,27004,682,108,12,10,54,8,2,4226,8,22,88,24,10,76,1414,10,2366,190,3076,2900,1854,104,494,2730,20186,22,158,4782,112,208,42,24,0,2,2720,124,8,280,20,36,0,4,246,2,1106,390,728,0,792,106,110,22,4,4590,0,214,30,280,16,128,22,266,10,0,42,60,862,44,28,14,248,42,2,10276,3348,74,0,1392,76,774,184,786,286,6,14,5232,4,8068,250,116,0,520,2152,3922,22,1348,42,58,1086,4,2,2,20,52,12,2,1446,0,0,6,1086,1576,6440,10,0,14,28,0,6,16,782,24,4,4,4,10,788,2708,2,1684,116,100,1096,594,28514,122,14,4,374,2,428,2,6,28,22,1874,40,40
EST,0,4,2,0,30,6,0,36,104,270,0,718,646,18,2,846,12,0,0,26,392,8,0,70,328,2,0,14,466,8,8,0,6,0,400,788,118,700,6,16,2,0,0,338,0,2,26,6,4,0,344,650,1372,0,0,582,10,34,272,326,0,1008,0,34,1264,6,0,1022,0,2,6,1786,320,24,0,0,2,0,0,574,2,6,22,4,2,2,492,2,542,52,536,470,358,16,196,204,1066,10,28,258,34,30,20,2,0,2,380,20,0,24,8,6,0,6,210,0,548,54,554,0,24,2,34,2,0,376,0,72,0,106,2,56,8,12,0,0,2,6,318,2,4,0,44,2,0,670,558,16,0,386,10,326,26,50,52,0,0,778,0,608,8,10,0,264,260,734,4,314,6,6,144,0,0,2,0,2,4,0,408,0,0,2,182,222,998,0,0,2,2,0,0,2,284,4,0,0,2,0,38,474,0,324,8,16,452,22,1290,64,0,0,14,0,84,0,4,12,8,152,2,4
ETH,0,8,4,2,8,0,0,58,58,2,0,446,82,10,12,352,54,0,64,104,12,18,0,4,2,0,0,8,114,10,6,4,82,2,272,230,34,410,36,66,48,14,0,82,0,2,20,2,0,0,12,48,428,2,0,128,6,28,22,98,10,168,34,0,72,14,0,204,0,4,4,898,8,160,0,12,30,8,0,46,0,2,8,0,4,8,40,16,16,70,600,30,202,42,8,40,198,14,52,134,16,318,22,26,0,2,158,24,16,26,16,10,0,0,32,2,16,14,8,0,38,0,12,34,4,82,0,12,36,20,22,8,10,70,4,0,6,72,84,12,0,32,212,6,0,350,304,78,0,84,16,132,20,50,38,0,10,78,0,66,12,10,0,32,46,68,72,134,44,34,50,0,0,4,28,4,2,2,56,8,0,0,24,14,222,6,0,6,12,0,12,22,60,4,0,0,2,6,32,74,0,68,166,174,24,10,1288,0,0,0,6,2,154,2,6,2,14,396,52,60
FIN,0,2,10,2,44,8,0,206,302,448,0,2606,1942,172,4,2226,22,0,24,76,542,12,0,76,370,2,4,20,1616,16,14,2,20,2,2164,2716,390,3688,12,32,24,8,0,514,0,4,50,180,4,0,424,1634,5904,0,0,2792,12,80,316,494,4,3318,1264,72,0,10,0,4046,2,4,4,7962,338,80,0,4,22,2,0,1572,2,18,28,4,8,6,834,4,1248,280,1348,1198,874,32,510,760,3784,18,76,1746,56,108,42,12,0,2,1238,58,4,70,10,26,0,20,230,0,850,126,688,0,94,6,36,24,2,770,0,118,6,112,18,56,12,36,0,0,10,42,448,12,6,6,96,8,2,3334,2620,48,0,752,32,666,42,280,114,0,0,2046,0,1520,32,28,0,344,818,2546,12,564,16,30,496,0,0,2,4,4,6,0,548,0,0,6,624,586,5676,2,0,4,18,0,4,8,528,4,0,0,4,8,74,978,2,556,72,42,810,62,7376,68,0,0,70,0,124,2,4,14,8,736,24,8
FJI,0,0,0,0,4,0,0,4,12,2,0,318,10,0,0,14,4,0,2,12,4,4,0,4,2,0,2,4,14,8,2,0,4,0,52,24,12,28,2,8,2,0,4,16,0,2,6,4,0,0,4,2,40,0,0,8,2,4,10,8,0,44,6,14,10,0,0,68,2,6,0,122,6,4,0,0,2,0,0,6,0,2,2,2,0,0,2,8,16,20,78,8,12,0,6,2,38,6,4,58,2,22,6,0,4,0,22,8,2,2,0,0,0,0,2,0,10,2,4,0,6,0,2,2,2,16,4,6,0,10,2,2,4,2,0,0,2,2,28,0,18,2,20,2,2,22,14,6,0,66,4,10,10,8,18,2,24,8,0,20,2,4,0,0,6,8,0,12,10,4,20,0,0,10,0,2,0,0,4,0,0,0,2,4,24,0,0,4,4,0,2,2,18,2,0,2,14,2,6,12,4,14,10,6,2,6,134,0,0,0,4,0,10,14,24,2,2,34,2,2
FLK,0,0,0,0,0,0,0,0,4,0,0,16,0,0,0,2,0,0,0,0,0,0,0,0,0,0,0,0,2,0,0,0,0,0,20,4,8,8,0,0,0,0,0,0,0,0,0,0,0,0,0,2,10,0,0,0,0,2,0,0,0,10,0,0,0,0,0,14,0,0,0,48,0,0,0,0,0,0,0,0,0,0,0,0,0,0,0,0,0,0,2,2,0,0,2,0,8,0,0,2,0,0,0,0,0,0,0,0,0,0,0,0,0,0,0,0,0,0,0,0,0,0,0,0,0,4,0,0,0,0,0,0,0,0,0,0,0,0,0,0,0,0,0,0,0,0,0,0,0,20,0,0,0,2,0,0,0,0,0,18,0,0,0,0,0,4,0,0,0,0,0,0,0,0,0,0,0,0,0,0,0,0,0,0,0,0,0,2,0,0,0,0,2,0,0,0,0,0,0,0,0,2,0,0,0,0,22,0,0,0,2,0,0,0,0,0,0,16,0,0
FRA,2,14,30,0,86,18,0,828,2168,804,2,9988,5990,416,16,12252,344,4,396,176,1040,38,12,112,712,6,12,116,6956,34,28,10,70,44,13308,14466,2646,13948,416,634,192,108,10,1702,10,10,194,316,10,8,708,4484,27408,22,4,5766,42,3036,616,1194,4,18324,1022,204,4046,68,14,0,6,4,162,32960,658,166,4,94,44,6,0,4372,12,18,50,172,22,60,1562,30,2840,634,4238,3158,1728,158,486,3286,23026,42,140,8464,198,420,44,208,4,16,3602,132,98,1846,26,84,4,16,266,2,1020,728,764,0,2134,356,94,216,4,2712,0,170,210,230,50,140,38,114,66,2,66,74,1010,70,258,114,288,30,4,12908,4230,118,0,1834,136,1078,130,636,380,4,46,6040,8,4792,64,134,2,584,2894,6616,64,1918,80,650,1960,0,2,8,26,14,8,4,1358,6,2,26,1240,1450,8068,20,0,28,44,0,54,130,1514,22,4,0,6,22,3544,2848,2,2008,138,206,1556,304,40364,90,20,4,250,4,1450,14,16,28,20,2770,70,136
FRO,0,0,0,0,2,0,0,2,2,2,0,4,2,0,0,2,2,0,2,0,2,0,0,4,2,0,0,2,2,0,0,0,0,0,6,0,2,4,0,2,2,0,0,2,0,0,2,0,0,0,2,0,6,0,0,26,0,2,2,2,0,4,0,0,2,2,0,6,0,0,0,10,2,2,0,0,2,0,0,0,0,6,0,0,0,0,2,0,2,2,2,4,2,0,18,0,2,2,2,2,0,2,0,0,0,0,4,2,0,0,0,0,0,0,2,0,0,0,2,0,0,0,0,0,0,2,0,2,0,2,0,0,2,0,0,0,0,0,2,0,0,0,2,2,2,2,18,0,0,2,2,4,2,2,2,0,0,4,0,2,0,2,0,0,2,6,0,2,2,2,2,0,0,0,0,2,0,0,6,0,0,0,0,2,8,0,0,0,2,0,2,2,2,0,0,0,2,2,2,2,2,2,0,2,2,2,10,0,0,0,0,0,2,2,2,2,0,4,2,2
