,AFG,AGO,AIA,ALB,AND,ANT,ARE,ARG,ARM,ATG,AUS,AUT,AZE,BDI,BEL,BEN,BFA,BGD,BGR,BHR,BHS,BIH,BLR,BLZ,BMU,BOL,BRA,BRB,BRN,BTN,BWA,CAF,CAN,CHE,CHL,CHN,CIV,CMR,COD,COG,COK,COL,COM,CPV,CRI,CUB,CUW,CYM,CYP,CZE,DEU,DJI,DMA,DNK,DOM,DZA,ECU,EGY,ERI,ESP,EST,ETH,FIN,FJI,FLK,FRA,FRO,FSM,GAB,GBR,GEO,GHA,GIB,GIN,GMB,GNB,GNQ,GRC,GRD,GRL,GTM,GUF,GUY,HND,HRV,HTI,HUN,IDN,IND,IRL,IRN,IRQ,ISL,ISR,ITA,JAM,JOR,JPN,KAZ,KEN,KGZ,KHM,KIR,KNA,KOR,KWT,LAO,LBN,LBR,LBY,LCA,LIE,LKA,LSO,LTU,LUX,LVA,MAR,MCO,MDA,MDG,MDV,MEX,MHL,MKD,MLI,MLT,MMR,MNE,MNG,MOZ,MRT,MSR,MUS,MWI,MYS,NAM,NCL,NER,NGA,NIC,NLD,NOR,NPL,NRU,NZL,OMN,PAK,PAN,PER,PHL,PLW,PNG,POL,PRK,PRT,PRY,PSE,QAT,ROU,RUS,RWA,SAU,SDN,SEN,SGP,SLB,SLE,SLV,SMR,SOM,SRB,SSD,STP,SUR,SVK,SVN,SWE,SWZ,SYC,SYR,TCA,TCD,TGO,THA,TJK,TKM,TLS,TON,TTO,TUN,TUR,TUV,TWN,TZA,UGA,UKR,URY,USA,UZB,VAT,VCT,VEN,VNM,VUT,WSM,XKX,YEM,ZAF,ZMB,ZWE
AFG,0,0,0,0,0,0,3,4,0,0,13,5,2,1,11,4,0,9,4,4,0,0,0,3,0,0,5,1,0,0,2,0,15,6,3,7,4,2,8,0,0,4,0,0,0,0,0,0,4,1,7,0,0,5,0,0,0,6,0,5,4,5,4,4,0,9,0,0,0,32,4,3,0,0,3,0,0,4,0,0,0,0,0,0,0,2,0,8,14,1,8,4,4,6,9,0,4,10,0,4,0,2,0,0,8,0,0,4,0,3,1,0,5,0,0,1,0,5,0,0,0,0,4,0,0,1,0,3,0,2,0,0,0,0,0,7,0,3,2,4,0,7,4,4,0,7,4,14,1,2,7,0,5,0,0,4,0,1,5,3,4,5,4,2,0,6,0,0,0,0,0,4,0,0,0,5,0,4,0,0,4,0,0,0,8,0,0,0,0,0,5,5,0,6,5,4,4,4,38,0,0,0,0,7,0,0,0,1,5,3,0
AGO,0,0,0,0,0,0,1,0,0,0,2,0,0,0,1,1,0,0,0,0,0,0,0,0,0,0,7,0,0,0,2,0,0,2,4,0,1,2,0,0,0,0,0,0,0,1,0,0,0,0,4,0,0,3,0,0,0,0,0,13,0,0,8,0,0,7,0,0,0,8,0,0,0,0,0,0,0,0,0,0,1,0,2,0,0,0,0,0,1,0,0,0,0,0,2,0,0,0,0,0,0,0,0,0,0,0,0,0,0,0,0,0,0,0,0,0,0,0,0,0,0,0,0,0,0,0,0,0,0,0,2,0,0,0,0,0,7,0,0,1,0,3,6,0,0,0,0,0,0,0,0,0,0,0,0,30,0,0,1,0,0,0,0,0,0,0,0,0,0,0,0,0,0,1,0,0,0,4,0,0,0,0,0,0,2,0,0,0,0,0,0,0,0,1,0,3,0,0,21,0,0,0,0,0,0,0,0,0,8,2,0
AIA,0,0,0,0,0,0,0,0,0,0,0,0,0,0,0,0,0,0,0,0,0,0,0,0,0,0,0,1,0,0,0,0,0,0,0,0,0,0,0,0,0,0,0,0,0,0,0,0,0,0,0,0,0,0,0,0,0,0,0,0,0,0,0,0,0,1,0,0,0,0,0,2,0,0,0,0,0,0,0,0,0,0,1,0,0,0,0,0,0,0,0,0,0,0,0,1,0,0,0,0,0,0,0,1,0,0,0,0,0,0,1,0,0,0,0,0,0,0,0,0,0,0,0,0,0,0,0,0,0,0,0,0,0,0,0,0,0,0,0,2,0,0,0,0,0,0,0,0,0,0,0,0,0,0,0,0,0,0,0,0,0,0,0,0,0,0,0,0,0,0,0,0,0,0,0,0,0,0,0,0,0,0,0,0,0,0,0,0,0,1,0,0,0,0,0,0,0,0,4,0,0,0,0,0,0,0,0,0,0,0,0
ALB,0,0,0,0,0,0,1,1,4,0,4,13,2,0,13,0,1,1,18,1,0,8,6,0,0,0,9,0,1,0,0,0,18,12,1,2,0,1,0,0,0,9,0,0,0,0,0,0,4,11,26,0,0,15,0,2,0,6,0,34,7,0,7,0,0,30,0,0,0,30,5,0,0,0,0,0,0,18,0,0,0,0,0,0,20,0,15,1,10,4,3,1,5,7,60,2,1,33,2,1,2,0,0,0,3,0,0,0,0,0,0,0,0,0,5,4,6,1,0,6,0,0,1,0,15,0,8,0,11,1,0,0,0,0,0,1,1,0,0,3,0,19,13,1,0,3,0,2,0,0,0,0,1,10,0,9,0,0,1,19,10,0,2,0,0,2,0,0,0,0,0,21,0,0,0,7,15,10,0,0,1,0,0,0,2,0,0,0,0,0,1,23,0,1,0,1,11,0,33,1,0,0,0,0,0,0,14,0,1,0,0
AND,0,0,0,0,0,0,0,0,0,0,0,0,0,0,1,0,0,0,0,0,0,0,0,0,0,0,0,0,0,0,0,0,0,1,1,0,0,0,0,0,0,0,0,0,0,0,0,0,0,0,0,0,0,0,0,0,0,0,0,16,0,0,0,0,0,1,0,0,0,1,0,0,0,0,0,0,0,0,0,0,0,0,0,0,0,0,0,0,0,0,0,0,0,0,1,0,0,0,0,0,0,0,0,0,0,0,0,0,0,0,0,0,0,0,0,0,0,0,0,0,0,0,0,0,0,0,0,0,0,0,0,0,0,0,0,0,0,0,0,0,0,0,0,0,0,0,0,0,0,0,0,0,0,0,0,0,0,0,0,0,0,0,0,0,0,0,0,0,0,0,0,0,0,0,0,0,0,0,0,0,0,0,0,0,0,0,0,0,0,0,0,0,0,0,0,1,0,0,1,0,0,0,0,0,0,0,0,0,0,0,0
ANT,0,0,0,0,0,0,0,0,0,0,1,1,0,0,0,0,0,0,0,0,0,0,0,0,0,0,0,0,0,0,0,0,0,0,0,0,0,0,0,0,0,0,0,0,0,0,0,0,0,0,1,0,0,0,0,0,0,0,0,1,0,0,0,0,0,1,0,0,0,0,0,0,0,0,0,0,0,0,0,0,0,0,0,0,0,0,0,0,0,0,0,0,0,0,0,0,0,0,0,0,0,0,0,0,0,0,0,0,0,0,0,0,0,0,0,0,0,0,0,0,0,0,0,0,0,0,0,0,0,0,0,0,0,0,0,0,0,0,0,0,0,3,0,0,0,0,0,0,0,0,0,0,0,0,0,0,0,0,0,0,0,0,0,0,0,0,0,0,0,0,0,0,0,0,0,0,0,0,0,0,0,0,0,0,0,0,0,0,0,0,0,0,0,0,0,0,0,0,4,0,0,0,0,0,0,0,0,0,0,0,0
ARE,3,1,0,1,0,0,0,15,2,0,159,33,2,0,29,3,2,14,11,24,0,2,3,2,0,0,59,1,2,0,3,0,325,53,15,153,5,2,2,0,0,16,0,0,1,2,0,0,20,23,143,0,0,54,0,43,3,173,1,85,10,9,34,4,0,181,0,2,0,396,14,2,0,1,2,0,0,92,1,3,1,0,0,0,7,0,22,11,165,15,46,18,9,37,168,3,82,71,5,8,1,0,0,0,78,40,0,45,0,8,1,0,7,0,9,2,8,26,0,1,0,0,41,0,2,2,1,1,0,0,2,0,0,0,1,103,1,2,2,10,0,92,28,1,0,22,73,90,0,3,7,0,3,24,0,38,4,3,83,18,23,3,159,9,1,58,0,0,0,0,0,23,0,1,0,9,12,69,0,0,8,1,0,0,19,0,0,0,0,0,54,63,0,29,4,3,10,4,702,0,1,0,4,6,0,0,1,12,36,3,4
ARG,4,0,0,1,0,0,15,0,114,0,430,241,115,0,239,4,1,16,32,5,0,1,117,3,0,55,1038,2,1,2,3,0,535,332,592,311,7,8,8,0,0,362,0,9,47,59,0,1,9,216,803,0,1,256,11,4,70,36,0,1163,13,11,73,7,0,781,0,0,1,882,126,6,0,0,4,0,0,185,1,1,39,3,0,20,29,8,171,23,218,54,46,7,11,212,659,3,5,269,2,37,2,2,0,0,78,8,2,12,0,3,1,0,10,0,6,9,13,130,2,1,3,0,401,0,2,2,4,0,0,6,2,0,0,1,3,138,1,4,1,16,5,343,192,5,0,73,6,39,28,106,19,0,4,234,0,274,42,3,12,158,224,4,48,3,2,34,0,0,16,0,0,129,0,0,0,141,150,290,0,1,4,0,0,0,42,0,0,0,0,4,12,190,0,157,4,8,24,227,1918,2,0,1,67,12,0,0,0,1,224,16,6
ARM,0,0,0,4,0,0,2,114,0,0,132,213,121,0,97,0,0,1,96,0,0,3,201,0,0,0,228,0,2,0,0,0,132,251,125,235,0,0,0,0,0,191,0,0,2,25,0,0,81,236,288,0,0,153,0,1,0,85,0,233,90,0,110,1,0,281,0,0,0,404,209,0,0,0,0,0,0,227,0,0,0,0,0,0,112,0,221,2,155,94,98,0,5,130,285,0,0,150,13,3,4,0,0,0,124,2,0,2,0,0,0,0,79,0,84,1,5,111,0,6,0,0,114,0,2,0,2,1,7,7,0,0,0,0,0,190,10,0,0,0,0,157,142,0,0,83,19,110,0,25,0,0,0,246,0,196,0,0,78,149,323,0,51,1,0,7,0,0,0,0,0,218,0,0,0,146,124,154,2,0,1,0,0,0,107,2,1,0,0,0,0,219,0,200,1,0,119,1,319,6,0,0,0,1,0,0,1,0,148,0,0
ATG,0,0,0,0,0,0,0,0,0,0,0,0,0,0,0,0,0,0,0,0,0,0,0,1,0,0,0,0,0,0,0,0,3,0,0,1,0,0,0,0,0,0,0,0,0,0,0,0,0,0,0,0,0,0,0,0,0,0,0,0,0,0,0,0,0,0,0,0,0,2,0,0,0,0,0,0,0,0,0,0,0,0,0,0,0,0,0,0,0,0,1,0,0,0,0,0,0,0,0,0,0,0,0,0,0,0,0,0,0,0,0,0,0,0,0,0,0,0,0,0,0,0,0,0,0,0,0,0,0,0,0,0,0,0,0,0,0,0,0,0,0,1,0,0,0,0,0,0,0,0,0,0,0,1,0,0,0,0,0,0,0,0,0,0,0,0,0,0,0,0,0,0,0,0,0,0,0,0,0,0,0,0,0,0,0,0,0,0,0,0,0,0,0,0,0,0,0,0,6,0,0,0,0,0,0,0,0,0,0,0,0
AUS,13,2,0,4,0,1,159,430,132,0,0,887,119,1,1394,15,22,231,85,11,7,2,136,5,1,19,1314,18,24,17,21,1,3924,1862,610,8161,14,29,12,3,3,278,0,0,42,18,0,1,42,544,4548,0,3,1424,3,12,44,176,0,2254,95,52,711,85,1,3273,0,4,7,10236,134,66,1,7,25,8,0,527,2,3,9,5,5,0,110,6,346,371,1409,633,662,53,70,599,2619,13,44,2022,23,130,4,58,3,3,974,48,37,53,4,29,2,1,143,1,56,64,18,148,11,6,15,3,310,2,12,13,17,21,4,29,20,0,1,15,33,1069,18,65,9,99,3,2776,860,69,1,2128,36,251,49,67,197,7,127,727,0,511,3,3,167,250,718,16,716,14,19,1230,24,10,2,0,3,202,0,0,1,186,254,1723,4,6,9,0,0,1,556,2,0,9,4,8,36,405,0,609,44,55,76,52,12986,6,2,3,30,301,18,4,0,3,1085,27,25
AUT,5,0,0,13,0,1,33,241,213,0,887,0,119,0,1065,8,8,14,245,5,1,28,211,4,1,8,547,2,2,1,8,1,960,1817,238,835,5,8,4,1,0,246,0,0,14,13,0,1,115,933,5716,0,1,822,2,19,19,177,0,1637,207,30,582,5,0,2038,0,0,12,3170,224,9,0,0,6,0,0,627,2,4,9,1,2,0,319,0,689,32,433,366,218,9,70,418,2431,4,14,687,14,34,3,4,0,0,323,11,3,23,1,6,1,65,91,0,199,49,82,129,4,12,1,0,212,0,20,2,17,4,10,5,4,0,0,5,2,252,14,3,1,34,1,1467,542,7,0,245,42,179,10,20,31,1,4,819,1,561,3,2,104,376,709,7,203,7,6,118,0,0,1,0,0,338,0,0,1,393,471,1132,0,2,6,0,0,0,179,2,0,0,0,3,46,405,0,296,16,20,191,17,3884,6,0,1,13,37,2,0,9,1,300,8,7
AZE,2,0,0,2,0,0,2,115,121,0,119,119,0,0,6,1,0,3,6,1,0,1,125,1,0,1,116,1,0,0,1,0,121,121,114,120,1,2,1,0,0,114,0,0,0,1,0,0,4,116,146,0,0,118,0,0,0,10,0,123,5,2,5,2,0,122,0,0,1,244,125,2,0,0,1,0,0,115,0,0,1,0,0,0,3,0,117,3,47,4,8,1,4,116,129,0,1,134,8,3,2,0,0,0,5,0,0,1,0,1,1,0,2,0,2,1,2,113,0,6,0,0,4,0,1,0,1,0,2,0,0,0,0,0,1,113,0,0,0,2,0,117,115,1,0,5,1,4,0,2,2,0,1,117,0,122,0,2,2,116,149,1,11,1,0,2,0,0,1,0,0,116,0,0,0,116,115,117,0,0,1,0,0,0,1,2,0,0,0,1,1,245,0,114,1,1,12,1,136,3,0,0,0,6,0,0,1,1,116,2,0
BDI,1,0,0,0,0,0,0,0,0,0,1,0,0,0,13,3,1,0,0,0,0,0,0,0,0,0,0,0,0,0,0,0,1,3,0,3,3,3,1,0,0,0,0,0,0,0,0,0,0,0,4,0,0,0,0,0,0,0,0,0,0,1,0,0,0,7,0,0,0,5,0,0,0,0,0,0,0,0,0,0,0,0,0,0,0,0,2,0,2,0,0,0,0,0,2,0,0,0,0,5,0,0,0,0,0,0,0,0,0,0,0,0,0,0,0,0,0,0,0,0,1,0,1,0,0,1,0,0,0,0,0,0,0,0,1,0,0,0,1,0,0,5,0,0,0,0,0,1,0,0,2,0,0,0,0,0,0,0,0,2,0,2,0,0,0,0,0,0,0,0,0,0,0,0,0,0,0,2,0,0,0,0,1,1,0,0,0,0,0,0,1,1,0,0,7,4,0,0,8,0,0,0,0,0,0,0,0,0,1,0,0
BEL,11,1,0,13,1,0,29,239,97,0,1394,1065,6,13,0,41,46,35,252,2,0,18,110,5,1,11,783,2,3,0,9,4,1475,1982,220,1152,24,70,156,8,0,200,0,10,16,63,0,1,153,736,4223,2,1,1047,4,67,54,217,0,2551,232,104,686,2,0,4778,0,0,22,5305,101,32,0,22,58,4,0,775,1,6,3,3,1,0,224,5,501,63,496,521,245,11,57,410,3230,5,22,881,12,94,5,36,0,6,444,25,10,33,6,2,1,0,94,2,191,204,72,69,12,6,17,1,278,0,42,20,34,9,12,12,15,3,0,1,15,182,5,2,19,33,2,3987,582,16,0,332,32,130,20,64,37,0,5,953,0,718,2,3,132,335,650,26,226,16,36,159,0,8,2,0,0,203,0,0,3,162,231,1336,2,4,8,0,1,4,212,3,1,0,0,2,85,401,0,209,69,71,208,23,5449,5,1,1,18,135,0,0,1,2,418,24,5
BEN,4,1,0,0,0,0,3,4,0,0,15,8,1,3,41,0,35,4,4,4,0,0,0,3,0,0,21,1,0,0,3,1,23,25,3,10,22,21,10,7,0,5,0,0,1,0,0,0,4,0,47,0,0,17,0,1,1,4,0,19,4,9,4,4,0,135,0,0,10,43,4,20,0,6,9,2,0,4,0,0,0,0,0,0,0,0,0,11,12,1,4,4,4,5,13,0,4,10,2,26,0,3,0,0,5,0,2,4,1,3,1,0,4,0,0,3,0,5,0,0,6,0,5,0,0,9,0,2,0,0,8,1,0,0,0,5,0,4,5,20,0,32,4,0,0,4,4,9,2,2,5,0,5,1,0,8,0,1,4,6,4,10,4,5,17,6,1,0,0,0,0,4,0,0,0,4,0,10,0,0,3,0,1,16,6,0,0,0,0,0,5,4,0,6,27,16,4,4,64,0,0,0,0,4,1,0,0,1,19,10,1
BFA,0,0,0,1,0,0,2,1,0,0,22,8,0,1,46,35,0,4,2,1,0,1,1,0,0,2,21,0,1,0,0,1,38,49,2,4,25,26,12,7,0,6,0,0,0,0,0,0,3,6,52,0,0,23,0,3,0,6,0,16,1,15,9,0,0,161,0,0,13,113,2,42,0,12,20,3,0,3,0,0,0,0,0,0,3,1,2,10,13,2,3,0,0,2,28,1,1,12,1,34,1,5,0,0,7,0,1,0,2,0,0,0,1,1,2,4,2,4,0,0,10,0,3,0,1,48,0,4,0,0,16,2,0,0,11,2,1,0,22,22,0,32,6,0,0,1,0,2,0,3,0,0,1,2,0,6,1,0,1,2,4,6,1,5,48,3,0,2,0,0,0,2,0,0,0,4,2,17,1,0,1,0,2,13,11,0,0,0,0,0,3,3,0,3,25,12,2,0,114,0,0,0,1,4,1,0,1,0,29,9,6
BGD,9,0,0,1,0,0,14,16,1,0,231,14,3,0,35,4,4,0,5,4,1,1,1,3,0,1,33,2,14,3,2,0,124,42,9,110,5,4,6,1,0,15,0,0,1,1,0,0,6,7,78,0,0,34,1,5,1,24,0,17,7,14,15,12,0,43,0,0,1,250,6,14,0,0,9,1,0,13,0,0,4,0,0,0,4,2,4,25,114,5,25,5,10,12,48,1,5,315,3,19,3,15,0,2,144,1,9,5,0,3,1,0,15,0,2,2,1,5,0,0,3,2,19,0,1,7,0,15,0,6,4,0,0,0,6,255,0,3,1,17,1,53,28,31,0,19,9,68,3,10,39,0,8,9,0,13,3,1,6,5,13,5,84,6,1,22,2,1,0,0,1,6,0,0,0,5,2,63,0,0,5,0,0,0,54,0,0,0,0,0,6,20,0,28,22,11,8,5,429,3,0,0,1,35,0,0,0,1,35,6,4
BGR,4,0,0,18,0,0,11,32,96,0,85,245,6,0,252,4,2,5,0,6,0,15,96,3,0,1,182,1,2,1,2,0,92,299,22,194,4,4,4,0,0,107,0,0,1,1,0,0,101,243,527,0,0,111,3,6,1,110,0,369,148,7,209,8,0,384,0,0,1,510,107,4,0,0,3,0,0,249,0,0,3,0,0,0,150,1,201,14,202,172,99,6,15,51,408,2,7,150,6,7,2,0,0,0,174,4,0,10,0,3,1,0,86,0,162,10,69,12,1,10,0,0,144,0,39,1,9,1,11,6,1,0,0,0,0,97,2,3,1,14,0,179,57,2,0,103,26,94,3,12,9,0,4,315,0,197,2,2,89,170,324,4,81,3,0,32,0,0,0,0,0,150,0,0,0,119,103,124,0,0,5,0,0,0,93,0,0,0,0,1,20,191,0,106,5,4,140,5,460,5,0,0,6,12,1,0,3,1,35,3,1
BHR,4,0,0,1,0,0,24,5,0,0,11,5,1,0,2,4,1,4,6,0,1,1,1,3,0,0,8,1,0,0,2,0,13,7,5,13,4,3,2,0,0,6,0,0,0,0,0,0,4,1,7,0,0,5,0,9,0,26,0,14,5,7,6,5,0,15,0,0,0,52,6,3,0,0,3,0,0,7,0,0,0,0,0,0,1,0,2,5,29,16,10,9,4,6,7,1,11,7,0,4,0,0,0,0,8,22,0,8,0,3,1,0,5,0,1,0,1,7,0,0,0,0,6,0,0,1,0,0,0,0,0,0,0,0,0,21,1,3,1,7,0,18,6,0,0,6,19,7,1,2,5,0,4,2,0,6,0,1,17,4,8,4,36,5,0,8,0,0,0,0,0,5,0,0,0,5,1,6,0,0,3,0,0,0,4,0,0,0,0,0,13,10,0,6,4,4,4,4,29,0,0,0,0,5,0,0,1,11,7,3,0
BHS,0,0,0,0,0,0,0,0,0,0,7,1,0,0,0,0,0,1,0,1,0,0,0,0,0,0,1,5,0,0,0,0,18,0,0,0,0,0,0,0,0,1,0,0,0,1,0,0,0,0,2,0,0,0,0,0,0,0,0,0,0,1,0,0,0,1,0,0,0,9,0,0,0,0,0,0,0,0,0,0,0,0,0,0,0,0,0,0,0,0,0,0,0,0,0,3,0,0,0,0,0,0,0,0,0,1,0,0,0,0,1,0,0,0,0,0,0,0,0,0,0,0,0,0,0,0,0,0,0,0,0,0,0,0,0,0,0,0,0,0,0,1,0,0,0,0,0,1,0,0,0,0,0,0,0,0,0,0,0,0,0,0,0,0,0,0,0,0,0,0,0,0,0,0,0,0,0,1,0,0,0,1,0,0,0,0,0,0,0,4,0,0,0,0,0,0,0,0,41,0,0,2,0,0,0,0,0,0,2,0,0
BIH,0,0,0,8,0,0,2,1,3,0,2,28,1,0,18,0,1,1,15,1,0,0,7,0,0,0,4,0,1,0,0,0,8,21,2,4,1,2,0,0,0,3,0,0,0,1,0,0,1,20,52,0,0,8,0,1,1,3,0,28,6,0,9,0,0,24,0,0,0,36,4,0,0,0,0,0,0,8,0,1,0,0,0,0,137,0,13,2,4,3,1,0,0,12,39,1,2,8,3,1,2,0,0,0,5,1,0,4,0,0,0,0,0,0,11,2,6,1,0,3,0,0,5,0,14,0,0,0,20,2,0,0,0,0,0,4,1,0,0,2,0,35,15,0,0,2,0,1,0,1,2,0,0,20,0,7,0,0,1,17,12,0,3,0,0,4,0,0,0,0,0,179,0,0,0,6,40,17,0,1,0,0,0,0,2,1,0,0,0,0,3,22,0,2,0,1,12,0,48,1,0,0,1,1,0,0,4,0,2,0,0
BLR,0,0,0,6,0,0,3,117,201,0,136,211,125,0,110,0,1,1,96,1,0,7,0,0,0,0,208,0,1,1,0,0,146,226,117,237,0,1,0,0,0,200,0,0,0,0,0,0,84,222,342,0,0,154,1,3,0,84,0,253,96,0,104,0,0,284,0,0,0,382,207,0,0,0,0,0,0,208,0,0,3,0,0,0,94,0,197,2,142,91,88,0,3,130,246,1,8,136,20,1,4,0,0,0,95,0,0,4,0,0,0,0,79,0,124,4,16,113,0,8,0,0,87,0,2,0,1,0,3,1,0,0,0,0,0,199,3,0,0,2,0,135,133,1,0,86,19,81,0,1,0,0,0,321,0,218,0,1,79,132,526,0,67,0,1,18,0,0,0,0,0,210,0,0,0,126,119,142,0,0,0,0,0,0,86,2,0,0,0,0,3,214,0,201,0,0,154,0,286,4,0,0,0,6,0,0,2,0,117,0,0
BLZ,3,0,0,0,0,0,2,3,0,1,5,4,1,0,5,3,0,3,3,3,0,0,0,0,0,1,6,1,0,0,2,0,10,7,3,5,3,2,2,0,0,7,0,0,4,0,0,0,3,2,8,0,0,3,0,0,0,4,0,4,3,3,3,3,0,6,0,0,0,21,3,2,0,0,3,0,0,3,0,0,1,0,0,1,0,0,0,3,4,1,3,3,3,3,5,1,3,3,0,4,0,0,0,0,3,0,0,3,0,2,1,0,3,0,0,0,0,3,0,0,0,0,7,0,0,1,0,0,0,0,0,0,0,0,2,3,0,2,1,3,2,8,6,0,0,4,4,3,3,2,3,0,3,0,0,4,0,0,3,2,7,3,4,2,0,3,0,0,1,0,0,3,0,0,0,3,0,3,0,0,3,0,0,0,2,0,0,0,0,0,3,3,0,3,3,3,3,4,24,0,0,0,0,3,0,0,0,1,4,3,0
BMU,0,0,0,0,0,0,0,0,0,0,1,1,0,0,1,0,0,0,0,0,0,0,0,0,0,0,1,0,0,0,0,0,3,1,0,2,0,0,0,0,0,1,0,0,0,0,0,0,0,0,6,0,0,4,0,0,0,1,0,3,0,0,0,0,0,3,0,0,0,12,0,0,0,0,0,0,0,0,0,0,0,0,0,0,1,0,0,0,0,2,0,0,0,1,1,0,0,4,0,0,0,0,0,0,0,0,0,0,0,0,0,0,0,0,0,0,0,0,0,0,0,0,0,0,0,0,0,0,0,0,0,0,0,0,0,0,0,0,0,0,0,4,0,0,0,2,0,0,0,0,0,0,0,0,0,2,0,0,0,0,0,0,1,0,0,1,0,0,0,0,0,0,0,0,0,0,0,0,0,0,0,0,0,0,0,0,0,0,0,0,0,0,0,3,0,0,0,0,31,0,0,0,0,0,0,0,0,0,0,0,0
BOL,0,0,0,0,0,0,0,55,0,0,19,8,1,0,11,0,2,1,1,0,0,0,0,1,0,0,58,1,1,0,1,1,19,22,33,3,1,6,1,0,0,24,0,0,11,15,0,1,0,5,30,0,1,13,2,0,27,3,0,53,1,3,4,1,0,42,0,0,2,54,0,6,0,0,2,0,0,0,1,0,15,7,5,10,0,0,1,4,8,3,3,0,1,0,14,2,0,7,1,3,1,0,0,0,2,0,0,0,1,0,0,0,0,0,1,3,0,1,0,0,1,0,44,0,0,0,0,0,0,1,0,0,0,1,1,2,1,0,1,4,2,23,3,3,0,4,0,2,8,55,0,0,0,2,0,6,16,1,0,0,5,0,3,0,0,1,0,0,13,0,0,0,0,0,3,0,0,34,0,0,0,0,0,0,2,0,0,0,0,3,0,2,0,3,0,1,0,13,110,0,0,1,16,1,0,0,0,0,4,0,0
BRA,5,7,0,9,0,0,59,1038,228,0,1314,547,116,0,783,21,21,33,182,8,1,4,208,6,1,58,0,4,4,1,8,1,1730,1020,728,1055,10,47,9,2,0,779,0,2,91,213,0,1,99,537,2359,0,1,588,17,10,125,183,0,2433,157,26,404,6,0,2561,0,0,5,3285,211,17,0,3,6,2,0,426,1,2,28,20,6,15,180,19,414,54,734,326,199,10,24,347,2047,8,17,740,3,67,1,6,0,2,436,9,3,40,1,11,1,0,98,0,140,30,64,139,5,2,14,0,768,0,4,4,10,4,3,9,32,0,0,6,20,294,4,6,5,76,8,1170,357,10,0,243,43,214,50,270,50,0,12,626,0,1574,35,2,103,346,706,7,210,17,10,136,0,3,12,0,2,276,0,0,5,222,224,695,0,1,5,0,1,0,267,0,0,0,0,3,32,401,0,325,23,25,258,227,7221,3,2,1,111,102,2,0,1,1,443,10,19
BRB,1,0,1,0,0,0,1,2,0,0,18,2,1,0,2,1,0,2,1,1,5,0,0,1,0,1,4,0,0,0,2,0,16,2,3,3,1,1,1,1,0,4,0,1,1,2,0,1,1,0,4,0,1,2,0,0,1,4,0,2,1,1,3,1,0,3,0,0,0,39,1,3,0,0,2,0,0,1,3,0,0,0,2,1,0,0,0,1,3,2,3,1,1,1,15,17,1,4,0,3,0,0,0,1,2,0,0,1,0,1,3,0,1,0,0,0,0,2,0,0,0,0,3,0,0,0,0,0,0,1,0,0,0,0,0,2,1,0,0,3,0,3,2,0,0,2,1,2,0,3,1,0,1,0,0,3,0,0,2,0,2,1,2,1,0,1,0,0,1,0,0,1,0,0,0,1,0,4,0,0,1,1,0,0,0,0,0,0,0,8,1,2,0,5,1,1,1,3,50,0,0,4,1,1,0,0,0,1,4,1,0
BRN,0,0,0,1,0,0,2,1,2,0,24,2,0,0,3,0,1,14,2,0,0,1,1,0,0,1,4,0,0,0,0,0,10,6,2,29,1,3,2,1,0,3,0,0,1,0,0,0,1,6,17,0,0,5,0,0,2,4,0,3,3,0,2,0,0,13,0,0,2,45,2,1,0,0,0,0,0,5,0,0,0,0,0,0,2,0,2,9,21,1,4,2,0,1,3,1,1,11,3,2,1,0,0,0,19,0,1,0,0,0,0,0,13,0,0,0,1,0,0,0,1,0,2,0,0,0,0,2,0,2,0,0,0,0,0,55,0,0,0,1,0,4,4,0,0,6,2,5,2,1,4,0,2,3,0,1,1,0,1,3,7,0,13,0,0,25,0,0,0,0,0,1,0,0,0,1,1,2,0,0,0,0,0,0,13,0,0,0,0,0,0,5,0,9,1,1,1,0,16,1,0,0,0,4,0,0,0,0,3,0,0
BTN,0,0,0,0,0,0,0,2,0,0,17,1,0,0,0,0,0,3,1,0,0,0,1,0,0,0,1,0,0,0,0,0,4,1,1,7,1,1,0,0,0,1,0,0,0,0,0,0,0,0,2,0,0,0,2,0,0,0,0,1,0,0,1,0,0,3,0,0,0,3,0,0,0,0,0,0,0,1,0,0,1,0,0,0,0,0,0,2,10,0,1,0,0,0,3,0,0,4,0,1,0,3,0,0,0,0,2,0,0,0,0,0,0,0,0,1,0,0,0,0,1,0,2,0,0,0,0,1,0,0,0,0,0,0,0,0,1,0,0,1,0,1,0,5,0,3,0,1,0,0,1,0,0,2,0,0,0,0,0,0,0,0,0,0,0,1,1,0,0,0,0,0,0,0,0,0,0,2,0,0,0,0,0,0,10,0,0,0,0,0,1,1,0,0,0,0,1,0,14,0,0,0,0,4,0,0,0,0,1,0,0
BWA,2,2,0,0,0,0,3,3,0,0,21,8,1,0,9,3,0,2,2,2,0,0,0,2,0,1,8,2,0,0,0,0,12,16,10,8,4,13,3,0,0,3,0,1,2,1,0,1,2,1,20,0,1,5,0,0,3,3,1,9,3,9,3,2,0,9,0,0,0,51,2,3,0,0,3,0,0,3,1,0,0,0,0,0,0,3,3,3,14,4,3,2,2,2,17,2,2,6,0,12,0,0,0,0,5,0,0,3,0,2,1,0,2,1,0,0,0,4,0,0,0,0,5,0,0,2,0,0,0,3,2,0,0,0,8,4,10,1,1,18,0,7,7,0,0,3,3,3,1,3,3,0,2,4,0,4,0,0,2,1,6,3,9,3,0,5,0,2,0,0,1,3,0,0,0,2,2,13,4,0,2,0,0,0,6,0,0,0,0,1,4,6,0,4,6,9,2,3,112,0,0,1,2,3,0,0,0,1,80,8,13
CAF,0,0,0,0,0,0,0,0,0,0,1,1,0,0,4,1,1,0,0,0,0,0,0,0,0,1,1,0,0,0,0,0,2,3,0,0,5,8,4,8,0,0,0,0,0,0,0,0,0,4,3,0,0,0,0,0,0,0,0,1,0,0,0,0,0,28,0,0,4,14,0,1,0,2,1,0,0,0,0,0,0,1,1,0,0,0,0,2,0,0,0,0,0,1,1,0,0,1,0,0,0,0,0,0,0,0,0,0,0,0,0,0,0,0,0,0,0,0,0,0,6,0,0,0,0,1,0,0,0,0,0,0,0,0,0,2,0,0,0,0,0,2,0,0,0,0,0,0,0,0,1,0,1,0,0,1,0,0,0,0,0,1,0,0,7,0,1,0,0,0,0,0,0,0,1,0,0,2,0,0,0,0,0,2,0,0,0,0,0,1,0,0,0,0,0,1,0,0,9,0,0,0,0,0,1,0,0,0,0,0,0
CAN,15,0,0,18,0,0,325,535,132,3,3924,960,121,1,1475,23,38,124,92,13,18,8,146,10,3,19,1730,16,10,4,12,2,0,2150,610,6560,33,41,22,4,0,351,0,10,45,47,0,1,50,626,5011,3,4,1349,17,113,57,489,0,2285,81,42,687,16,0,4871,1,0,5,8038,137,63,0,5,8,2,0,560,7,32,21,1,7,6,108,8,403,80,1159,580,951,18,116,878,3004,27,78,1944,25,149,5,20,0,5,1067,89,9,119,1,20,2,0,49,3,46,64,18,206,8,11,8,3,644,0,19,11,31,4,12,20,6,1,0,8,30,422,8,17,11,71,5,2646,924,30,0,711,53,316,57,85,67,1,10,929,0,553,7,2,223,310,793,29,1007,12,29,528,0,13,9,0,2,214,0,0,2,223,223,1615,2,2,16,2,3,1,245,1,0,0,0,21,166,567,0,662,44,100,91,59,21641,2,5,3,44,84,8,0,0,3,827,22,23
CHE,6,2,0,12,1,0,53,332,251,0,1862,1817,121,3,1982,25,49,42,299,7,0,21,226,7,1,22,1020,2,6,1,16,3,2150,0,361,1633,68,57,33,20,1,348,0,1,23,67,0,1,135,936,8715,0,1,1303,6,33,35,204,1,2960,243,54,896,8,1,5371,0,1,17,7095,242,101,0,20,28,3,1,899,5,7,9,4,3,0,282,6,711,78,832,613,256,10,79,662,4753,13,32,1388,13,135,16,36,0,6,675,10,34,44,11,5,1,29,103,4,204,98,92,150,14,8,32,0,345,0,34,44,37,10,8,15,33,3,0,2,28,251,8,7,19,66,3,2959,867,40,0,381,30,194,25,105,55,0,32,1265,0,781,9,4,142,530,1101,25,275,19,39,314,4,14,3,1,3,339,0,0,2,358,375,1760,10,11,7,0,15,3,271,5,1,0,1,4,40,600,0,472,135,71,269,31,9522,7,2,1,18,115,5,0,0,4,638,40,22
CHL,3,4,0,1,1,0,15,592,125,0,610,238,114,0,220,3,2,9,22,5,0,2,117,3,0,33,728,3,2,1,10,0,610,361,0,353,6,8,3,0,0,373,0,1,49,40,0,1,8,197,991,0,1,304,6,4,64,29,0,1469,10,10,126,5,0,982,0,0,0,1370,123,5,0,0,3,0,0,191,1,2,26,1,0,22,19,5,153,12,181,57,54,3,17,210,707,6,9,356,4,15,2,0,0,2,136,3,1,16,0,5,1,2,7,0,12,4,5,126,0,0,3,0,362,0,2,1,0,0,0,4,2,0,0,1,0,138,1,3,1,25,4,427,219,2,0,108,8,20,24,168,8,0,3,267,0,236,23,2,21,144,276,4,61,1,3,30,1,0,22,0,0,133,0,0,0,141,132,297,0,1,3,0,0,0,29,0,0,0,1,2,13,171,0,189,3,6,26,84,2192,1,11,1,70,18,0,0,1,1,263,3,4
CHN,7,0,0,2,0,0,153,311,235,1,8161,835,120,3,1152,10,4,110,194,13,0,4,237,5,2,3,1055,3,29,7,8,0,6560,1633,353,0,13,30,7,3,0,385,1,1,16,61,0,1,116,663,5902,0,1,1334,4,55,52,433,3,1899,210,30,952,7,0,4051,0,0,6,10035,222,90,0,7,6,2,3,647,4,3,7,0,0,0,218,1,518,134,1404,662,460,67,68,648,2446,8,31,6241,49,115,12,15,0,8,3230,22,9,44,1,7,1,1,141,1,149,72,55,144,2,6,17,1,448,0,17,9,5,18,2,46,4,0,2,9,13,744,9,4,5,138,3,2146,805,64,0,688,60,1046,27,74,157,0,11,983,36,685,4,2,327,437,1478,17,1483,64,4,4228,2,13,1,0,0,367,0,0,1,259,289,2005,0,3,7,0,1,4,671,8,0,0,0,9,57,633,0,2881,27,26,324,36,41104,22,1,1,27,324,1,0,1,16,584,13,7
CIV,4,1,0,0,0,0,5,7,0,0,14,5,1,3,24,22,25,5,4,4,0,1,0,3,0,1,10,1,1,1,4,5,33,68,6,13,0,30,12,9,0,8,0,0,1,1,0,0,4,4,47,0,0,9,0,1,3,6,0,12,6,9,6,4,0,120,0,0,9,61,4,23,0,12,8,2,1,5,0,1,1,0,0,0,0,1,2,11,13,4,5,4,4,5,20,0,5,16,0,25,0,2,0,0,6,0,2,5,3,3,1,0,5,0,0,7,0,10,0,0,8,0,7,0,0,25,0,2,0,0,6,1,0,0,4,7,3,4,10,17,0,18,6,2,0,8,4,5,2,3,8,0,6,1,0,9,0,1,4,5,4,11,4,6,24,6,1,2,1,0,0,5,0,0,0,8,1,13,1,1,3,0,4,14,10,0,0,0,0,0,13,6,0,6,12,17,5,4,58,0,0,0,1,7,1,0,0,1,27,10,3
CMR,2,2,0,1,0,0,2,8,0,0,29,8,2,3,70,21,26,4,4,3,0,2,1,2,0,6,47,1,3,1,13,8,41,57,8,30,30,0,23,13,0,8,0,0,2,1,0,0,2,11,114,0,0,15,0,3,5,8,0,28,5,14,6,3,0,232,0,0,22,112,4,33,0,8,8,2,1,11,0,1,2,2,1,0,1,1,9,15,42,4,5,2,2,6,56,3,4,23,0,35,0,3,0,0,8,0,3,6,2,2,1,0,5,0,1,6,1,8,0,0,9,0,9,0,0,14,0,3,0,0,10,0,0,1,8,12,1,4,10,48,0,36,10,1,0,7,3,9,5,8,7,0,5,4,0,10,0,0,3,13,14,9,10,9,23,8,1,2,0,0,0,4,0,0,1,5,2,21,1,1,3,0,6,6,17,0,0,0,0,3,8,9,0,6,13,19,3,4,168,0,0,0,2,7,1,0,1,1,120,9,3
COD,8,0,0,0,0,0,2,8,0,0,12,4,1,1,156,10,12,6,4,2,0,0,0,2,0,1,9,1,2,0,3,4,22,33,3,7,12,23,0,7,0,4,0,0,0,0,0,0,3,8,32,0,0,10,0,1,3,3,0,9,2,7,4,3,0,52,0,0,11,59,3,11,0,5,6,0,1,4,0,0,2,0,0,0,2,2,2,6,17,2,3,2,3,5,12,0,2,14,1,23,1,6,0,0,4,0,4,3,1,2,1,0,3,0,1,4,1,4,0,0,3,0,5,0,1,7,0,3,0,1,4,0,0,0,4,3,1,1,3,12,0,20,7,2,0,3,2,8,3,5,5,0,4,1,0,4,1,0,2,4,3,6,4,3,3,5,1,6,1,0,0,3,0,0,0,4,1,8,1,0,4,0,1,6,9,0,0,0,0,0,3,3,0,3,9,16,3,3,127,0,0,0,1,9,0,0,0,1,22,8,2
COG,0,0,0,0,0,0,0,0,0,0,3,1,0,0,8,7,7,1,0,0,0,0,0,0,0,0,2,1,1,0,0,8,4,20,0,3,9,13,7,0,0,3,0,0,1,0,0,0,0,0,27,0,0,10,0,0,1,5,1,7,0,5,1,0,0,39,0,0,6,36,0,8,0,3,6,1,0,0,0,0,0,0,1,0,0,0,0,4,18,2,0,0,0,0,12,0,0,2,0,9,0,2,0,0,0,0,1,0,1,0,0,0,1,0,0,2,0,2,0,0,5,0,2,0,0,5,0,1,0,0,6,1,0,0,3,2,2,0,4,9,0,5,6,0,0,1,0,1,1,0,5,0,2,0,0,1,0,0,0,0,0,4,0,1,7,0,1,4,0,0,0,0,0,0,0,0,0,8,1,0,0,0,1,1,5,0,0,0,0,0,0,0,0,1,7,11,0,0,43,0,0,0,0,3,1,0,0,0,14,11,3
COK,0,0,0,0,0,0,0,0,0,0,3,0,0,0,0,0,0,0,0,0,0,0,0,0,0,0,0,0,0,0,0,0,0,1,0,0,0,0,0,0,0,0,0,0,0,0,0,0,0,0,0,0,0,0,0,0,0,0,0,0,0,0,0,2,0,2,0,1,0,2,0,0,0,0,0,0,0,0,0,0,0,0,0,0,0,0,0,0,0,0,0,0,0,0,0,0,0,1,0,0,0,0,0,0,0,0,0,0,0,0,0,0,0,0,0,0,0,0,0,0,0,0,0,0,0,0,0,0,0,0,0,0,0,0,0,0,0,2,0,0,0,0,0,0,0,2,0,0,0,0,0,0,0,0,0,0,0,0,0,0,0,0,0,0,0,0,1,0,0,0,0,0,0,0,0,0,0,0,0,0,0,0,0,0,0,0,0,0,1,0,0,0,0,0,0,0,0,0,5,0,0,0,0,0,0,0,0,0,0,0,0
COL,4,0,0,9,0,0,16,362,191,0,278,246,114,0,200,5,6,15,107,6,1,3,200,7,1,24,779,4,3,1,3,0,351,348,373,385,8,8,4,3,0,0,0,0,62,54,0,1,87,244,545,0,1,187,14,4,96,105,13,934,90,9,139,4,0,563,0,0,2,830,207,9,0,0,6,0,0,228,1,1,29,6,3,12,91,0,210,16,239,175,113,9,7,155,463,10,11,201,2,33,1,1,0,0,162,9,2,13,0,3,1,0,86,0,85,6,8,122,0,0,4,0,487,0,2,5,1,2,0,2,2,0,0,3,8,219,2,3,5,20,8,351,161,2,0,116,26,97,48,99,35,0,9,308,0,271,13,2,90,200,311,6,92,2,5,42,1,1,16,0,1,207,0,0,2,127,126,213,0,1,5,0,0,0,124,0,0,0,0,15,11,257,0,232,10,19,167,54,1473,1,1,1,103,83,0,0,1,1,183,8,4
COM,0,0,0,0,0,0,0,0,0,0,0,0,0,0,0,0,0,0,0,0,0,0,0,0,0,0,0,0,0,0,0,0,0,0,0,1,0,0,0,0,0,0,0,0,0,0,0,0,0,0,0,0,0,0,0,0,0,0,0,0,0,0,0,0,0,3,0,0,0,1,0,0,0,0,0,0,0,0,0,0,0,0,0,0,0,0,0,0,0,0,0,0,0,0,2,0,0,0,0,0,0,0,0,0,0,0,0,0,0,0,0,0,0,0,0,0,0,0,0,0,0,0,0,0,0,0,0,0,0,0,0,0,0,0,0,0,0,0,0,0,0,0,0,0,0,0,0,0,0,0,0,0,0,0,0,0,0,0,0,0,0,0,0,0,1,0,0,0,0,0,0,0,0,0,0,0,0,0,0,0,0,0,0,0,0,0,0,0,0,0,0,0,0,0,0,0,0,0,3,0,0,0,0,0,0,0,0,0,0,0,0
CPV,0,0,0,0,0,0,0,9,0,0,0,0,0,0,10,0,0,0,0,0,0,0,0,0,0,0,2,1,0,0,1,0,10,1,1,1,0,0,0,0,0,0,0,0,0,0,0,0,0,0,1,0,0,1,0,0,0,0,0,19,0,0,0,0,0,11,0,0,0,19,0,0,0,0,0,0,0,1,0,0,0,0,0,0,0,0,0,0,0,10,0,0,0,0,1,0,0,10,0,0,0,0,0,0,0,0,0,0,0,0,0,0,0,0,0,0,0,1,0,0,0,0,1,0,0,0,0,1,0,0,0,0,0,0,0,0,0,0,0,0,0,3,1,0,0,0,0,0,0,0,0,0,0,0,0,24,0,0,0,0,1,0,0,0,0,0,0,0,0,0,0,0,0,0,0,0,0,0,0,0,0,0,0,0,0,0,0,0,0,0,1,1,0,0,0,0,0,0,13,0,0,0,0,0,0,0,0,0,0,0,0
CRI,0,0,0,0,0,0,1,47,2,0,42,14,0,0,16,1,0,1,1,0,0,0,0,4,0,11,91,1,1,0,2,0,45,23,49,16,1,2,0,1,0,62,0,0,0,7,0,1,1,4,72,0,1,18,9,1,21,4,0,102,1,0,9,0,0,58,0,0,0,65,0,3,0,0,1,0,0,3,1,0,24,2,0,12,1,0,0,5,13,5,6,0,0,6,35,4,0,21,0,4,0,0,1,0,6,1,1,4,0,0,0,0,2,0,1,0,1,1,0,1,1,0,72,0,1,0,1,1,0,1,0,0,0,0,0,7,0,0,0,2,13,34,5,0,0,8,1,1,42,23,9,0,3,7,0,14,5,0,1,3,13,0,6,1,0,6,0,0,14,0,0,3,0,0,0,1,3,13,1,0,1,0,0,0,9,0,0,0,0,3,2,3,0,15,2,2,1,24,265,0,0,1,10,2,0,0,0,0,8,0,0
CUB,0,1,0,0,0,0,2,59,25,0,18,13,1,0,63,0,0,1,1,0,1,1,0,0,0,15,213,2,0,0,1,0,47,67,40,61,1,1,0,0,0,54,0,0,7,0,0,1,2,36,75,0,1,35,9,2,34,6,0,235,1,0,31,0,0,73,0,0,0,85,0,1,0,0,2,0,0,35,1,1,15,0,0,9,31,2,31,3,37,10,5,0,0,8,87,4,2,38,0,5,0,1,0,0,29,6,0,1,0,0,0,0,0,0,0,2,0,3,1,0,0,0,195,0,1,0,2,0,0,1,1,0,0,0,1,3,0,1,0,4,1,52,35,0,0,2,1,28,2,48,3,0,0,36,0,19,15,0,0,30,37,0,8,1,1,5,0,0,15,0,0,23,0,0,1,31,3,37,0,1,0,1,0,0,26,0,0,0,0,1,1,36,0,4,0,1,25,15,120,0,0,1,20,4,0,0,0,1,32,1,0
CUW,0,0,0,0,0,0,0,0,0,0,0,0,0,0,0,0,0,0,0,0,0,0,0,0,0,0,0,0,0,0,0,0,0,0,0,0,0,0,0,0,0,0,0,0,0,0,0,0,0,0,1,0,0,0,0,0,0,0,0,0,0,0,0,0,0,0,0,0,0,0,0,0,0,0,0,0,0,0,0,0,0,0,0,0,0,0,0,0,0,0,0,0,0,0,0,0,0,0,0,0,0,0,0,0,0,0,0,0,0,0,0,0,0,0,0,0,0,0,0,0,0,0,0,0,0,0,0,0,0,0,0,0,0,0,0,0,0,0,0,0,0,1,0,0,0,0,0,0,0,0,0,0,0,0,0,0,0,0,0,0,0,0,0,0,0,0,0,0,0,0,0,0,0,0,0,0,0,0,0,0,0,0,0,0,0,0,0,0,0,0,0,0,0,0,0,0,0,0,1,0,0,0,0,0,0,0,0,0,0,0,0
CYM,0,0,0,0,0,0,0,1,0,0,1,1,0,0,1,0,0,0,0,0,0,0,0,0,0,1,1,1,0,0,1,0,1,1,1,1,0,0,0,0,0,1,0,0,1,1,0,0,0,0,1,0,1,1,0,0,1,1,0,1,0,0,1,0,0,1,0,0,0,2,0,0,0,0,1,0,0,0,1,0,0,0,0,0,0,0,0,0,1,1,1,0,0,0,1,1,0,1,0,1,0,0,0,0,1,0,0,0,0,0,0,0,0,0,0,0,0,1,0,0,0,0,1,0,0,0,0,0,0,1,0,0,0,0,0,0,0,0,0,1,0,1,1,0,0,1,0,0,0,1,0,0,0,0,0,1,0,0,0,0,1,0,1,0,0,0,0,0,0,0,0,0,0,0,0,0,0,1,0,0,0,0,0,0,0,0,0,0,0,1,0,1,0,1,0,0,0,1,1,0,0,1,1,0,0,0,0,0,1,0,0
CYP,4,0,0,4,0,0,20,9,81,0,42,115,4,0,153,4,3,6,101,4,0,1,84,3,0,0,99,1,1,0,2,0,50,135,8,116,4,2,3,0,0,87,0,0,1,2,0,0,0,124,251,0,0,55,0,3,0,95,0,195,114,4,133,4,0,187,0,0,0,392,87,3,0,0,3,0,0,420,0,0,0,0,0,0,103,0,118,6,100,114,94,7,9,42,242,0,9,24,4,7,1,0,0,0,93,2,0,14,0,3,1,0,88,0,93,12,8,6,1,2,0,0,91,0,2,1,14,1,3,1,1,0,0,1,1,89,0,3,1,4,0,73,32,0,0,90,24,95,2,3,6,0,4,129,0,132,1,2,87,52,121,4,65,2,0,20,0,0,1,0,0,101,0,0,0,25,32,76,0,0,4,0,0,0,85,0,0,0,0,0,8,189,0,92,4,4,95,6,309,1,0,0,1,6,1,0,0,2,19,4,0
CZE,1,0,0,11,0,0,23,216,236,0,544,933,116,0,736,0,6,7,243,1,0,20,222,2,0,5,537,0,6,0,1,4,626,936,197,663,4,11,8,0,0,244,0,0,4,36,0,0,124,0,2318,0,0,549,6,26,30,171,0,1225,204,12,476,0,0,1636,0,0,3,2132,206,5,0,0,0,0,0,562,0,2,5,0,0,1,284,0,601,10,508,282,166,2,21,331,1508,4,10,643,19,6,3,0,0,0,360,17,0,14,0,1,0,0,83,0,226,28,98,122,1,9,4,0,228,0,21,1,10,2,8,8,2,0,0,5,2,301,12,0,0,5,0,849,408,0,0,174,27,152,11,43,14,0,9,1238,0,515,3,2,96,374,923,2,159,7,4,116,0,0,2,1,0,333,0,1,0,1160,351,733,0,1,3,0,2,0,156,0,0,0,0,1,15,433,0,308,13,6,288,6,2330,9,1,0,15,21,0,0,1,3,258,1,1
DEU,7,4,0,26,0,1,143,803,288,0,4548,5716,146,4,4223,47,52,78,527,7,2,52,342,8,6,30,2359,4,17,2,20,3,5011,8715,991,5902,47,114,32,27,0,545,0,1,72,75,1,1,251,2318,0,0,3,3307,12,86,97,789,2,7161,442,96,2250,7,0,10943,0,0,67,16729,293,128,1,10,20,5,1,1886,7,10,23,7,2,0,597,1,1512,187,1932,1294,746,56,195,1821,9466,10,120,3801,71,218,29,10,0,4,1721,39,16,79,7,10,2,34,121,0,371,309,199,224,12,70,56,0,794,0,58,31,49,11,16,28,25,0,1,11,27,439,53,14,15,117,4,7960,1986,45,0,825,92,436,67,122,111,1,9,3347,4,1725,15,9,233,1086,3919,22,820,38,33,714,1,12,2,0,1,603,0,0,3,624,685,4642,5,7,25,0,1,16,420,12,5,0,0,11,110,1297,0,830,132,63,796,67,23426,42,9,1,54,304,1,0,3,9,1157,27,10
DJI,0,0,0,0,0,0,0,0,0,0,0,0,0,0,2,0,0,0,0,0,0,0,0,0,0,0,0,0,0,0,0,0,3,0,0,0,0,0,0,0,0,0,0,0,0,0,0,0,0,0,0,0,0,0,0,1,1,0,0,0,0,0,0,0,0,7,0,0,0,0,0,0,0,0,0,0,0,0,0,0,0,0,0,0,0,0,0,0,0,0,0,0,0,0,3,0,0,0,0,0,0,0,0,0,0,0,0,0,0,0,0,0,0,0,0,0,0,0,0,0,0,0,0,0,0,0,0,0,0,0,0,0,0,0,0,0,0,0,0,0,0,0,0,0,0,0,0,1,0,0,0,0,0,0,0,0,0,0,0,0,1,0,0,0,0,0,0,0,0,0,0,0,0,0,0,0,0,0,0,0,0,0,0,0,0,0,0,0,0,0,1,0,0,0,0,0,0,0,0,0,0,0,0,0,0,0,0,0,0,0,0
DMA,0,0,0,0,0,0,0,1,0,0,3,1,0,0,1,0,0,0,0,0,0,0,0,0,0,1,1,1,0,0,1,0,4,1,1,1,0,0,0,0,0,1,0,0,1,1,0,1,0,0,3,0,0,1,0,0,1,1,0,4,0,0,1,0,0,1,0,0,0,4,0,0,0,0,1,0,0,0,1,0,0,0,0,0,0,0,1,0,1,4,1,0,0,0,1,1,0,1,0,1,0,0,0,0,1,0,0,0,0,0,0,0,0,0,0,0,0,1,0,0,0,0,1,0,0,0,0,0,0,1,0,0,0,0,0,0,0,0,0,1,0,1,1,0,0,1,0,0,0,1,0,0,0,0,0,1,0,0,0,0,1,0,1,0,0,0,0,0,0,0,0,0,0,0,0,0,0,1,0,0,0,0,0,0,0,0,0,0,0,2,0,1,0,1,0,0,0,1,13,0,0,1,1,0,0,0,0,0,1,0,0
DNK,5,3,0,15,0,0,54,256,153,0,1424,822,118,0,1047,17,23,34,111,5,0,8,154,3,4,13,588,2,5,0,5,0,1349,1303,304,1334,9,15,10,10,0,187,0,1,18,35,0,1,55,549,3307,0,1,0,3,14,25,65,0,1732,179,27,941,7,0,2020,1,0,11,4636,130,54,0,0,13,38,0,593,1,103,5,1,1,2,152,0,421,34,400,378,139,10,218,450,2077,4,14,741,11,56,7,5,0,3,349,12,6,18,1,5,1,0,20,0,118,65,105,127,10,12,12,0,171,0,19,17,36,2,7,6,12,0,0,2,8,230,8,3,5,26,1,2041,1554,19,0,233,8,79,11,51,28,0,5,728,1,619,1,3,60,350,509,10,131,7,18,203,0,4,1,0,0,230,0,0,1,264,294,2573,0,3,5,0,0,1,109,2,1,0,0,3,22,336,0,219,69,48,94,27,4808,2,1,1,11,57,1,0,2,1,392,25,10
DOM,0,0,0,0,0,0,0,11,0,0,3,2,0,0,4,0,0,1,3,0,0,0,1,0,0,2,17,0,0,2,0,0,17,6,6,4,0,0,0,0,0,14,0,0,9,9,0,0,0,6,12,0,0,3,0,0,4,1,0,28,1,0,3,0,0,11,0,0,0,15,0,0,0,0,0,0,0,0,0,0,8,0,0,5,0,3,3,0,3,0,0,0,2,1,9,2,0,4,0,0,0,0,0,0,2,0,0,0,0,0,0,0,0,0,1,0,2,0,0,0,0,0,16,0,0,0,0,0,0,0,0,0,0,0,0,0,1,0,0,0,2,6,3,2,0,2,0,2,3,7,2,0,0,3,0,4,2,0,0,3,3,0,0,0,0,2,0,0,6,0,0,1,0,0,0,1,1,9,0,0,0,0,0,0,5,0,0,0,0,0,0,1,0,2,0,0,0,3,82,0,0,0,6,0,0,0,0,0,3,0,0
DZA,0,0,0,2,0,0,43,4,1,0,12,19,0,0,67,1,3,5,6,9,0,1,3,0,0,0,10,0,0,0,0,0,113,33,4,55,1,3,1,0,0,4,0,0,1,2,0,0,3,26,86,1,0,14,0,0,2,47,0,121,6,0,14,0,0,1341,0,0,0,114,1,0,0,1,0,0,0,18,0,1,0,0,0,0,10,0,8,1,42,10,15,6,0,17,127,0,20,20,1,2,1,0,0,0,17,3,0,17,0,0,0,0,1,0,7,6,4,65,0,1,1,0,20,0,4,0,3,1,2,1,1,1,0,0,0,51,0,0,1,3,0,15,16,2,0,1,9,54,0,2,2,0,0,15,0,41,1,0,8,17,26,0,162,2,5,3,0,0,0,0,0,6,0,0,0,5,10,14,0,1,3,0,0,0,5,0,0,0,0,0,91,73,0,6,1,1,9,0,103,0,0,0,3,3,0,0,0,2,37,0,2
ECU,0,0,0,0,0,0,3,70,0,0,44,19,0,0,54,1,0,1,1,0,0,1,0,0,0,27,125,1,2,0,3,0,57,35,64,52,3,5,3,1,0,96,0,0,21,34,0,1,0,30,97,1,1,25,4,2,0,12,0,360,1,1,14,0,0,92,0,0,1,121,0,2,0,0,1,0,0,7,1,1,12,5,3,8,0,3,4,4,41,19,3,0,2,7,80,2,1,22,5,7,1,1,0,1,23,0,2,1,1,0,0,0,3,0,2,2,1,4,0,0,1,0,103,0,1,1,0,0,0,5,1,0,0,1,4,8,1,0,2,9,6,67,6,2,0,14,0,6,25,58,4,0,3,25,0,27,8,0,1,10,21,0,13,1,0,9,0,3,8,0,2,0,0,0,2,5,1,34,0,1,0,0,0,0,6,0,0,0,0,2,3,8,0,12,3,5,17,17,343,0,0,1,111,7,0,0,0,1,29,1,0
EGY,6,0,0,6,0,0,173,36,85,0,176,177,10,0,217,4,6,24,110,26,0,3,84,4,1,3,183,4,4,0,3,0,489,204,29,433,6,8,3,5,0,105,0,0,4,6,0,1,95,171,789,0,1,65,1,47,12,0,0,318,97,20,152,6,0,405,0,0,2,708,93,14,0,0,4,0,0,180,2,2,1,0,1,0,114,0,120,19,316,124,164,43,6,56,406,4,55,511,11,26,1,0,0,3,338,90,0,76,8,42,1,0,88,0,89,3,4,34,1,0,4,0,150,0,3,3,4,0,1,3,2,0,0,3,4,255,5,3,1,30,0,123,46,2,0,130,74,179,2,12,21,0,4,171,0,138,2,5,264,78,196,5,2892,37,4,34,0,0,1,0,2,110,0,0,0,14,26,108,1,1,19,0,2,1,132,1,0,0,0,2,99,250,0,149,7,8,102,7,1544,7,0,1,6,16,0,0,2,47,99,7,2
ERI,0,0,0,0,0,0,1,0,0,0,0,0,0,0,0,0,0,0,0,0,0,0,0,0,0,0,0,0,0,0,1,0,0,1,0,3,0,0,0,1,0,13,0,0,0,0,0,0,0,0,2,0,0,0,0,0,0,0,0,3,0,5,0,0,0,4,0,0,0,19,0,0,0,0,0,0,0,0,0,0,0,0,0,0,0,0,0,0,3,0,2,0,0,0,17,0,0,1,0,2,0,0,0,0,0,0,0,0,0,0,0,0,0,0,0,0,0,1,0,0,0,0,0,0,0,0,0,0,0,0,1,0,0,0,1,0,0,0,1,0,0,2,0,0,0,0,1,0,0,0,0,0,0,1,0,1,0,0,0,0,0,0,1,0,0,0,0,0,0,0,0,0,0,0,0,0,0,0,0,0,0,0,0,0,0,0,0,0,0,13,1,0,0,0,1,3,0,0,18,0,0,0,0,0,0,0,0,1,1,2,2
ESP,5,13,0,34,16,1,85,1163,233,0,2254,1637,123,0,2551,19,16,17,369,14,0,28,253,4,3,53,2433,2,3,1,9,1,2285,2960,1469,1899,12,28,9,7,0,934,0,19,102,235,0,1,195,1225,7161,0,4,1732,28,121,360,318,3,0,328,59,1261,8,0,6926,0,0,22,9313,245,31,1,9,19,4,2,1466,2,7,34,3,1,19,370,3,825,47,941,894,438,20,123,825,7056,11,39,1539,20,66,3,9,0,1,834,28,4,62,2,5,1,2,100,0,271,125,119,337,13,22,13,0,1716,0,41,18,51,4,15,9,73,2,0,7,7,354,8,12,7,41,13,3576,1157,7,0,385,35,194,48,200,40,0,46,1772,0,2808,33,2,168,710,1358,8,604,7,31,279,2,3,17,0,1,448,0,0,1,417,523,2358,2,4,9,0,0,1,236,0,0,0,0,5,295,872,0,527,42,24,376,199,10423,16,5,1,205,102,3,0,2,2,593,12,15
EST,4,0,0,7,0,0,10,13,90,0,95,207,5,0,232,4,1,7,148,5,0,6,96,3,0,1,157,1,3,0,3,0,81,243,10,210,6,5,2,0,0,90,0,0,1,1,0,0,114,204,442,0,0,179,1,6,1,97,0,328,0,5,451,4,0,321,0,0,0,581,92,3,0,1,3,0,0,176,0,2,0,0,0,0,124,0,205,11,160,160,100,5,43,44,332,4,7,104,2,9,3,0,0,0,150,2,1,12,0,3,1,0,90,0,210,10,158,6,0,11,0,0,99,0,5,1,8,1,2,3,0,0,0,0,0,90,3,3,1,11,0,212,126,1,0,112,23,101,5,10,12,0,4,257,0,176,1,1,88,93,272,4,78,3,2,36,0,0,0,0,0,109,0,0,0,76,91,344,0,2,4,0,0,0,95,0,0,0,0,0,6,126,0,99,5,7,132,4,423,3,0,0,1,10,2,0,2,1,26,3,1
ETH,5,0,0,0,0,0,9,11,0,0,52,30,2,1,104,9,15,14,7,7,1,0,0,3,0,3,26,1,0,0,9,0,42,54,10,30,9,14,7,5,0,9,0,0,0,0,0,0,4,12,96,0,0,27,0,0,1,20,5,59,5,0,13,6,0,49,0,0,7,205,5,26,0,4,12,3,0,7,0,0,1,0,0,0,2,0,1,11,79,8,12,4,4,16,59,0,8,33,0,73,0,6,0,0,24,0,1,5,3,3,1,0,6,0,0,2,0,8,0,0,6,0,17,0,0,9,0,1,0,0,9,0,0,1,15,15,5,3,11,37,2,104,54,8,0,10,4,23,1,7,11,0,4,5,0,11,0,1,5,3,21,15,18,15,14,6,0,6,0,0,0,4,2,0,0,5,0,54,1,0,6,0,1,1,7,0,0,0,0,2,6,10,0,6,33,45,6,4,299,0,0,0,0,10,0,0,0,5,91,16,13
FIN,4,8,0,7,0,0,34,73,110,0,711,582,5,0,686,4,9,15,209,6,0,9,104,3,0,4,404,3,2,1,3,0,687,896,126,952,6,6,4,1,0,139,0,0,9,31,0,1,133,476,2250,0,1,941,3,14,14,152,0,1261,451,13,0,5,0,1523,0,0,0,2728,100,19,0,0,4,2,0,542,2,3,3,1,4,0,201,0,352,17,415,350,179,6,143,213,1387,5,18,570,12,34,1,2,0,1,354,9,1,19,0,13,1,0,93,0,217,40,111,24,3,9,3,0,212,0,12,3,13,1,2,12,7,0,0,8,22,160,3,6,1,19,0,1148,869,6,0,232,31,164,5,43,21,0,5,631,0,439,2,1,111,184,893,4,143,5,2,139,0,0,0,0,0,177,0,0,0,138,137,1973,0,2,4,0,0,0,156,1,0,0,0,2,21,268,0,206,19,17,191,16,2768,6,0,1,11,21,0,0,1,1,184,8,1
FJI,4,0,0,0,0,0,4,7,1,0,85,5,2,0,2,4,0,12,8,5,0,0,0,3,0,1,6,1,0,0,2,0,16,8,5,7,4,3,3,0,2,4,0,0,0,0,0,0,4,0,7,0,0,7,0,0,0,6,0,8,4,6,5,0,0,18,0,2,1,36,4,4,0,0,3,0,1,5,0,0,1,0,0,0,0,0,2,8,23,2,7,4,4,5,22,0,4,14,0,7,0,1,0,0,8,0,1,4,0,3,1,0,5,0,0,0,0,5,0,0,0,0,6,3,0,2,0,0,0,0,0,0,0,0,1,9,0,10,1,7,0,8,4,2,0,26,4,6,2,3,6,0,7,1,0,4,0,1,4,3,5,4,5,2,0,7,7,0,0,0,0,4,0,0,0,4,0,7,0,0,3,0,0,0,4,0,0,1,1,1,4,5,1,5,5,4,4,5,30,1,0,0,0,5,3,0,0,1,9,3,0
FLK,0,0,0,0,0,0,0,0,0,0,1,0,0,0,0,0,0,0,0,0,0,0,0,0,0,0,0,0,0,0,0,0,0,1,0,0,0,0,0,0,0,0,0,0,0,0,0,0,0,0,0,0,0,0,0,0,0,0,0,0,0,0,0,0,0,0,0,0,0,2,0,0,0,0,0,0,0,0,0,0,0,0,0,0,0,0,0,0,0,0,0,0,0,1,0,0,0,1,0,0,0,0,0,0,0,0,0,0,0,1,0,0,0,0,0,0,0,0,0,0,0,0,0,0,0,0,0,0,0,0,0,0,0,0,0,0,0,0,0,0,0,0,0,0,0,0,0,0,0,1,0,0,0,0,0,0,0,0,0,0,0,0,0,0,0,0,0,0,0,0,0,0,0,0,0,0,0,0,0,0,0,0,0,0,0,0,0,0,0,0,1,0,0,0,0,0,0,0,2,0,0,0,0,0,0,0,0,0,0,0,0
FRA,9,7,1,30,1,1,181,781,281,0,3273,2038,122,7,4778,135,161,43,384,15,1,24,284,6,3,42,2561,3,13,3,9,28,4871,5371,982,4051,120,232,52,39,2,563,3,11,58,73,0,1,187,1636,10943,7,1,2020,11,1341,92,405,4,6926,321,49,1523,18,0,0,0,0,71,12299,239,53,0,50,27,2,1,1621,2,3,21,67,10,7,439,13,1010,164,1379,1004,416,36,162,1204,9067,12,41,2830,33,115,6,72,0,4,1108,25,56,573,8,36,3,5,104,2,282,308,140,883,89,23,113,1,933,0,44,75,48,10,18,15,18,19,2,16,22,433,16,125,47,72,5,4797,1411,23,1,602,57,281,34,172,86,0,8,2333,1,1596,9,3,263,1232,2367,14,705,26,256,642,2,5,8,1,0,474,0,0,8,429,528,2881,6,18,34,0,13,43,470,2,0,0,1,15,1818,940,0,700,49,56,620,98,15791,11,2,1,92,396,8,0,2,7,956,25,31
FRO,0,0,0,0,0,0,0,0,0,0,0,0,0,0,0,0,0,0,0,0,0,0,0,0,0,0,0,0,0,0,0,0,1,0,0,0,0,0,0,0,0,0,0,0,0,0,0,0,0,0,0,0,0,1,0,0,0,0,0,0,0,0,0,0,0,0,0,0,0,1,0,0,0,0,0,0,0,0,0,0,0,0,0,0,0,0,0,0,0,0,0,0,1,0,0,0,0,0,0,0,0,0,0,0,0,0,0,0,0,0,0,0,0,0,0,0,0,0,0,0,0,0,0,0,0,0,0,0,0,0,0,0,0,0,0,0,0,0,0,0,0,0,1,0,0,0,0,0,0,0,0,0,0,0,0,0,0,0,0,0,0,0,0,0,0,0,0,0,0,0,0,0,0,0,0,0,0,0,0,0,0,0,0,0,0,0,0,0,0,0,0,0,0,0,0,0,0,0,0,0,0,0,0,0,0,0,0,0,0,0,0
FSM,0,0,0,0,0,0,2,0,0,0,4,0,0,0,0,0,0,0,0,0,0,0,0,0,0,0,0,0,0,0,0,0,0,1,0,0,0,0,0,0,1,0,0,0,0,0,0,0,0,0,0,0,0,0,0,0,0,0,0,0,0,0,0,2,0,0,0,0,0,1,0,0,0,0,0,0,0,0,0,0,0,0,0,0,0,0,1,0,0,0,0,0,0,0,1,0,0,2,0,0,0,0,0,0,0,0,0,0,0,0,0,0,0,0,0,0,0,0,0,0,0,0,0,1,0,0,0,0,0,0,0,0,0,0,0,2,0,1,0,0,0,0,0,0,0,0,0,0,0,0,1,0,1,0,0,0,0,0,0,0,0,0,0,0,0,0,1,0,0,0,0,0,0,0,0,0,0,0,0,0,0,0,0,0,0,0,0,0,1,0,0,0,0,0,0,0,0,0,6,0,0,0,0,0,0,0,0,0,0,0,0
GAB,0,0,0,0,0,0,0,1,0,0,7,12,1,0,22,10,13,1,1,0,0,0,0,0,0,2,5,0,2,0,0,4,5,17,0,6,9,22,11,6,0,2,0,0,0,0,0,0,0,3,67,0,0,11,0,0,1,2,0,22,0,7,0,1,0,71,0,0,0,34,0,16,0,0,6,2,2,0,0,0,1,0,0,0,0,0,1,6,7,0,1,0,0,0,10,0,0,7,0,16,0,4,0,0,1,0,2,0,1,0,0,0,1,0,0,2,0,3,0,0,4,0,1,0,0,7,0,3,0,0,11,0,0,0,3,3,0,0,4,7,0,31,0,1,0,1,1,1,2,3,2,0,1,1,0,5,0,0,0,0,1,5,2,2,9,2,0,0,0,0,0,0,0,0,0,0,0,5,0,0,0,0,0,2,8,0,0,0,0,1,0,1,0,1,12,6,0,1,35,0,0,0,2,1,1,0,0,0,9,4,0
GBR,32,8,0,30,1,0,396,882,404,2,10236,3170,244,5,5305,43,113,250,510,52,9,36,382,21,12,54,3285,39,45,3,51,14,8038,7095,1370,10035,61,112,59,36,2,830,1,19,65,85,0,2,392,2132,16729,0,4,4636,15,114,121,708,19,9313,581,205,2728,36,2,12299,1,1,34,22570,399,264,0,34,159,12,3,2921,25,29,24,21,13,3,595,7,1582,290,2684,3182,787,222,333,1744,11945,40,187,4256,65,573,12,83,0,17,1795,109,61,164,12,89,4,3,260,0,418,219,230,329,30,17,69,5,1008,0,52,77,168,30,23,46,48,0,5,42,215,1451,42,30,23,365,8,9926,3121,98,1,1913,129,795,82,235,164,3,43,3071,3,2690,12,8,527,1171,2726,65,1315,62,89,1591,10,57,4,0,6,687,3,2,8,668,810,5987,13,17,42,2,6,10,825,1,0,1,1,58,117,1498,1,1205,350,373,570,110,31270,16,5,2,60,395,5,0,3,12,2292,121,111
GEO,4,0,0,5,0,0,14,126,209,0,134,224,125,0,101,4,2,6,107,6,0,4,207,3,0,0,211,1,2,0,2,0,137,242,123,222,4,4,3,0,0,207,0,0,0,0,0,0,87,206,293,0,0,130,0,1,0,93,0,245,92,5,100,4,0,239,0,0,0,399,0,3,0,0,3,0,0,210,0,0,3,0,0,0,96,1,208,7,147,89,93,4,5,131,266,3,6,136,5,7,5,0,0,0,100,0,1,9,0,3,1,0,84,0,85,1,9,117,0,7,0,0,102,0,2,1,1,1,2,1,1,0,0,0,0,197,1,3,1,7,0,132,127,1,0,92,25,92,1,5,9,0,4,233,0,213,2,2,86,130,246,4,61,2,0,19,0,0,0,0,0,211,0,0,0,126,123,135,3,0,4,0,0,0,87,2,0,0,0,0,9,217,0,205,4,4,111,4,347,10,0,0,1,7,0,0,2,1,131,3,0
GHA,3,0,2,0,0,0,2,6,0,0,66,9,2,0,32,20,42,14,4,3,0,0,0,2,0,6,17,3,1,0,3,1,63,101,5,90,23,33,11,8,0,9,0,0,3,1,0,0,3,5,128,0,0,54,0,0,2,14,0,31,3,26,19,4,0,53,0,0,16,264,3,0,0,6,24,2,0,6,0,0,1,1,1,0,0,0,2,18,37,10,6,4,3,5,22,8,5,42,0,56,0,5,0,0,17,0,4,4,3,4,1,0,6,0,0,4,0,5,0,0,7,0,11,0,0,28,1,8,0,0,16,0,0,0,28,20,5,2,11,68,1,73,15,3,0,10,5,11,6,10,13,0,6,3,0,7,0,1,6,4,9,12,10,8,21,7,1,6,0,0,1,5,0,0,0,4,2,63,0,4,2,0,1,9,19,0,0,0,0,1,5,6,0,4,42,34,4,8,328,0,0,0,0,13,2,0,0,2,130,17,6
GIB,0,0,0,0,0,0,0,0,0,0,1,0,0,0,0,0,0,0,0,0,0,0,0,0,0,0,0,0,0,0,0,0,0,0,0,0,0,0,0,0,0,0,0,0,0,0,0,0,0,0,1,0,0,0,0,0,0,0,0,1,0,0,0,0,0,0,0,0,0,0,0,0,0,0,0,0,0,0,0,0,0,0,0,0,0,0,0,0,0,0,0,0,0,0,1,0,0,0,0,0,0,0,0,0,0,0,0,0,0,0,0,0,0,0,0,0,0,0,0,0,0,0,0,0,0,0,0,0,0,0,0,0,0,0,0,0,0,0,0,0,0,0,0,0,0,0,0,0,0,0,0,0,0,0,0,0,0,0,0,0,0,0,0,0,0,0,0,0,0,0,0,0,0,0,0,0,0,0,0,0,0,0,0,0,0,0,0,0,0,0,0,0,0,0,0,0,0,0,0,0,0,0,0,0,0,0,0,0,1,0,0
GIN,0,0,0,0,0,0,1,0,0,0,7,0,0,0,22,6,12,0,0,0,0,0,0,0,0,0,3,0,0,0,0,2,5,20,0,7,12,8,5,3,0,0,0,0,0,0,0,0,0,0,10,0,0,0,0,1,0,0,0,9,1,4,0,0,0,50,0,0,0,34,0,6,0,0,4,0,0,1,0,0,0,0,0,0,0,0,2,1,1,0,0,0,0,0,5,1,0,1,0,1,0,0,0,0,0,0,0,0,1,0,0,0,0,0,0,2,0,1,0,0,0,0,0,0,0,2,0,1,0,0,3,2,0,0,1,0,0,0,1,5,0,3,5,0,0,1,0,1,0,2,3,0,1,0,0,3,0,0,0,0,0,2,0,1,17,0,1,6,0,0,0,0,0,0,0,0,1,6,0,0,0,0,0,4,0,0,0,0,0,0,0,0,0,0,1,2,0,0,33,0,0,0,0,0,2,0,0,0,8,1,0
GMB,3,0,0,0,0,0,2,4,0,0,25,6,1,0,58,9,20,9,3,3,0,0,0,3,0,2,6,2,0,0,3,1,8,28,3,6,8,8,6,6,0,6,0,0,1,2,0,1,3,0,20,0,1,13,0,0,1,4,0,19,3,12,4,3,0,27,0,0,6,159,3,24,0,4,0,5,0,3,1,0,0,0,0,0,0,0,0,8,14,2,4,3,3,4,12,2,3,15,0,26,0,5,0,0,5,0,2,3,1,2,1,0,3,1,1,2,0,4,0,0,6,0,5,0,0,23,0,3,0,1,13,0,0,0,7,3,0,2,5,17,0,27,6,0,0,13,3,5,1,8,3,0,3,1,0,8,0,0,3,2,4,7,5,4,18,3,0,3,0,0,0,3,0,0,0,3,0,13,1,0,3,0,0,1,8,0,0,0,0,1,3,5,0,8,18,12,3,4,66,0,0,1,1,11,0,0,0,1,20,11,0
GNB,0,0,0,0,0,0,0,0,0,0,8,0,0,0,4,2,3,1,0,0,0,0,0,0,0,0,2,0,0,0,0,0,2,3,0,2,2,2,0,1,0,0,0,0,0,0,0,0,0,0,5,0,0,38,0,0,0,0,0,4,0,3,2,0,0,2,0,0,2,12,0,2,0,0,5,0,0,0,0,0,0,0,0,1,0,0,2,1,0,0,0,0,0,2,6,0,0,2,0,4,0,1,0,0,3,0,2,0,1,0,0,0,2,0,0,1,0,0,0,0,3,0,0,0,0,2,0,1,0,2,2,0,0,0,0,0,0,0,2,2,0,9,2,0,0,1,0,0,0,0,0,0,0,0,0,10,0,0,0,0,1,2,0,3,5,0,0,0,0,0,0,0,0,0,0,0,0,9,0,0,0,0,0,0,2,0,0,0,0,0,0,2,0,0,4,2,0,0,8,0,0,0,0,1,0,0,0,0,3,2,0
GNQ,0,0,0,0,0,0,0,0,0,0,0,0,0,0,0,0,0,0,0,0,0,0,0,0,0,0,0,0,0,0,0,0,0,1,0,3,1,1,1,0,0,0,0,0,0,0,0,0,0,0,1,0,0,0,0,0,0,0,0,2,0,0,0,1,0,1,0,0,2,3,0,0,0,0,0,0,0,0,0,0,0,0,0,0,0,0,0,0,0,0,0,0,0,1,1,0,0,0,0,0,0,0,0,0,0,0,0,0,0,0,0,0,0,0,0,0,0,0,0,0,0,0,0,0,0,0,0,0,0,0,0,0,0,0,0,0,0,0,0,0,0,1,0,0,0,0,0,0,0,0,0,0,0,0,0,0,0,0,0,0,0,0,0,0,0,0,0,0,0,0,0,0,0,0,0,0,0,0,0,0,0,0,0,0,0,0,0,0,0,0,0,0,0,0,1,0,0,0,11,0,0,0,0,0,0,0,0,0,1,0,0
GRC,4,0,0,18,0,0,92,185,227,0,527,627,115,0,775,4,3,13,249,7,0,8,208,3,0,0,426,1,5,1,3,0,560,899,191,647,5,11,4,0,0,228,0,1,3,35,0,0,420,562,1886,0,0,593,0,18,7,180,0,1466,176,7,542,5,0,1621,0,0,0,2921,210,6,0,1,3,0,0,0,0,2,1,0,0,2,232,0,428,9,363,331,157,8,44,350,1963,5,26,436,13,10,1,0,0,0,305,12,0,30,0,7,1,0,93,0,177,31,70,136,8,7,0,0,183,0,32,1,35,1,7,3,2,0,0,2,0,264,1,3,1,16,0,1055,463,4,0,152,36,140,4,39,15,0,4,677,0,543,3,2,139,406,509,4,254,3,3,118,0,0,0,1,0,361,0,0,0,267,275,794,0,2,7,0,0,0,169,0,0,0,0,0,44,529,0,270,6,5,172,10,2495,2,1,0,12,20,1,0,3,1,227,3,1
GRD,0,0,0,0,0,0,1,1,0,0,2,2,0,0,1,0,0,0,0,0,0,0,0,0,0,1,1,3,0,0,1,0,7,5,1,4,0,0,0,0,0,1,0,0,1,1,0,1,0,0,7,0,1,1,0,0,1,2,0,2,0,0,2,0,0,2,0,0,0,25,0,0,0,0,1,0,0,0,0,0,0,0,0,0,0,0,0,0,2,1,3,0,0,0,6,3,0,1,0,1,0,0,0,0,1,0,0,0,0,0,0,0,0,0,0,0,0,1,0,1,0,0,1,0,0,0,0,0,0,1,0,0,0,0,0,0,0,0,0,2,0,2,2,0,0,1,0,0,0,1,0,0,0,16,0,3,0,0,0,14,2,0,1,0,0,0,0,0,0,0,0,0,0,0,0,0,0,2,0,0,0,0,0,0,0,0,0,0,0,2,0,5,0,1,0,0,0,1,114,0,0,2,1,0,0,0,0,0,4,0,0
