,ABW,AFG,AGO,AIA,ALB,AND,ANT,ARE,ARG,ARM,ATG,AUS,AUT,AZE,BDI,BEL,BEN,BES,BFA,BGD,BGR,BHR,BHS,BIH,BLR,BLZ,BMU,BOL,BRA,BRB,BRN,BTN,BWA,CAF,CAN,CHE,CHL,CHN,CIV,CMR,COD,COG,COK,COL,COM,CPV,CRI,CUB,CUW,CYM,CYP,CZE,DEU,DJI,DMA,DNK,DOM,DZA,ECU,EGY,ERI,ESP,EST,ETH,FIN,FJI,FLK,FRA,FRO,FSM,GAB,GBR,GEO,GHA,GIB,GIN,GMB,GNB,GNQ,GRC,GRD,GRL,GTM,GUF,GUY,HND,HRV,HTI,HUN,IDN,IND,IRL,IRN,IRQ,ISL,ISR,ITA,JAM,JOR,JPN,KAZ,KEN,KGZ,KHM,KIR,KNA,KOR,KWT,LAO,LBN,LBR,LBY,LCA,LIE,LKA,LSO,LTU,LUX,LVA,MAF,MAR,MCO,MDA,MDG,MDV,MEX,MHL,MKD,MLI,MLT,MMR,MNE,MNG,MOZ,MRT,MSR,MUS,MWI,MYS,NAM,NCL,NER,NGA,NIC,NIU,NLD,NOR,NPL,NRU,NZL,OMN,PAK,PAN,PER,PHL,PLW,PNG,POL,PRK,PRT,PRY,PSE,PYF,QAT,ROU,RUS,RWA,SAU,SDN,SEN,SGP,SHN,SJM,SLB,SLE,SLV,SMR,SOM,SRB,SSD,STP,SUR,SVK,SVN,SWE,SWZ,SXM,SYC,SYR,TCA,TCD,TGO,THA,TJK,TKM,TLS,TON,TTO,TUN,TUR,TUV,TWN,TZA,UGA,UKR,URY,USA,UZB,VAT,VCT,VEN,VGB,VNM,VUT,WSM,XKX,YEM,ZAF,ZMB,ZWE
ABW,0,0,0,0,0,0,0,0,0,0,0,1,0,0,0,1,0,1,0,0,0,0,0,0,0,0,0,0,0,0,0,0,0,0,2,1,0,0,0,0,0,0,0,2,0,0,0,0,0,0,0,0,0,0,1,0,1,0,0,0,0,0,0,0,0,0,0,1,0,0,0,0,0,0,0,0,0,0,0,0,0,0,0,0,0,0,0,0,0,0,0,0,0,0,0,0,0,0,0,0,0,0,0,0,0,2,0,0,0,0,0,0,0,0,0,0,0,0,0,0,0,0,0,0,0,0,0,0,0,0,0,0,0,0,0,0,0,0,0,0,0,0,0,0,0,4,0,0,0,0,0,0,0,0,0,0,0,0,0,0,0,0,0,0,0,0,0,0,0,0,0,0,0,0,0,0,0,0,0,0,0,0,0,0,0,0,0,0,0,0,0,0,0,0,0,0,0,0,0,0,0,0,0,0,0,0,4,0,0,0,0,0,0,0,0,0,0,0,0,0
AFG,0,0,2,0,1,1,0,2,2,0,0,17,5,0,0,4,0,0,1,8,1,0,0,0,0,1,0,2,4,0,0,3,0,1,5,7,2,13,1,2,1,2,0,1,0,0,1,0,0,0,1,2,8,0,0,4,0,0,1,10,0,6,2,4,1,0,0,7,0,0,1,19,1,0,0,0,2,1,0,1,0,0,1,0,0,1,2,1,1,7,20,3,19,3,2,2,4,0,5,41,2,1,1,1,0,0,0,0,1,4,1,0,0,0,3,0,1,1,1,0,5,0,0,0,1,3,0,0,1,1,2,0,0,1,0,0,0,0,5,0,0,1,3,0,0,7,1,3,0,2,2,19,1,2,3,0,1,1,0,3,0,2,0,0,1,2,1,3,4,1,2,0,0,0,0,1,0,0,1,0,0,0,2,1,4,0,0,0,1,0,0,0,9,1,0,0,0,0,2,9,0,1,1,2,0,1,33,1,0,0,1,0,10,0,0,0,1,2,0,0
AGO,0,2,0,0,1,1,0,2,3,0,0,3,4,0,0,9,1,0,1,1,1,0,0,0,0,1,0,1,18,0,0,0,1,1,9,8,7,4,3,0,6,2,0,2,0,4,1,3,0,0,0,1,19,0,0,3,1,0,7,2,0,14,1,2,5,0,0,15,0,0,1,22,1,1,0,0,1,5,0,1,0,0,2,2,0,2,1,1,1,3,4,3,1,0,1,1,10,1,0,2,0,5,0,2,0,0,1,0,2,0,1,0,0,0,1,1,1,1,1,0,1,0,0,0,0,5,0,0,2,1,1,0,0,7,0,0,0,1,1,10,0,1,5,1,0,6,4,0,0,1,1,1,3,2,1,0,1,2,0,64,1,1,0,0,2,2,2,2,1,3,1,0,0,0,0,2,0,0,1,1,3,1,1,1,3,1,0,0,0,0,0,0,3,0,0,0,0,1,1,1,0,1,2,7,1,3,23,0,0,0,3,0,1,0,0,0,0,25,2,1
AIA,0,0,0,0,0,0,0,1,0,0,0,1,0,1,0,1,1,0,0,1,0,0,1,0,0,0,0,0,1,0,0,0,1,0,1,0,0,1,0,0,1,0,0,1,0,0,0,0,0,0,0,0,1,0,0,1,0,1,0,2,0,1,0,1,1,0,0,0,0,0,0,2,0,2,0,0,0,0,0,1,0,0,0,0,0,0,1,0,0,1,3,1,1,1,0,0,1,1,1,1,0,2,0,0,0,1,1,0,0,0,1,0,0,0,0,0,0,0,0,0,0,0,0,0,0,2,0,0,0,0,0,0,0,1,0,1,0,0,1,1,0,0,3,0,0,2,1,2,0,1,0,1,0,1,1,0,0,1,0,1,1,1,0,1,0,1,0,1,0,0,0,0,0,0,0,0,0,0,1,0,0,0,1,0,1,0,0,0,0,0,0,0,0,0,0,0,0,1,1,0,0,1,1,1,1,0,5,0,0,1,0,1,1,0,0,0,0,1,1,0
ALB,0,1,1,0,0,1,0,5,10,6,0,16,24,3,1,24,4,0,1,2,30,1,0,22,10,1,0,2,14,2,3,0,3,0,15,32,12,22,3,4,2,1,0,8,0,1,5,1,0,0,11,21,46,0,0,20,2,5,9,15,0,50,15,4,22,2,0,43,1,0,0,81,13,6,0,0,2,0,0,43,0,1,3,0,0,1,42,1,22,6,15,19,8,3,7,21,137,3,7,21,5,6,3,2,0,1,7,2,1,4,0,3,0,0,4,0,21,9,18,0,11,1,10,1,0,11,0,28,0,14,2,25,1,2,0,0,1,2,10,1,0,0,9,3,1,29,19,3,0,6,5,12,5,7,7,0,0,37,0,27,3,5,0,0,29,28,1,10,2,5,8,0,0,1,0,2,3,0,32,0,0,0,17,36,22,1,0,1,1,0,2,2,7,4,2,0,2,1,11,44,1,8,3,3,12,4,52,1,0,0,5,0,5,1,1,26,1,14,4,2
AND,0,1,1,0,1,0,0,1,2,0,0,3,5,0,0,4,0,0,0,0,4,0,0,1,1,1,0,2,3,0,0,0,0,0,4,7,2,2,1,0,1,0,0,2,0,0,2,0,0,0,2,4,7,0,0,3,0,0,2,2,0,25,3,0,4,0,0,9,0,0,0,12,1,0,0,0,0,0,0,5,0,0,1,1,0,1,2,0,3,2,2,3,2,1,2,2,5,0,0,2,0,1,0,0,0,0,1,0,0,0,0,0,0,0,2,0,2,2,2,0,1,0,0,0,0,2,0,1,0,2,0,0,0,1,0,0,0,0,1,0,1,0,0,0,0,4,5,0,0,2,1,1,2,2,1,0,0,5,0,4,0,1,0,0,5,4,0,2,0,1,2,0,0,0,0,1,0,0,3,0,0,0,3,3,5,0,0,0,0,0,0,0,1,0,0,0,0,0,2,3,0,2,0,0,2,1,7,0,0,0,1,0,1,0,0,0,0,2,0,0
ANT,0,0,0,0,0,0,0,0,0,0,0,0,0,0,0,0,0,0,0,0,0,0,0,0,0,0,0,0,0,0,0,0,0,0,0,0,0,0,0,0,0,0,0,0,0,0,0,0,0,0,0,0,0,0,0,0,0,0,0,0,0,0,0,0,0,0,0,0,0,0,0,0,0,0,0,0,0,0,0,0,0,0,0,0,0,0,0,0,0,0,0,0,0,0,0,0,0,0,0,0,0,0,0,0,0,0,0,0,0,0,0,0,0,0,0,0,0,0,0,0,0,0,0,0,0,0,0,0,0,0,0,0,0,0,0,0,0,0,0,0,0,0,0,0,0,1,0,0,0,0,0,0,0,0,0,0,0,0,0,0,0,0,0,0,0,0,0,0,0,0,0,0,0,0,0,0,0,0,0,0,0,0,0,0,0,0,0,0,0,0,0,0,0,0,0,0,0,0,0,0,0,0,0,0,0,0,0,0,0,0,0,0,0,0,0,0,0,0,0,0
ARE,0,2,2,1,5,1,0,0,151,110,0,465,190,106,0,113,11,0,5,43,55,42,1,6,110,2,1,3,233,2,4,1,7,0,596,252,161,703,1,15,10,1,0,161,0,1,8,2,0,0,18,146,421,0,0,199,1,92,11,386,0,324,18,29,103,2,0,414,1,2,2,1093,118,16,0,2,5,0,0,273,1,1,1,0,0,1,40,0,155,30,442,69,157,69,16,171,415,8,223,276,19,18,13,0,0,0,242,86,0,107,3,9,1,1,13,0,17,8,11,0,156,1,6,0,0,57,0,10,0,13,4,5,5,10,1,0,3,2,237,2,1,2,34,3,1,277,183,19,0,68,107,350,11,17,32,0,2,206,0,214,14,53,0,118,153,229,2,554,16,7,93,0,0,1,0,3,0,1,165,1,0,1,119,126,250,2,0,1,8,0,1,4,25,2,0,0,2,7,108,223,1,165,5,9,29,8,1411,4,0,0,7,0,48,1,1,3,21,225,6,4
ARG,0,2,3,0,10,2,0,151,0,117,0,692,330,106,1,373,10,0,5,39,91,6,1,18,119,1,1,57,1418,8,6,2,9,0,759,502,770,489,5,23,13,1,1,594,0,3,98,59,0,0,19,305,1166,0,0,353,21,26,181,84,0,1648,52,29,151,6,2,1084,1,2,1,1318,137,22,0,1,8,1,0,260,2,1,48,7,1,14,77,3,230,35,288,104,99,16,19,292,941,8,25,440,12,42,14,3,0,1,155,22,0,27,4,1,0,1,25,0,63,20,44,0,129,1,11,4,1,622,0,25,2,33,1,8,8,19,0,0,3,9,84,6,4,2,47,16,1,552,260,17,0,152,15,50,52,261,59,0,0,375,1,361,65,38,0,17,228,341,9,86,11,13,111,0,0,1,0,15,1,0,200,0,0,3,171,192,413,1,0,2,10,0,1,6,83,1,0,0,2,6,41,287,1,196,10,20,71,340,2511,2,5,0,126,0,42,1,3,3,2,374,12,9
ARM,0,0,0,0,6,0,0,110,117,0,0,251,339,193,0,148,2,0,1,11,176,1,0,7,248,2,0,1,339,0,0,0,0,0,138,379,126,367,0,2,1,1,0,241,0,0,4,79,0,0,130,336,433,0,0,211,0,6,126,141,0,278,135,1,224,1,0,402,1,0,0,525,259,5,0,0,2,0,0,334,1,0,0,0,0,0,222,0,320,91,237,148,148,2,5,134,386,1,5,237,15,4,7,0,0,0,244,6,0,4,0,2,0,1,84,0,129,6,128,0,108,0,10,0,0,217,0,5,0,8,2,24,2,1,0,0,0,1,144,9,0,0,5,2,1,219,211,7,0,129,3,218,2,80,9,0,0,368,0,258,1,34,0,113,201,504,0,110,1,2,11,0,0,0,1,1,1,0,247,0,0,1,194,120,217,2,0,0,1,0,1,1,213,3,0,0,1,1,5,334,1,240,0,2,243,7,462,36,0,0,12,0,4,1,2,5,0,208,2,1
ATG,0,0,0,0,0,0,0,0,0,0,0,0,0,0,0,0,0,0,0,0,0,0,0,0,0,0,0,0,1,0,0,0,0,0,3,0,0,0,0,0,0,0,0,0,0,0,0,0,0,0,0,0,0,0,1,0,0,0,0,3,0,2,0,0,0,0,0,1,0,0,0,1,0,0,0,0,0,0,0,0,0,0,0,0,0,0,0,0,0,0,0,0,0,0,0,0,1,0,0,1,0,0,0,0,0,1,0,0,0,0,0,0,0,0,0,0,0,0,0,0,0,0,0,0,0,1,0,0,0,0,0,0,0,0,0,0,0,0,0,0,0,0,0,0,0,1,0,0,0,0,0,0,0,0,1,0,0,0,0,0,0,0,0,0,0,0,0,0,0,0,0,0,0,0,0,0,0,0,0,0,0,0,0,0,0,0,0,0,0,0,0,0,0,0,0,0,0,1,0,0,0,1,0,0,0,0,10,0,0,0,0,0,1,0,0,0,0,0,0,0
AUS,1,17,3,1,16,3,0,465,692,251,0,0,1522,124,5,2219,27,0,27,637,311,25,12,33,259,9,8,32,2306,16,60,29,45,3,6172,3080,950,16061,21,54,29,12,6,585,0,2,80,28,4,3,213,909,6905,0,1,2245,7,68,203,516,0,3753,359,223,1303,159,8,4994,2,7,10,15770,292,190,2,10,46,6,0,930,6,15,24,11,8,7,342,9,674,651,2651,1156,1596,276,183,1011,4185,15,154,3329,62,223,18,92,2,7,1893,140,67,107,11,24,2,6,395,3,259,109,181,1,179,58,19,18,6,694,2,51,23,56,55,39,29,47,3,1,18,44,1381,42,75,6,233,4,3,4429,1420,155,0,3181,117,802,62,161,303,8,125,1280,3,1079,34,72,1,394,385,1289,39,1135,30,36,1850,1,0,40,7,6,3,3,449,3,0,3,257,355,2807,6,0,13,15,0,3,13,895,14,0,17,13,20,92,804,2,1144,95,90,256,90,18227,42,3,1,78,0,839,23,26,9,9,1767,30,36
AUT,0,5,4,0,24,5,0,190,330,339,0,1522,0,192,2,1673,14,0,17,34,366,8,1,56,272,3,1,14,949,6,11,3,10,3,1498,2900,316,1691,11,24,15,5,1,354,0,3,36,93,1,0,230,1467,7706,0,0,1261,4,38,172,248,1,2406,323,41,971,5,0,2995,1,0,15,5030,290,23,1,2,12,1,0,1058,1,8,12,6,3,1,578,1,1023,141,770,661,402,13,110,602,3463,7,58,1173,31,59,15,6,0,1,630,23,3,44,4,5,0,68,115,0,366,97,290,0,136,11,23,8,0,417,0,69,4,65,5,47,18,11,0,0,3,9,242,19,4,3,62,5,1,2291,915,22,0,379,16,371,21,129,44,0,2,1363,0,954,18,42,0,160,648,1173,8,285,5,14,286,0,0,2,0,2,3,0,515,0,0,4,633,631,1658,5,0,2,6,0,2,6,346,6,0,0,2,6,58,743,1,431,14,28,486,37,5325,40,4,0,30,1,93,2,3,19,1,467,12,7
AZE,0,0,0,1,3,0,0,106,106,193,0,124,192,0,0,14,1,0,0,3,49,0,0,4,117,0,0,0,196,0,1,0,2,0,123,198,110,217,0,0,1,0,0,110,0,0,0,77,0,0,6,191,233,0,0,192,0,5,1,19,0,134,9,5,86,0,0,208,0,0,2,335,130,3,0,0,0,0,0,189,0,0,0,0,0,0,92,0,197,80,93,6,68,8,3,108,208,0,6,205,19,4,4,0,0,0,87,6,0,5,0,1,0,1,2,0,5,2,6,0,107,0,6,0,0,83,0,1,0,2,0,4,1,1,0,0,0,0,17,2,0,0,9,0,0,196,198,1,0,7,0,94,0,80,2,0,0,213,0,135,1,34,0,4,193,354,0,16,1,0,2,0,0,0,0,0,1,0,121,0,0,0,188,113,192,1,0,0,0,0,0,1,81,2,0,0,0,0,5,347,0,116,1,6,103,0,254,7,0,0,9,0,21,0,0,3,2,193,2,3
BDI,0,0,0,0,1,0,0,0,1,0,0,5,2,0,0,15,7,0,5,1,0,0,0,0,1,0,0,0,2,2,1,0,1,0,4,6,1,16,2,8,8,1,0,1,0,0,0,0,0,0,0,1,2,0,0,3,1,1,0,2,0,1,1,6,2,0,0,8,0,0,0,12,0,3,0,1,1,0,0,1,0,0,1,0,0,1,1,1,1,1,4,1,0,1,0,1,1,0,1,2,0,13,0,1,0,1,2,0,0,0,1,2,0,0,1,0,1,0,0,0,5,0,0,3,0,2,0,1,6,1,0,0,0,2,2,0,1,1,1,1,0,4,3,1,0,3,1,0,0,1,1,1,0,3,2,0,0,1,0,1,1,1,0,0,2,0,6,1,3,6,1,0,0,0,0,0,1,0,1,0,0,0,0,0,1,0,0,0,0,0,0,2,6,0,0,0,0,0,0,2,0,0,12,8,0,0,14,0,0,0,0,0,1,0,0,0,0,5,3,2
BEL,1,4,9,1,24,4,0,113,373,148,0,2219,1673,14,15,0,68,0,73,66,388,8,2,45,185,3,4,27,1173,7,8,2,12,8,2226,2972,329,2273,50,125,180,29,0,353,2,4,35,81,5,2,248,1118,5731,0,0,1580,6,109,230,359,1,3801,423,176,1113,7,1,6126,1,2,21,7683,199,69,1,28,32,3,0,1126,3,5,19,15,4,5,463,4,788,97,836,910,490,36,122,685,4667,8,41,1334,42,171,20,30,0,11,807,44,9,123,11,5,0,5,117,2,422,257,329,1,140,41,25,27,0,470,0,71,23,83,15,38,10,39,2,0,9,19,276,6,7,16,111,9,1,5559,1005,32,0,475,32,283,48,116,72,0,7,1507,0,1256,18,16,1,191,616,972,38,432,12,49,329,0,0,1,10,5,2,0,418,4,0,15,275,426,1989,3,0,5,10,0,4,17,295,3,0,0,2,8,158,694,1,393,75,120,369,51,7109,35,0,0,41,2,255,1,3,13,5,693,30,24
BEN,0,0,1,1,4,0,0,11,10,2,0,27,14,1,7,68,0,0,46,11,5,2,0,3,3,0,0,3,33,2,3,3,4,4,42,34,10,26,44,58,29,18,0,16,2,1,7,2,0,0,3,7,55,0,0,23,2,10,5,14,1,20,6,27,11,2,0,172,1,0,11,85,6,52,0,19,12,1,0,10,0,1,2,1,1,1,10,3,5,9,25,8,12,6,3,7,32,4,8,17,3,30,4,4,0,1,13,6,1,5,7,3,0,0,4,0,4,1,3,0,14,0,3,5,0,13,0,2,25,3,1,4,5,19,8,0,4,9,11,5,1,27,52,2,1,36,10,18,0,16,2,16,5,10,11,0,1,13,0,18,6,4,0,3,12,9,7,13,6,32,8,0,0,1,5,1,1,0,13,1,0,1,6,3,15,2,0,4,1,0,3,27,4,1,0,3,2,4,10,9,1,16,31,30,5,2,90,0,0,0,2,0,12,2,1,1,2,60,10,7
BES,1,0,0,0,0,0,0,0,0,0,0,0,0,0,0,0,0,0,0,0,0,0,0,0,0,0,0,0,0,0,0,0,0,0,1,0,0,0,0,0,0,0,0,0,0,0,0,0,1,0,0,0,0,0,0,0,1,0,0,0,0,0,0,0,0,0,0,2,0,0,0,0,0,0,0,0,0,0,0,0,0,0,0,1,0,0,0,0,0,0,0,0,0,0,0,0,1,0,0,0,0,0,0,0,0,0,0,0,0,0,0,0,0,0,0,0,0,0,0,0,0,0,0,0,0,0,0,0,0,0,0,0,0,0,0,0,0,0,0,0,0,0,0,0,0,6,0,0,0,0,0,0,0,0,0,0,0,0,0,0,0,0,0,0,0,0,0,0,0,0,0,0,0,0,0,0,0,0,0,0,0,1,0,0,0,0,0,0,0,0,0,0,0,0,0,0,0,0,0,0,0,0,0,0,0,0,5,0,0,0,0,0,0,0,0,0,0,0,0,0
BFA,0,1,1,0,1,0,0,5,5,1,0,27,17,0,5,73,46,0,0,14,5,0,0,1,1,0,0,1,13,0,1,3,0,4,40,64,10,13,65,48,27,28,0,5,2,0,6,0,0,0,4,6,87,0,0,19,0,6,3,11,1,20,0,32,12,1,0,198,1,0,9,145,6,73,0,19,24,3,0,6,0,0,1,0,0,1,3,5,6,5,22,6,5,1,0,4,27,1,2,20,3,50,3,9,0,0,12,1,4,3,9,0,0,0,2,1,4,4,3,0,7,0,0,18,0,6,0,4,70,5,3,0,5,14,10,0,1,20,3,1,0,50,52,1,1,40,12,9,0,8,1,8,1,4,6,0,5,7,0,9,4,1,0,0,10,5,11,4,6,55,9,0,0,0,10,1,0,0,4,1,0,0,3,3,15,4,0,3,4,0,14,51,14,0,0,3,1,4,10,4,1,6,41,46,4,1,175,0,0,0,3,0,19,2,1,1,2,58,13,8
BGD,0,8,1,1,2,0,0,43,39,11,0,637,34,3,1,66,11,0,14,0,7,9,0,2,3,0,0,5,76,5,16,7,5,2,221,86,34,368,6,12,9,2,0,38,0,2,7,2,0,0,11,22,172,0,0,56,3,18,7,108,0,66,13,52,38,6,0,88,0,2,4,524,12,31,0,1,15,4,0,33,0,1,3,1,2,1,16,2,9,80,341,28,47,32,5,19,99,3,27,573,15,60,13,16,0,1,257,7,7,7,8,6,0,0,34,0,12,3,6,0,10,0,2,8,6,42,0,7,15,6,22,1,4,28,0,0,2,13,281,3,1,4,49,1,0,128,63,100,0,54,16,167,7,27,63,0,2,47,1,33,11,7,0,13,17,53,8,223,7,7,75,0,0,3,8,0,1,0,20,0,0,1,15,9,90,4,0,1,9,0,2,1,89,2,0,0,1,0,13,84,0,37,36,30,12,7,856,0,0,0,7,0,98,0,0,0,5,94,8,11
BGR,0,1,1,0,30,4,0,55,91,176,0,311,366,49,0,388,5,0,5,7,0,3,2,37,188,1,0,3,304,1,1,0,3,0,181,412,90,330,4,8,8,0,0,210,0,1,7,4,0,0,168,378,691,0,0,180,2,16,130,177,0,539,196,6,271,2,0,520,1,0,0,730,209,7,0,0,5,0,0,329,0,1,9,1,0,1,273,0,339,12,245,220,175,12,40,151,650,3,7,194,24,5,7,1,0,0,212,8,0,23,0,2,0,2,96,0,214,28,207,0,47,0,14,1,0,218,0,72,1,35,1,37,4,5,0,0,6,1,168,2,1,1,21,1,1,269,167,6,0,162,10,155,8,28,15,0,0,526,0,334,10,36,0,125,226,486,1,146,4,7,37,0,0,1,0,2,4,0,331,0,0,0,166,155,214,1,0,1,4,0,2,7,184,7,2,0,2,3,20,304,1,219,2,4,230,5,638,34,0,0,11,0,22,1,1,9,1,101,7,1
BHR,0,0,0,0,1,0,0,42,6,1,0,25,8,0,0,8,2,0,0,9,3,0,0,1,0,0,0,0,12,0,0,0,2,0,18,9,3,29,1,2,0,0,0,6,0,0,2,0,0,0,0,3,20,0,0,6,0,17,1,68,0,15,4,9,6,2,0,19,0,1,0,51,2,6,0,0,1,0,0,9,1,0,0,0,0,0,7,0,2,7,29,12,8,14,2,5,40,0,15,11,3,4,4,2,0,0,5,26,0,10,2,5,0,0,3,0,2,0,2,0,6,0,0,0,2,8,0,3,0,3,2,1,0,1,0,0,0,1,22,0,0,0,8,0,0,15,6,6,0,10,26,49,3,4,3,0,0,11,0,8,2,4,0,38,10,12,2,90,4,0,7,0,0,0,0,0,0,0,7,0,0,0,3,2,12,0,0,0,0,0,0,0,4,0,0,0,0,0,15,32,0,8,3,2,1,0,69,1,0,0,0,0,6,0,0,2,13,22,0,0
BHS,0,0,0,1,0,0,0,1,1,0,0,12,1,0,0,2,0,0,0,0,2,0,0,0,0,0,0,0,1,4,0,0,0,0,17,4,1,6,0,0,0,0,0,2,0,0,6,2,1,2,0,0,11,0,0,0,1,1,1,1,0,6,0,0,0,0,0,6,0,0,0,21,0,0,0,0,0,0,0,2,0,0,0,0,1,0,2,0,0,2,4,1,0,0,1,8,3,6,0,3,0,2,0,0,0,0,0,0,0,0,1,0,0,0,0,0,0,0,0,0,0,0,0,0,0,3,0,0,0,0,0,0,0,0,0,0,0,0,0,0,0,0,0,0,0,0,2,0,0,2,0,2,1,0,1,0,0,1,0,2,0,0,0,1,1,0,0,3,0,0,0,0,0,0,0,0,0,0,0,0,0,0,0,0,1,0,0,1,0,1,0,0,0,0,0,0,0,3,0,2,0,1,0,0,0,0,52,0,0,0,0,0,0,0,0,0,0,5,0,0
BIH,0,0,0,0,22,1,0,6,18,7,0,33,56,4,0,45,3,0,1,2,37,1,0,0,12,0,1,1,25,3,3,0,2,0,30,46,16,26,1,4,1,1,0,17,0,1,5,4,0,0,19,54,105,0,0,43,1,4,4,18,0,64,35,2,38,2,0,56,2,0,0,121,26,4,0,0,2,0,0,51,0,1,8,0,0,0,194,0,38,5,25,29,15,3,19,32,85,3,5,21,7,4,7,0,0,0,17,7,0,9,0,3,0,1,10,0,43,11,33,0,6,1,12,0,0,20,0,48,0,11,1,27,1,3,0,0,1,2,19,1,1,0,6,1,1,48,40,3,0,16,1,7,4,15,12,0,0,58,0,44,4,3,0,14,52,53,0,21,2,4,16,0,0,1,0,1,2,0,304,0,0,0,37,86,56,2,0,1,1,0,1,1,12,3,0,0,2,1,8,61,1,18,1,6,33,5,97,3,0,0,3,0,4,1,1,22,1,22,2,2
BLR,0,0,0,0,10,1,0,110,119,248,0,259,272,117,1,185,3,0,1,3,188,0,0,12,0,0,0,1,258,1,1,0,1,0,144,282,110,355,0,6,2,0,0,242,0,0,2,1,0,0,134,277,388,0,0,156,1,4,123,139,0,296,164,1,185,1,0,356,1,0,0,470,251,2,0,0,1,0,0,272,0,0,1,0,0,0,150,1,260,3,167,150,150,3,13,143,330,2,7,138,46,4,4,1,0,1,151,2,0,11,0,8,0,1,83,0,205,9,153,0,107,0,6,1,0,140,0,21,0,9,0,22,3,2,0,0,1,1,139,0,0,2,4,2,1,164,150,1,0,128,2,127,2,4,6,0,0,396,0,293,6,33,0,118,154,876,2,122,4,2,8,0,0,0,0,2,2,0,260,0,0,0,136,124,173,0,0,0,1,0,1,3,127,2,0,0,1,1,4,274,1,242,0,2,222,7,390,33,0,0,1,0,21,1,1,3,0,130,2,2
BLZ,0,1,1,0,1,1,0,2,1,2,0,9,3,0,0,3,0,0,0,0,1,0,0,0,0,0,0,1,5,0,0,0,0,0,5,3,4,2,0,0,1,0,0,3,0,0,3,0,0,0,0,3,3,0,0,2,1,1,3,2,0,5,1,0,1,0,0,3,0,0,0,18,1,1,0,0,1,0,0,2,1,0,2,0,0,1,1,0,1,1,3,1,1,0,1,2,6,0,0,3,0,3,0,0,0,0,0,0,0,0,0,0,0,0,1,0,1,1,1,0,1,0,0,0,0,8,0,0,0,1,0,0,0,0,0,0,0,1,2,0,0,0,1,1,0,5,1,0,0,3,2,2,3,1,2,0,0,2,0,3,1,1,0,1,2,5,0,2,0,1,2,0,0,0,0,1,0,0,1,0,0,1,1,2,1,0,0,0,0,0,0,0,1,0,0,0,0,0,1,3,0,2,0,1,1,3,29,0,0,0,3,0,0,0,1,0,0,4,0,0
BMU,0,0,0,0,0,0,0,1,1,0,0,8,1,0,0,4,0,0,0,0,0,0,0,1,0,0,0,0,4,2,0,0,1,0,3,4,1,3,0,1,0,1,0,1,0,0,1,1,0,0,2,1,9,0,0,3,0,0,0,1,0,6,0,0,2,1,0,6,0,0,0,22,0,0,0,0,1,0,0,3,0,0,0,0,0,0,0,0,1,1,1,3,1,0,2,4,7,1,1,4,0,0,0,0,0,0,3,1,0,1,0,0,1,1,1,0,0,1,0,0,1,3,0,0,0,4,0,0,0,0,0,0,0,1,0,0,0,1,1,0,2,0,1,0,0,1,4,1,0,5,0,1,0,2,0,1,0,2,0,2,0,0,0,1,1,1,0,2,1,1,1,0,0,0,0,0,0,0,1,0,0,0,0,0,2,1,0,1,0,0,0,0,0,0,0,0,0,1,0,1,0,3,0,1,1,1,36,0,0,0,0,0,1,0,0,0,0,3,0,0
BOL,0,2,1,0,2,2,0,3,57,1,0,32,14,0,0,27,3,0,1,5,3,0,0,1,1,1,0,0,89,1,1,1,0,1,28,32,54,17,7,7,2,0,0,63,0,0,20,9,0,0,1,8,50,0,0,10,7,1,39,7,0,64,7,4,10,2,0,58,1,0,2,73,3,3,0,0,2,0,0,3,0,0,11,5,7,9,2,0,7,7,15,3,5,1,1,6,30,1,3,15,1,12,1,1,0,0,9,2,0,1,2,1,0,0,3,0,4,1,3,0,2,0,0,0,0,51,0,2,0,3,0,0,1,1,0,0,1,0,10,0,2,0,4,6,1,23,12,2,0,15,3,4,23,68,4,0,0,11,0,10,14,4,0,0,7,11,0,5,3,3,11,0,0,0,1,6,0,0,5,0,0,3,3,3,55,0,0,0,3,0,1,1,8,0,0,0,1,1,2,6,1,8,4,5,4,21,123,1,0,0,29,0,5,1,2,1,0,11,3,1
BRA,0,4,18,1,14,3,0,233,1418,339,1,2306,949,196,2,1173,33,0,13,76,304,12,1,25,258,5,4,89,0,24,10,3,20,2,2807,1587,1179,1933,21,48,22,2,0,1348,0,11,187,252,1,0,170,856,3581,0,1,1040,34,88,400,341,2,3501,233,57,808,7,1,3478,1,2,11,5452,276,52,1,4,16,6,0,776,6,3,64,28,12,55,407,12,673,171,1317,618,445,27,53,512,3050,20,60,1290,27,88,17,14,0,4,784,36,5,77,7,9,0,4,134,1,273,39,253,0,160,38,14,14,1,1212,0,45,10,38,2,31,10,106,2,0,13,27,321,18,5,7,157,26,1,1869,606,40,0,474,40,445,118,605,139,1,5,1059,1,2681,83,43,0,182,509,1173,11,353,23,45,317,0,0,1,3,19,1,1,386,0,2,16,344,306,1153,6,0,3,10,0,3,9,460,6,0,0,2,12,85,682,1,560,40,52,441,389,10494,35,11,1,195,0,179,1,4,6,3,814,23,23
BRB,0,0,0,0,2,0,0,2,8,0,0,16,6,0,2,7,2,0,0,5,1,0,4,3,1,0,2,1,24,0,4,0,2,0,25,7,9,13,1,4,0,0,0,14,0,3,3,4,3,2,1,3,17,0,1,6,3,2,8,4,0,14,4,5,8,4,0,17,0,0,2,65,3,2,0,0,1,0,0,4,0,1,2,2,0,4,2,1,6,7,10,4,7,1,5,5,12,16,3,6,1,6,3,1,0,1,6,3,0,1,0,1,2,0,1,0,6,1,1,0,5,2,3,2,0,10,0,2,0,6,1,1,0,2,0,0,2,2,7,0,1,0,5,1,0,15,6,1,0,10,2,2,4,9,7,0,0,6,0,8,4,2,0,2,5,2,1,3,2,1,9,0,0,1,0,1,1,0,4,0,0,1,3,1,9,0,0,2,1,0,0,0,5,1,0,0,1,13,1,6,0,9,1,1,0,6,61,0,0,0,7,0,2,0,2,0,1,11,1,0
BRN,0,0,0,0,3,0,0,4,6,0,0,60,11,1,1,8,3,0,1,16,1,0,0,3,1,0,0,1,10,4,0,0,1,0,26,11,7,70,2,3,0,0,0,8,0,1,3,3,0,0,1,7,25,0,0,5,2,4,7,8,0,9,4,3,7,1,0,14,0,0,1,81,3,3,0,0,0,0,0,12,0,1,2,1,1,1,3,1,5,36,23,4,7,5,3,4,15,1,3,20,2,3,1,5,0,1,25,2,5,2,1,6,0,0,9,0,4,1,2,0,3,0,3,1,1,7,0,1,1,3,7,1,1,2,0,0,1,3,76,0,1,1,11,1,0,11,8,2,0,8,5,14,4,6,14,0,1,8,0,8,4,2,0,5,7,6,2,12,1,1,28,0,0,1,0,0,1,0,7,0,0,1,5,2,11,0,0,1,0,0,0,0,15,1,0,0,1,0,3,6,0,17,5,3,0,4,34,1,0,0,4,0,11,0,0,0,3,10,1,0
BTN,0,3,0,0,0,0,0,1,2,0,0,29,3,0,0,2,3,0,3,7,0,0,0,0,0,0,0,1,3,0,0,0,0,0,3,13,2,9,2,2,0,0,0,1,2,0,4,0,0,0,0,1,6,0,0,1,0,0,2,0,0,4,0,2,1,0,0,5,0,0,0,18,2,2,0,0,1,0,0,1,0,0,1,0,0,1,0,0,0,4,31,2,1,0,1,0,5,0,0,12,3,4,0,6,0,0,4,0,1,2,2,0,0,0,5,0,0,1,0,0,1,0,0,2,0,2,0,0,1,0,8,0,4,1,0,0,0,1,6,0,0,0,2,1,0,6,3,18,0,5,1,7,2,0,4,0,0,1,1,2,0,0,0,0,2,0,0,0,0,0,3,0,0,0,0,1,0,0,0,0,0,0,0,1,4,3,0,2,0,0,1,2,16,0,0,3,0,3,0,0,0,1,4,2,1,1,28,0,0,0,1,0,7,0,0,0,0,6,1,0
BWA,0,0,1,1,3,0,0,7,9,0,0,45,10,2,1,12,4,0,0,5,3,2,0,2,1,0,1,0,20,2,1,0,0,0,38,30,15,24,4,18,6,4,0,10,0,0,2,0,0,0,1,6,23,0,0,11,2,2,3,11,0,17,3,41,10,2,0,35,0,2,1,166,1,18,0,1,4,0,0,7,0,0,2,1,0,1,6,6,3,9,40,7,8,7,3,5,18,2,7,14,2,48,3,4,0,1,6,2,2,1,1,1,0,1,5,4,4,2,1,0,6,1,1,2,0,13,0,2,9,2,1,0,1,7,0,0,2,17,18,26,1,2,28,2,0,19,15,8,0,10,1,14,4,9,5,0,1,17,0,10,5,2,0,4,9,11,6,15,3,3,9,0,0,0,0,1,1,0,9,1,0,0,4,4,28,5,0,2,0,0,2,1,15,0,0,0,0,1,2,9,0,8,24,27,5,1,240,0,0,0,1,0,11,0,0,2,1,220,17,41
CAF,0,1,1,0,0,0,0,0,0,0,0,3,3,0,0,8,4,0,4,2,0,0,0,0,0,0,0,1,2,0,0,0,0,0,1,3,0,3,6,10,5,6,0,0,0,0,0,0,0,0,0,6,6,0,0,2,0,0,0,1,1,2,0,1,1,0,0,22,0,0,5,14,0,2,0,2,2,2,0,1,0,0,1,1,1,0,0,0,0,2,1,2,1,1,0,0,1,0,1,1,0,2,0,2,0,0,0,0,2,0,3,0,0,0,0,0,1,1,0,0,1,0,0,1,0,0,0,0,4,0,1,0,0,2,1,0,0,2,1,0,0,3,3,0,0,2,0,2,0,2,0,2,1,1,1,0,1,1,0,2,1,0,0,0,0,1,3,0,2,4,0,0,0,0,0,0,0,0,0,1,0,1,0,0,2,0,0,0,0,0,1,4,2,0,0,0,0,0,2,0,0,0,2,3,1,0,11,0,0,0,0,0,0,1,0,0,1,2,0,2
CAN,2,5,9,1,15,4,0,596,759,138,3,6172,1498,123,4,2226,42,1,40,221,181,18,17,30,144,5,3,28,2807,25,26,3,38,1,0,3421,856,11453,32,80,41,12,0,538,0,4,84,59,9,4,87,968,7266,0,4,1948,26,178,114,818,2,3776,200,136,1082,26,10,6654,3,3,12,12160,171,115,6,11,17,3,0,839,16,36,37,9,6,9,257,18,626,133,1849,951,1851,73,179,1404,4456,26,176,2965,40,221,20,25,2,9,1519,112,14,201,8,28,1,4,92,2,137,123,78,0,282,40,31,25,2,955,0,52,16,56,14,8,27,34,0,0,5,76,449,29,19,5,218,12,1,4136,1387,72,0,1061,88,500,96,159,170,1,7,1355,1,974,41,64,0,263,460,1223,42,1036,21,45,1002,0,0,6,7,9,3,3,313,0,0,3,263,323,2495,7,1,6,16,0,5,15,391,7,0,0,4,22,199,822,1,962,96,155,166,89,29324,6,4,0,75,2,236,16,3,8,13,1211,56,42
CHE,1,7,8,0,32,7,0,252,502,379,0,3080,2900,198,6,2972,34,0,64,86,412,9,4,46,282,3,4,32,1587,7,11,13,30,3,3421,0,548,2991,73,76,63,42,0,480,2,3,51,110,0,0,252,1414,11687,0,0,2018,8,96,185,314,5,4365,394,115,1358,12,2,7233,0,1,17,10655,314,90,3,26,34,2,3,1546,3,5,21,12,4,21,525,8,1006,174,1313,962,504,19,154,1027,6679,16,51,2032,33,227,36,46,1,13,1049,29,26,101,11,4,0,66,127,10,411,151,305,0,181,48,28,32,2,586,0,63,33,85,24,34,21,61,3,0,11,76,291,22,11,20,156,2,0,4612,1361,71,0,590,24,354,38,227,167,0,16,1814,3,1350,25,41,0,206,786,1515,27,389,20,50,615,0,0,2,15,2,5,2,547,3,1,7,502,509,2655,14,0,10,8,0,15,16,540,14,0,6,1,9,77,891,0,642,169,107,512,47,12879,38,1,0,45,2,180,1,0,6,6,1053,47,50
CHL,0,2,7,0,12,2,0,161,770,126,0,950,316,110,1,329,10,0,10,34,90,3,1,16,110,4,1,54,1179,9,7,2,15,0,856,548,0,760,9,18,7,2,1,622,0,4,121,62,0,0,15,269,1502,0,0,400,11,28,188,73,0,2272,59,17,195,6,4,1323,1,0,1,2138,128,14,2,0,9,1,0,256,1,2,41,5,4,10,65,3,215,39,389,122,178,10,26,292,1013,10,16,515,16,25,10,4,0,4,222,10,2,20,4,4,0,0,25,0,50,13,33,0,138,5,6,6,0,663,0,28,1,15,3,5,4,12,0,0,3,8,83,10,3,2,34,14,1,638,233,16,0,193,19,69,43,277,42,1,0,365,0,424,81,37,0,23,183,350,5,114,10,11,96,0,0,1,2,13,1,0,200,0,0,4,154,152,450,0,0,3,6,0,6,2,78,8,0,0,2,4,23,265,1,253,8,12,58,154,3090,3,31,0,118,0,47,1,4,3,1,404,8,9
CHN,0,13,4,1,22,2,0,703,489,367,0,16061,1691,217,16,2273,26,0,13,368,330,29,6,26,355,2,3,17,1933,13,70,9,24,3,11453,2991,760,0,21,88,31,10,1,560,6,7,48,135,2,2,199,1318,10697,2,0,2690,15,262,228,1510,12,3641,350,205,1844,14,4,6974,2,2,8,19945,327,327,1,13,17,5,2,1167,5,6,25,3,6,21,462,2,935,431,3631,1214,1497,217,119,1223,4523,17,137,9656,254,243,38,58,0,7,5727,129,29,90,5,24,1,4,231,2,348,132,244,0,201,34,25,14,0,951,0,52,20,38,125,34,136,24,3,0,42,45,1527,17,13,7,408,5,1,4238,1592,199,1,1757,100,4316,52,200,385,1,6,1743,73,1264,20,59,0,520,761,3136,34,2641,183,24,6734,0,1,1,18,4,1,1,507,3,2,2,454,472,3744,8,1,2,36,0,7,16,1263,32,0,0,2,5,171,1293,1,5063,121,51,621,70,65986,113,3,1,55,0,917,2,5,3,54,1343,36,31
CIV,0,1,3,0,3,1,0,1,5,0,0,21,11,0,2,50,44,0,65,6,4,1,0,1,0,0,0,7,21,1,2,2,4,6,32,73,9,21,0,53,31,12,0,9,0,1,4,2,0,0,1,10,79,0,0,15,3,6,7,6,1,14,3,18,6,1,0,208,0,0,17,94,2,41,0,22,12,2,0,9,0,1,3,7,5,3,3,3,7,11,18,4,6,2,2,4,22,2,2,14,4,47,1,6,0,0,6,1,5,3,8,0,0,0,4,3,4,2,3,0,19,0,2,15,0,10,0,2,37,3,2,1,1,16,8,0,10,11,7,3,2,23,33,2,0,29,5,9,0,10,1,8,9,14,10,0,3,7,0,6,2,1,0,0,12,12,13,3,4,56,6,0,0,1,8,2,0,0,4,2,0,4,10,3,13,1,0,3,0,0,8,40,14,2,0,0,1,1,6,13,0,3,29,28,3,2,116,0,0,0,4,0,15,1,0,1,2,33,8,6
CMR,0,2,0,0,4,0,0,15,23,2,0,54,24,0,8,125,58,0,48,12,8,2,0,4,6,0,1,7,48,4,3,2,18,10,80,76,18,88,53,0,41,31,0,23,0,1,10,4,0,0,4,18,176,0,0,17,2,9,11,33,1,46,8,33,16,4,0,317,1,0,25,240,9,64,0,15,19,1,1,18,0,1,5,2,3,2,11,3,12,24,76,13,39,8,3,14,109,4,14,48,4,79,5,7,2,1,20,7,1,7,9,3,0,1,9,2,6,2,3,0,24,1,4,13,0,30,0,3,35,5,5,4,3,18,6,0,3,16,26,6,3,18,92,4,1,56,11,19,0,22,3,41,16,14,19,0,2,20,0,23,6,5,0,6,24,29,9,22,11,49,20,0,0,1,9,3,1,1,14,1,0,2,5,2,28,2,0,1,6,0,6,24,11,4,0,0,2,1,21,50,1,18,41,35,8,8,289,0,0,0,4,0,29,2,3,1,2,175,14,12
COD,0,1,6,1,2,1,0,10,13,1,0,29,15,1,8,180,29,0,27,9,8,0,0,1,2,1,0,2,22,0,0,0,6,5,41,63,7,31,31,41,0,20,0,13,0,0,4,2,0,0,5,12,54,0,0,12,2,5,5,15,1,19,1,24,12,1,0,96,1,0,14,120,5,25,0,15,9,1,0,10,0,0,9,0,0,3,9,3,7,12,22,10,11,2,1,11,25,3,5,25,1,41,3,5,0,0,19,2,5,2,4,1,0,0,4,2,8,3,4,0,8,0,2,12,0,16,0,4,19,5,4,2,1,19,11,0,2,16,5,5,0,15,34,3,1,37,15,7,0,10,2,21,5,12,7,0,3,13,0,18,6,3,0,1,9,12,7,8,5,29,11,0,0,0,2,3,0,1,9,2,0,0,4,5,21,1,0,0,5,0,5,13,11,0,0,0,1,5,10,8,1,7,29,41,10,2,188,0,0,0,5,2,18,2,1,1,2,65,20,10
COG,0,2,2,0,1,0,0,1,1,1,0,12,5,0,1,29,18,0,28,2,0,0,0,1,0,0,1,0,2,0,0,0,4,6,12,42,2,10,12,31,20,0,0,1,0,0,1,0,0,0,1,3,47,0,0,13,0,0,0,6,0,8,0,7,4,0,0,54,0,0,13,85,0,17,0,12,12,1,0,2,0,0,0,0,0,0,0,0,1,4,12,1,1,0,1,0,21,0,1,4,0,18,0,3,0,0,2,1,2,1,3,0,0,1,1,0,0,1,0,0,4,1,0,4,0,3,0,0,7,0,1,0,1,9,7,0,1,6,2,4,1,14,17,0,0,13,5,1,0,1,3,2,1,1,6,0,0,1,0,8,0,0,0,1,1,1,7,1,6,13,4,0,0,0,8,0,0,0,1,2,1,0,0,0,6,1,0,2,0,0,5,12,4,0,0,0,0,0,0,3,0,1,10,15,1,1,89,0,0,0,0,2,11,0,0,0,0,24,8,21
COK,0,0,0,0,0,0,0,0,1,0,0,6,1,0,0,0,0,0,0,0,0,0,0,0,0,0,0,0,0,0,0,0,0,0,0,0,1,1,0,0,0,0,0,0,0,0,0,0,0,0,0,0,1,0,0,1,0,0,0,0,0,1,0,0,0,2,0,5,0,1,0,4,0,0,0,0,0,0,0,0,0,0,0,0,0,0,0,0,1,0,0,0,0,0,0,0,1,1,0,1,0,0,0,0,0,0,1,0,0,0,0,0,0,0,0,0,0,0,0,0,0,0,0,0,0,0,0,0,0,0,0,0,0,0,0,0,0,0,0,0,3,0,0,0,1,0,0,0,0,8,0,0,0,0,2,0,2,0,0,0,0,0,0,0,0,1,0,0,0,0,0,0,0,1,0,0,0,0,0,0,0,0,0,0,0,0,0,0,0,0,0,0,0,0,0,0,2,0,0,0,1,0,0,0,0,0,7,0,0,0,0,0,0,0,4,0,0,0,0,0
COL,2,1,2,1,8,2,0,161,594,241,0,585,354,110,1,353,16,0,5,38,210,6,2,17,242,3,1,63,1348,14,8,1,10,0,538,480,622,560,9,23,13,1,0,0,0,1,118,60,0,1,142,340,833,0,0,276,25,61,357,193,0,1576,169,41,257,8,0,851,1,2,4,1262,263,27,0,0,8,1,0,334,4,1,39,12,7,56,180,2,300,43,342,245,271,22,20,215,696,14,26,267,14,47,14,6,0,1,252,21,1,32,5,3,0,2,107,0,167,9,152,0,133,1,9,5,0,907,0,28,3,25,1,25,3,14,0,0,4,10,212,4,5,2,61,27,1,495,228,21,0,245,20,203,100,263,113,1,1,445,0,435,51,37,0,136,244,419,5,205,11,14,89,0,0,1,0,14,2,0,290,0,0,5,153,152,302,2,0,3,8,0,3,8,164,2,0,1,2,2,26,334,1,301,17,23,219,97,2200,31,1,0,193,0,111,1,4,2,4,268,10,13
COM,0,0,0,0,0,0,0,0,0,0,0,0,0,0,0,2,2,0,2,0,0,0,0,0,0,0,0,0,0,0,0,2,0,0,0,2,0,6,0,0,0,0,0,0,0,0,2,0,0,0,0,0,2,0,0,0,0,0,0,3,0,0,0,0,0,0,0,5,0,0,0,2,2,0,0,0,0,0,0,0,0,0,0,0,0,0,0,0,0,0,2,0,0,0,0,0,1,0,0,0,1,2,0,1,0,0,0,0,0,1,2,0,0,0,0,0,0,0,0,0,1,0,0,3,0,0,0,0,0,0,0,0,2,1,0,0,0,0,0,0,0,0,0,0,0,2,0,2,0,1,0,1,0,0,0,0,0,0,0,1,0,0,0,0,3,0,0,0,0,0,0,0,0,0,0,0,0,0,0,0,0,0,0,0,0,2,0,2,0,0,0,2,0,0,0,2,0,2,0,0,0,0,2,2,0,0,3,0,0,0,0,0,0,0,0,0,0,2,1,0
CPV,0,0,4,0,1,0,0,1,3,0,0,2,3,0,0,4,1,0,0,2,1,0,0,1,0,0,0,0,11,3,1,0,0,0,4,3,4,7,1,1,0,0,0,1,0,0,1,1,0,0,1,2,4,0,0,1,1,1,2,2,0,13,1,1,2,1,0,5,0,0,0,9,2,1,0,0,0,2,0,1,0,1,0,0,0,0,1,0,2,1,3,1,2,0,1,1,5,1,1,2,2,1,2,0,0,0,1,1,0,1,0,0,0,0,0,0,2,1,1,0,1,0,1,0,0,3,0,1,0,3,1,1,0,6,0,0,1,1,1,1,0,0,1,0,0,3,1,1,0,2,0,2,1,2,1,0,0,3,0,26,1,1,0,0,2,1,0,1,0,3,1,0,0,1,0,0,0,0,1,0,2,0,1,1,2,0,0,1,1,0,0,0,1,1,0,0,1,0,1,4,0,1,1,1,0,1,10,0,0,0,1,0,2,0,0,0,1,4,0,0
CRI,0,1,1,0,5,2,0,8,98,4,0,80,36,0,0,35,7,0,6,7,7,2,6,5,2,3,1,20,187,3,3,4,2,0,84,51,121,48,4,10,4,1,0,118,2,1,0,18,0,0,5,12,143,0,0,30,13,7,60,11,0,170,13,10,25,3,0,97,1,0,1,163,10,6,0,0,3,0,0,22,0,1,23,3,2,17,8,0,13,12,37,13,18,1,6,16,70,3,9,35,5,21,4,0,0,0,24,4,2,9,4,0,0,1,8,0,6,3,6,0,7,1,1,4,0,178,0,4,1,9,2,2,6,6,0,0,2,2,18,0,3,0,12,17,1,69,23,7,0,37,3,14,55,73,9,0,1,18,0,32,12,4,0,3,14,23,0,19,2,5,15,0,0,1,0,14,0,0,15,0,0,2,11,13,42,3,0,5,1,0,1,3,11,1,0,3,2,6,4,21,1,16,8,13,4,38,390,0,0,0,40,0,19,1,1,2,1,38,1,2
CUB,0,0,3,0,1,0,0,2,59,79,0,28,93,77,0,81,2,0,0,2,4,0,2,4,1,0,1,9,252,4,3,0,0,0,59,110,62,135,2,4,2,0,0,60,0,1,18,0,0,1,2,89,159,0,0,90,18,5,76,10,0,189,3,1,90,2,0,158,0,0,0,158,5,2,0,1,0,1,0,92,0,1,8,0,1,3,84,2,88,88,101,9,6,0,3,9,148,3,5,110,2,3,1,0,0,0,91,2,0,1,0,0,0,0,1,0,8,5,1,0,1,2,3,1,0,294,0,1,0,1,1,1,0,2,0,0,1,1,9,0,2,0,4,5,0,115,90,1,0,9,0,89,13,112,9,2,0,97,0,24,12,1,0,4,94,106,0,7,0,2,8,0,0,1,0,8,0,0,8,0,0,1,88,4,109,0,0,2,0,0,0,1,83,1,0,0,1,0,4,93,0,12,1,3,79,24,241,0,0,0,34,0,9,0,0,0,1,98,0,0
CUW,0,0,0,0,0,0,0,0,0,0,0,4,1,0,0,5,0,1,0,0,0,0,1,0,0,0,0,0,1,3,0,0,0,0,9,0,0,2,0,0,0,0,0,0,0,0,0,0,0,1,0,3,11,0,0,1,0,0,0,0,0,6,2,0,2,0,0,5,0,0,0,11,0,0,0,0,0,0,0,1,0,0,0,0,0,0,0,0,0,1,0,0,0,0,0,3,11,0,2,7,0,0,0,0,0,0,0,0,0,0,0,0,0,0,0,0,0,0,0,0,0,0,0,0,0,1,0,0,0,0,0,0,0,0,0,0,0,0,0,0,0,0,0,0,0,41,0,0,0,0,0,0,0,1,0,0,0,2,0,1,0,0,0,3,0,2,0,3,0,0,0,0,0,0,0,0,0,0,1,0,0,0,0,0,1,0,0,0,0,0,0,0,0,0,0,0,0,3,0,0,0,0,0,1,0,0,28,0,0,0,1,0,0,0,0,0,0,0,0,0
CYM,0,0,0,0,0,0,0,0,0,0,0,3,0,0,0,2,0,0,0,0,0,0,2,0,0,0,0,0,0,2,0,0,0,0,4,0,0,2,0,0,0,0,0,1,0,0,0,1,1,0,0,0,2,0,0,0,2,1,0,0,0,2,0,0,0,0,0,4,0,0,0,6,0,0,0,0,0,0,0,1,0,0,0,0,0,0,0,1,1,1,0,1,0,0,0,0,1,2,0,1,0,0,0,0,0,0,0,0,0,0,0,0,0,0,0,0,0,0,0,0,0,1,0,0,0,0,0,0,0,0,0,0,0,0,0,0,0,0,1,0,0,0,0,0,0,0,1,0,0,0,0,0,0,0,0,0,0,1,0,0,0,0,0,0,0,0,0,1,0,0,0,0,0,0,0,0,0,0,0,0,0,0,0,0,0,0,0,0,0,0,0,0,1,0,0,0,0,2,0,1,0,0,0,0,0,0,11,0,0,0,0,0,0,0,0,0,0,1,0,0
CYP,0,1,0,0,11,2,0,18,19,130,0,213,230,6,0,248,3,0,4,11,168,0,0,19,134,0,2,1,170,1,1,0,1,0,87,252,15,199,1,4,5,1,0,142,0,1,5,2,0,0,0,210,408,0,0,102,1,14,124,152,0,377,172,6,212,2,0,354,1,0,1,723,138,2,0,0,2,0,0,769,0,1,0,0,0,0,194,0,185,6,176,200,172,8,27,89,457,2,13,63,12,3,5,0,0,0,151,9,0,31,0,4,0,2,84,0,170,19,148,0,9,3,14,0,0,141,0,25,0,37,1,36,4,5,0,0,1,2,132,0,1,0,19,1,1,152,87,4,0,145,6,159,3,10,4,0,0,241,0,251,5,9,0,126,85,195,0,132,6,3,27,2,0,1,0,1,2,0,175,0,0,0,41,55,127,2,0,1,5,0,1,2,131,4,0,0,2,2,11,345,1,142,2,3,150,4,478,29,0,0,8,1,12,1,1,4,2,41,1,2
CZE,0,2,1,0,21,4,0,146,305,336,0,909,1467,191,1,1118,7,0,6,22,378,3,0,54,277,3,1,8,856,3,7,1,6,6,968,1414,269,1318,10,18,12,3,0,340,0,2,12,89,3,0,210,0,3213,0,0,836,5,37,158,234,2,1869,325,24,817,1,1,2242,0,0,4,3106,286,17,0,2,3,0,0,829,0,2,11,5,2,3,533,1,985,106,779,507,377,20,93,489,2291,3,15,922,47,18,14,3,0,0,658,28,0,50,2,5,0,6,97,0,375,57,303,0,126,3,24,6,0,404,0,64,0,57,2,35,7,7,0,0,9,5,296,5,3,0,31,1,0,1325,660,13,0,291,15,311,28,128,35,0,17,1931,0,843,13,36,0,144,591,1481,4,228,6,9,149,0,0,1,1,1,4,2,489,0,0,2,1510,513,1192,1,0,1,6,0,1,3,299,5,2,0,1,1,45,757,0,463,11,9,567,39,3106,47,1,0,37,2,102,0,1,7,4,419,3,3
DEU,0,8,19,1,46,7,0,421,1166,433,0,6905,7706,233,2,5731,55,0,87,172,691,20,11,105,388,3,9,50,3581,17,25,6,23,6,7266,11687,1502,10697,79,176,54,47,1,833,2,4,143,159,11,2,408,3213,0,2,0,4667,10,197,299,1250,4,9727,686,214,2952,20,5,13704,3,3,71,22527,406,201,5,24,30,5,0,2705,10,19,39,9,7,24,975,3,2171,425,2920,1828,1387,98,334,2607,12402,13,218,5478,130,314,55,26,0,4,2563,86,14,174,17,11,0,38,169,0,649,503,471,0,298,62,115,63,1,1278,1,120,29,144,16,56,115,49,4,0,15,36,564,58,19,15,250,9,1,11055,2936,112,0,1245,94,884,113,282,219,3,12,4471,7,2523,37,80,0,346,1432,5357,41,1075,54,71,1275,2,2,1,14,7,4,0,891,2,0,3,834,944,6323,15,0,6,27,0,5,27,695,23,1,4,2,14,244,1929,1,1343,190,122,1131,124,30135,77,10,1,101,4,529,6,3,33,19,1773,50,32
DJI,0,0,0,0,0,0,0,0,0,0,0,0,0,0,0,0,0,0,0,0,0,0,0,0,0,0,0,0,0,0,0,0,0,0,0,0,0,2,0,0,0,0,0,0,0,0,0,0,0,0,0,0,2,0,0,0,0,0,0,0,0,0,0,1,0,0,0,11,0,0,0,1,0,0,0,0,0,0,0,0,0,0,0,0,0,0,0,0,0,0,0,0,0,0,0,0,1,0,0,0,0,0,0,0,0,0,1,0,0,0,0,0,0,0,0,0,0,0,0,0,0,0,0,0,0,0,0,0,0,0,0,0,0,0,0,0,0,0,0,0,0,0,0,0,0,0,0,0,0,0,0,0,0,0,0,0,0,0,0,0,0,0,0,0,0,0,0,0,0,0,0,0,0,0,0,0,0,0,0,0,0,0,0,0,1,0,0,0,0,0,0,0,0,0,0,0,0,0,2,0,0,1,0,0,0,0,5,0,0,0,0,0,0,0,0,0,0,0,0,0
DMA,1,0,0,0,0,0,0,0,0,0,1,1,0,0,0,0,0,0,0,0,0,0,0,0,0,0,0,0,1,1,0,0,0,0,4,0,0,0,0,0,0,0,0,0,0,0,0,0,0,0,0,0,0,0,0,0,1,0,1,0,0,2,0,0,0,0,0,2,0,0,0,7,0,0,0,0,0,0,0,0,1,0,0,0,0,0,0,0,0,0,0,0,0,0,0,0,0,0,0,1,0,0,0,0,0,5,0,0,0,0,0,0,4,0,0,0,0,0,0,0,0,0,0,0,0,0,0,0,0,0,0,0,0,0,0,1,0,0,0,0,0,0,2,0,0,1,0,0,0,0,0,0,0,0,0,0,0,0,0,0,0,0,0,0,0,0,0,0,0,0,0,0,0,0,0,0,0,0,0,0,0,0,0,0,1,0,0,0,0,0,0,0,0,0,0,0,0,2,0,0,0,0,0,0,1,1,25,0,0,2,0,0,0,2,0,0,0,1,0,0
DNK,0,4,3,1,20,3,0,199,353,211,0,2245,1261,192,3,1580,23,0,19,56,180,6,0,43,156,2,3,10,1040,6,5,1,11,2,1948,2018,400,2690,15,17,12,13,1,276,0,1,30,90,1,0,102,836,4667,0,0,0,3,43,37,130,0,2613,291,64,1396,4,0,2883,13,1,9,6722,166,75,0,0,16,42,0,874,1,92,14,4,2,1,337,0,670,134,688,697,462,17,395,645,2896,8,26,1106,26,80,17,10,0,13,611,34,6,38,5,3,0,5,51,0,278,108,203,0,138,8,37,8,2,345,0,61,6,70,5,22,12,17,0,0,7,17,167,13,4,7,44,2,1,3056,2213,39,0,378,27,207,23,139,65,0,4,1109,1,954,19,39,0,103,554,751,6,203,14,19,359,0,0,1,3,3,3,0,302,0,0,1,388,450,3537,3,0,3,4,0,2,7,218,5,2,0,2,7,37,582,1,287,74,41,281,58,6618,5,0,0,42,1,99,1,1,9,3,523,13,17
DOM,1,0,1,0,2,0,0,1,21,0,0,7,4,0,1,6,2,1,0,3,2,0,1,1,1,1,0,7,34,3,2,0,2,0,26,8,11,15,3,2,2,0,0,25,0,1,13,18,0,2,1,5,10,0,1,3,0,1,13,2,0,56,5,3,6,1,0,21,0,0,0,38,1,7,0,0,0,0,0,4,0,1,15,0,0,11,4,8,6,3,8,4,1,1,1,5,13,6,2,5,1,4,1,2,0,1,2,1,2,3,0,1,0,0,2,1,5,1,1,0,2,0,3,1,0,29,0,1,1,4,1,2,0,3,0,0,1,4,2,2,0,0,4,9,0,14,4,1,0,6,1,2,17,15,5,0,2,7,0,5,7,2,0,1,7,6,2,3,1,2,4,0,0,1,0,9,1,0,7,1,0,0,3,3,8,0,0,1,0,0,0,0,7,1,0,0,1,2,1,6,0,1,3,5,1,14,125,0,0,0,12,0,3,0,0,0,1,7,3,1
DZA,0,0,0,1,5,0,0,92,26,6,0,68,38,5,1,109,10,0,6,18,16,17,1,4,4,1,0,1,88,2,4,0,2,0,178,96,28,262,6,9,5,0,0,61,0,1,7,5,0,1,14,37,197,0,0,43,1,0,3,89,0,291,17,14,40,2,1,1518,1,0,1,269,17,12,0,0,2,0,0,52,0,1,0,0,0,1,39,1,24,15,95,58,80,28,5,26,289,3,43,57,5,11,8,2,0,0,31,16,0,34,2,7,0,0,6,0,13,6,10,0,111,2,5,0,0,32,0,8,4,12,1,6,1,7,5,0,3,2,77,2,1,2,27,1,1,79,46,5,0,19,12,56,4,13,49,0,0,107,0,90,8,19,0,26,72,91,1,344,5,16,15,0,0,1,0,1,1,1,28,0,0,0,26,19,45,0,0,1,5,0,2,6,14,3,0,0,2,1,203,161,1,19,5,7,59,12,197,0,0,0,5,0,91,1,1,3,7,75,3,3
ECU,0,1,7,0,9,2,0,11,181,126,0,203,172,1,0,230,5,0,3,7,130,1,1,4,123,3,0,39,400,8,7,2,3,0,114,185,188,228,7,11,5,0,0,357,0,2,60,76,0,0,124,158,299,0,1,37,13,3,0,139,0,867,136,11,158,5,0,308,1,1,1,380,129,5,0,1,4,1,0,147,3,1,22,5,6,8,132,1,145,18,170,144,158,12,11,21,278,4,6,44,3,18,4,2,0,0,154,7,0,9,1,1,0,0,90,0,130,6,127,0,10,0,4,4,0,347,0,7,0,7,4,20,1,3,0,0,4,3,159,1,3,0,12,11,1,167,38,6,0,160,7,135,49,145,16,0,1,162,0,225,29,3,0,117,38,154,2,120,2,7,26,0,0,1,0,13,0,0,141,0,0,4,14,11,67,0,0,3,2,0,2,3,135,3,0,0,2,4,9,144,1,144,5,10,137,62,702,30,0,0,167,0,27,2,4,2,2,52,3,3
EGY,0,10,2,2,15,2,0,386,84,141,3,516,248,19,2,359,14,0,11,108,177,68,1,18,139,2,1,7,341,4,8,0,11,1,818,314,73,1510,6,33,15,6,0,193,3,2,11,10,0,0,152,234,1250,0,0,130,2,89,139,0,1,596,163,49,247,4,0,597,1,2,2,1317,157,39,0,2,6,2,0,274,0,1,3,1,0,3,176,2,250,60,763,230,352,112,11,73,691,8,175,889,26,35,15,5,0,4,560,195,2,140,7,56,1,1,106,0,159,15,141,0,102,2,13,3,2,284,0,13,5,21,6,30,4,17,1,0,7,10,391,4,2,2,105,3,1,241,92,27,0,200,124,516,15,26,40,1,2,306,0,258,21,35,0,288,126,407,10,4539,75,9,87,0,0,1,3,3,2,0,205,2,0,1,50,55,234,1,0,3,37,0,2,10,181,6,0,0,2,4,148,456,1,245,12,23,174,17,2513,34,1,1,18,0,129,2,1,5,151,190,10,6
ERI,0,0,0,0,0,0,0,0,0,0,0,0,1,0,0,1,1,0,1,0,0,0,0,0,0,0,0,0,2,0,0,0,0,1,2,5,0,12,1,1,1,0,0,0,0,0,0,0,0,0,0,2,4,0,0,0,0,0,0,1,0,2,0,5,2,0,0,2,0,0,0,4,1,0,0,1,0,1,0,0,0,0,1,0,0,0,0,0,1,0,5,0,1,1,0,0,1,0,0,0,0,4,1,1,0,0,0,0,1,0,0,0,0,0,0,0,0,0,0,0,1,0,0,0,0,0,0,0,1,0,0,0,0,1,1,0,0,1,0,0,0,1,1,0,0,2,1,1,0,0,1,2,1,1,0,0,1,0,0,0,0,0,0,0,0,1,0,1,4,1,0,0,0,0,0,0,0,1,0,1,0,0,0,0,0,0,0,0,0,0,1,1,1,0,0,0,0,0,0,2,0,0,2,1,0,0,5,0,0,0,0,0,0,1,0,0,2,4,0,1
ESP,0,6,14,1,50,25,0,324,1648,278,2,3753,2406,134,1,3801,20,0,20,66,539,15,6,64,296,5,6,64,3501,14,9,4,17,2,3776,4365,2272,3641,14,46,19,8,1,1576,0,13,170,189,6,2,377,1869,9727,0,2,2613,56,291,867,596,2,0,504,84,1659,22,5,9162,2,3,15,13502,341,54,6,5,27,4,1,2113,4,11,44,12,5,38,707,5,1183,95,1538,1450,927,52,247,1365,10093,11,79,2391,56,104,21,12,0,1,1360,62,4,140,10,18,0,2,123,1,553,195,364,0,396,53,55,11,2,2295,0,107,15,140,8,64,11,133,5,0,21,30,431,22,14,7,124,21,1,5138,1674,37,0,696,38,387,92,393,143,3,7,2616,2,4034,125,58,0,260,1076,1961,11,674,21,29,543,2,1,1,10,26,6,1,723,0,0,3,543,788,3220,5,0,7,14,0,3,8,391,12,2,2,2,5,394,1354,1,842,58,50,548,297,14257,61,7,2,187,1,214,1,3,14,11,937,20,20
EST,0,2,1,0,15,3,0,18,52,135,0,359,323,9,1,423,6,0,0,13,196,4,0,35,164,1,0,7,233,4,4,0,3,0,200,394,59,350,3,8,1,0,0,169,0,1,13,3,2,0,172,325,686,0,0,291,5,17,136,163,0,504,0,17,632,3,0,511,0,1,3,893,160,12,0,0,1,0,0,287,1,3,11,2,1,1,246,1,271,26,268,235,179,8,98,102,533,5,14,129,17,15,10,1,0,1,190,10,0,12,4,3,0,3,105,0,274,27,277,0,12,1,17,1,0,188,0,36,0,53,1,28,4,6,0,0,1,3,159,1,2,0,22,1,0,335,279,8,0,193,5,163,13,25,26,0,0,389,0,304,4,5,0,132,130,367,2,157,3,3,72,0,0,1,0,1,2,0,204,0,0,1,91,111,499,0,0,1,1,0,0,1,142,2,0,0,1,0,19,237,0,162,4,8,226,11,645,32,0,0,7,0,42,0,2,6,4,76,1,2
ETH,0,4,2,1,4,0,0,29,29,1,0,223,41,5,6,176,27,0,32,52,6,9,0,2,1,0,0,4,57,5,3,2,41,1,136,115,17,205,18,33,24,7,0,41,0,1,10,1,0,0,6,24,214,1,0,64,3,14,11,49,5,84,17,0,36,7,0,102,0,2,2,449,4,80,0,6,15,4,0,23,0,1,4,0,2,4,20,8,8,35,300,15,101,21,4,20,99,7,26,67,8,159,11,13,0,1,79,12,8,13,8,5,0,0,16,1,8,7,4,0,19,0,6,17,2,41,0,6,18,10,11,4,5,35,2,0,3,36,42,6,0,16,106,3,0,175,152,39,0,42,8,66,10,25,19,0,5,39,0,33,6,5,0,16,23,34,36,67,22,17,25,0,0,2,14,2,1,1,28,4,0,0,12,7,111,3,0,3,6,0,6,11,30,2,0,0,1,3,16,37,0,34,83,87,12,5,644,0,0,0,3,1,77,1,3,1,7,198,26,30
FIN,0,1,5,1,22,4,0,103,151,224,0,1303,971,86,2,1113,11,0,12,38,271,6,0,38,185,1,2,10,808,8,7,1,10,1,1082,1358,195,1844,6,16,12,4,0,257,0,2,25,90,2,0,212,817,2952,0,0,1396,6,40,158,247,2,1659,632,36,0,5,0,2023,1,2,2,3981,169,40,0,2,11,1,0,786,1,9,14,2,4,3,417,2,624,140,674,599,437,16,255,380,1892,9,38,873,28,54,21,6,0,1,619,29,2,35,5,13,0,10,115,0,425,63,344,0,47,3,18,12,1,385,0,59,3,56,9,28,6,18,0,0,5,21,224,6,3,3,48,4,1,1667,1310,24,0,376,16,333,21,140,57,0,0,1023,0,760,16,14,0,172,409,1273,6,282,8,15,248,0,0,1,2,2,3,0,274,0,0,3,312,293,2838,1,0,2,9,0,2,4,264,2,0,0,2,4,37,489,1,278,36,21,405,31,3688,34,0,0,35,0,62,1,2,7,4,368,12,4
FJI,0,0,0,0,2,0,0,2,6,1,0,159,5,0,0,7,2,0,1,6,2,2,0,2,1,0,1,2,7,4,1,0,2,0,26,12,6,14,1,4,1,0,2,8,0,1,3,2,0,0,2,1,20,0,0,4,1,2,5,4,0,22,3,7,5,0,0,34,1,3,0,61,3,2,0,0,1,0,0,3,0,1,1,1,0,0,1,4,8,10,39,4,6,0,3,1,19,3,2,29,1,11,3,0,2,0,11,4,1,1,0,0,0,0,1,0,5,1,2,0,3,0,1,1,1,8,2,3,0,5,1,1,2,1,0,0,1,1,14,0,9,1,10,1,1,11,7,3,0,33,2,5,5,4,9,1,12,4,0,10,1,2,0,0,3,4,0,6,5,2,10,0,0,5,0,1,0,0,2,0,0,0,1,2,12,0,0,2,2,0,1,1,9,1,0,1,7,1,3,6,2,7,5,3,1,3,67,0,0,0,2,0,5,7,12,1,1,17,1,1
FLK,0,0,0,0,0,0,0,0,2,0,0,8,0,0,0,1,0,0,0,0,0,0,0,0,0,0,0,0,1,0,0,0,0,0,10,2,4,4,0,0,0,0,0,0,0,0,0,0,0,0,0,1,5,0,0,0,0,1,0,0,0,5,0,0,0,0,0,7,0,0,0,24,0,0,0,0,0,0,0,0,0,0,0,0,0,0,0,0,0,0,1,1,0,0,1,0,4,0,0,1,0,0,0,0,0,0,0,0,0,0,0,0,0,0,0,0,0,0,0,0,0,0,0,0,0,2,0,0,0,0,0,0,0,0,0,0,0,0,0,0,0,0,0,0,0,0,0,0,0,10,0,0,0,1,0,0,0,0,0,9,0,0,0,0,0,2,0,0,0,0,0,0,0,0,0,0,0,0,0,0,0,0,0,0,0,0,0,1,0,0,0,0,1,0,0,0,0,0,0,0,0,1,0,0,0,0,11,0,0,0,1,0,0,0,0,0,0,8,0,0
FRA,1,7,15,0,43,9,0,414,1084,402,1,4994,2995,208,8,6126,172,2,198,88,520,19,6,56,356,3,6,58,3478,17,14,5,35,22,6654,7233,1323,6974,208,317,96,54,5,851,5,5,97,158,5,4,354,2242,13704,11,2,2883,21,1518,308,597,2,9162,511,102,2023,34,7,0,3,2,81,16480,329,83,2,47,22,3,0,2186,6,9,25,86,11,30,781,15,1420,317,2119,1579,864,79,243,1643,11513,21,70,4232,99,210,22,104,2,8,1801,66,49,923,13,42,2,8,133,1,510,364,382,0,1067,178,47,108,2,1356,0,85,105,115,25,70,19,57,33,1,33,37,505,35,129,57,144,15,2,6454,2115,59,0,917,68,539,65,318,190,2,23,3020,4,2396,32,67,1,292,1447,3308,32,959,40,325,980,0,1,4,13,7,4,2,679,3,1,13,620,725,4034,10,0,14,22,0,27,65,757,11,2,0,3,11,1772,1424,1,1004,69,103,778,152,20182,45,10,2,125,2,725,7,8,14,10,1385,35,68
FRO,0,0,0,0,1,0,0,1,1,1,0,2,1,0,0,1,1,0,1,0,1,0,0,2,1,0,0,1,1,0,0,0,0,0,3,0,1,2,0,1,1,0,0,1,0,0,1,0,0,0,1,0,3,0,0,13,0,1,1,1,0,2,0,0,1,1,0,3,0,0,0,5,1,1,0,0,1,0,0,0,0,3,0,0,0,0,1,0,1,1,1,2,1,0,9,0,1,1,1,1,0,1,0,0,0,0,2,1,0,0,0,0,0,0,1,0,0,0,1,0,0,0,0,0,0,1,0,1,0,1,0,0,1,0,0,0,0,0,1,0,0,0,1,1,1,1,9,0,0,1,1,2,1,1,1,0,0,2,0,1,0,1,0,0,1,3,0,1,1,1,1,0,0,0,0,1,0,0,3,0,0,0,0,1,4,0,0,0,1,0,1,1,1,0,0,0,1,1,1,1,1,1,0,1,1,1,5,0,0,0,0,0,1,1,1,1,0,2,1,1
FSM,0,0,0,0,0,0,0,2,2,0,0,7,0,0,0,2,0,0,0,2,0,1,0,0,0,0,0,0,2,0,0,0,2,0,3,1,0,2,0,0,0,0,1,2,0,0,0,0,0,0,0,0,3,0,0,1,0,0,1,2,0,3,1,2,2,3,0,2,0,0,0,9,0,1,0,0,0,0,0,1,0,0,0,0,0,0,2,0,0,3,3,0,2,2,0,1,2,0,2,2,0,2,2,0,0,0,2,1,0,0,0,0,0,0,1,0,0,0,0,0,0,0,0,0,0,2,0,0,0,0,0,0,0,0,0,0,0,0,3,0,1,0,2,0,0,3,2,2,0,3,0,2,2,2,2,0,4,2,0,2,1,0,0,2,2,2,0,3,0,0,3,0,0,1,0,0,0,0,2,0,0,0,1,0,2,0,0,0,0,0,0,0,1,0,0,0,2,0,1,0,1,3,0,1,1,0,12,0,0,0,0,0,2,1,2,0,1,2,0,0
GAB,0,1,1,0,0,0,0,2,1,0,0,10,15,2,0,21,11,0,9,4,0,0,0,0,0,0,0,2,11,2,1,0,1,5,12,17,1,8,17,25,14,13,0,4,0,0,1,0,0,0,1,4,71,0,0,9,0,1,1,2,0,15,3,2,2,0,0,81,0,0,0,51,1,12,0,5,3,1,1,1,0,0,0,2,2,2,0,1,2,3,7,0,1,0,3,3,19,1,0,9,0,10,0,3,0,0,3,0,1,2,3,0,0,0,0,0,0,0,1,0,0,0,0,4,0,4,0,0,8,0,1,0,0,10,2,0,0,3,5,1,1,6,10,0,0,26,5,0,0,4,1,4,5,3,1,0,0,5,0,5,0,0,0,0,2,5,2,1,1,11,6,0,0,0,2,0,0,0,2,0,0,2,2,0,5,0,0,0,0,0,5,5,7,0,0,0,0,0,0,1,0,2,9,8,2,0,62,0,0,0,1,0,9,0,0,0,0,9,0,5
GBR,0,19,22,2,81,12,0,1093,1318,525,1,15770,5030,335,12,7683,85,0,145,524,730,51,21,121,470,18,22,73,5452,65,81,18,166,14,12160,10655,2138,19945,94,240,120,85,4,1262,2,9,163,158,11,6,723,3106,22527,1,7,6722,38,269,380,1317,4,13502,893,449,3981,61,24,16480,5,9,51,31874,539,445,6,46,167,19,8,4317,26,28,89,24,23,42,1123,28,2423,687,4691,5048,1779,666,620,2654,16599,59,315,6397,159,930,66,129,3,19,3164,228,88,321,48,85,4,17,404,3,894,392,623,0,408,131,83,85,11,1723,1,185,85,331,82,62,84,168,12,2,48,390,1894,89,39,46,906,22,2,14295,4662,262,0,2836,198,1594,168,548,464,3,41,4563,4,4145,82,125,1,765,1795,3884,89,2160,105,120,2756,4,1,16,71,15,7,5,1093,7,1,10,1032,1266,8833,22,1,32,47,1,22,34,1429,16,2,6,7,69,223,2465,1,1825,448,579,1092,182,41861,65,16,4,189,6,687,4,11,37,32,3886,210,213
