,ABW,AFG,AGO,ALB,AND,ANT,ARE,ARG,ARM,ATG,AUS,AUT,AZE,BDI,BEL,BEN,BFA,BGD,BGR,BHR,BHS,BIH,BLR,BLZ,BMU,BOL,BRA,BRB,BRN,BTN,BWA,CAF,CAN,CHE,CHL,CHN,CIV,CMR,COD,COG,COK,COL,COM,CPV,CRI,CUB,CUW,CYM,CYP,CZE,DEU,DJI,DMA,DNK,DOM,DZA,ECU,EGY,ERI,ESP,EST,ETH,FIN,FJI,FRA,FSM,GAB,GBR,GEO,GHA,GIB,GIN,GMB,GNB,GNQ,GRC,GRD,GRL,GTM,GUF,GUY,HND,HRV,HTI,HUN,IDN,IND,IRL,IRN,IRQ,ISL,ISR,ITA,JAM,JOR,JPN,KAZ,KEN,KGZ,KHM,KIR,KNA,KOR,KWT,LAO,LBN,LBR,LBY,LCA,LIE,LKA,LSO,LTU,LUX,LVA,MAR,MCO,MDA,MDG,MDV,MEX,MHL,MKD,MLI,MLT,MMR,MNE,MNG,MOZ,MRT,MSR,MUS,MWI,MYS,NAM,NCL,NER,NGA,NIC,NIU,NLD,NOR,NPL,NRU,NZL,OMN,PAK,PAN,PER,PHL,PLW,PNG,POL,PRK,PRT,PRY,PSE,QAT,ROU,RUS,RWA,SAU,SDN,SEN,SGP,SLB,SLE,SLV,SMR,SOM,SRB,SSD,STP,SUR,SVK,SVN,SWE,SWZ,SYC,SYR,TCD,TGO,THA,TJK,TKM,TLS,TON,TTO,TUN,TUR,TUV,TWN,TZA,UGA,UKR,URY,USA,UZB,VAT,VCT,VEN,VNM,VUT,WSM,XKX,YEM,ZAF,ZMB,ZWE
ABW,0,0,0,0,0,0,0,2,0,0,0,0,0,0,0,0,0,0,0,0,0,0,0,0,0,0,0,0,0,0,0,0,0,0,0,0,0,0,0,0,0,0,0,0,0,0,0,2,0,0,0,0,0,0,0,0,0,0,0,0,0,0,0,0,2,0,0,0,0,0,0,0,0,0,0,0,0,0,0,0,0,0,0,0,0,0,0,0,0,0,0,0,0,0,0,0,0,0,0,0,0,0,0,0,0,0,0,0,0,0,0,0,0,0,0,0,0,0,0,0,0,0,0,0,0,0,0,0,0,0,0,0,0,0,0,0,0,0,0,0,0,0,0,0,0,0,0,2,0,0,0,0,0,0,0,0,0,0,0,0,0,0,0,0,0,0,0,0,0,0,0,0,0,0,0,0,0,0,0,0,0,0,0,0,0,0,0,2,0,0,0,0,0,0,0,0,2,0,0,0,2,0,0,0,0,0,0,0,0
AFG,0,0,0,0,0,0,0,4,0,0,10,4,0,0,6,4,0,8,0,8,0,0,0,6,0,0,12,2,0,0,8,0,12,6,6,10,4,6,6,0,0,8,0,0,0,0,0,0,4,0,16,0,0,8,0,0,0,18,0,8,8,12,8,4,16,0,0,50,8,4,0,0,0,0,0,14,0,0,0,0,0,0,0,2,0,10,14,2,18,6,8,2,8,0,8,20,0,10,0,2,0,0,10,0,0,8,0,0,4,0,8,0,0,0,0,6,0,2,0,0,12,0,0,0,2,0,0,0,0,0,0,0,0,14,2,6,0,12,0,0,12,10,2,0,8,4,24,6,8,6,0,4,2,0,8,0,6,8,0,8,8,16,2,0,8,0,2,0,0,0,4,0,0,0,4,0,12,0,0,2,0,0,4,2,0,0,0,0,0,8,0,8,0,6,2,2,72,2,0,0,0,6,0,0,0,0,16,4,2
AGO,0,0,0,0,0,0,0,2,0,0,4,0,0,0,2,0,0,0,0,0,0,0,0,0,0,0,16,0,0,0,0,0,0,6,8,0,2,2,2,2,0,0,0,2,0,2,0,0,0,0,4,0,0,0,0,0,0,0,0,8,0,0,14,0,8,0,0,18,0,0,0,0,0,0,0,0,0,0,0,0,0,0,0,0,0,0,0,0,0,0,0,2,0,0,0,0,0,0,0,0,0,0,0,0,2,0,0,0,0,0,0,0,0,0,0,0,0,0,0,0,2,0,0,0,0,0,0,0,2,0,0,0,0,0,4,0,0,0,0,0,10,2,0,0,2,0,0,0,0,0,0,0,0,0,56,0,0,0,0,4,0,0,0,0,0,0,0,0,0,0,0,0,2,0,0,0,0,0,0,0,0,0,2,0,0,0,0,0,0,0,0,0,0,2,0,2,22,0,0,0,0,0,0,0,0,0,10,0,0
ALB,0,0,0,0,0,0,0,2,0,0,0,12,0,0,10,0,0,0,16,0,0,12,0,0,0,0,2,0,0,0,0,0,0,10,0,4,0,0,0,0,0,0,0,0,0,0,0,0,2,12,42,0,0,10,0,4,0,4,0,28,2,0,12,0,32,0,0,16,0,0,0,0,0,0,0,22,0,0,0,0,0,0,12,0,10,0,2,4,4,2,2,8,74,0,0,14,2,0,0,0,0,0,10,0,0,2,0,2,0,0,0,0,6,0,6,2,0,6,0,0,2,0,36,0,2,0,10,0,0,0,0,0,0,0,0,0,0,0,0,0,18,12,0,0,0,0,4,0,0,0,0,0,6,0,4,0,0,2,16,6,0,2,0,0,0,0,0,0,0,0,28,0,0,0,2,20,16,0,0,2,0,0,0,0,0,0,0,0,4,36,0,0,0,0,2,4,58,0,0,0,0,0,0,0,42,0,2,0,0
AND,0,0,0,0,0,0,0,0,0,0,0,0,0,0,0,0,0,0,0,0,0,0,0,0,0,0,0,0,0,0,0,0,4,0,0,0,0,0,0,0,0,0,0,0,0,0,0,0,0,0,2,0,0,0,0,0,0,0,0,26,0,0,0,0,0,0,0,0,0,0,0,0,0,0,0,0,0,0,0,0,0,0,0,0,0,0,0,0,0,0,0,0,2,0,0,0,0,0,0,0,0,0,0,0,0,0,0,0,0,0,0,0,0,0,0,0,0,0,0,0,0,0,0,0,0,0,0,0,0,0,0,0,0,0,0,0,0,0,0,0,0,0,0,0,0,0,0,0,0,0,0,0,2,0,0,0,0,0,0,0,0,0,0,0,0,0,0,0,0,0,0,0,0,0,0,0,0,0,0,0,0,0,0,0,0,0,0,0,0,0,0,0,0,0,0,0,0,0,0,0,0,0,0,0,0,0,0,0,0
ANT,0,0,0,0,0,0,0,0,0,0,0,0,0,0,0,0,0,0,0,0,0,0,0,0,0,0,0,0,0,0,0,0,0,0,0,0,0,0,0,0,0,0,0,0,0,0,0,0,0,0,0,0,0,0,0,0,0,0,0,0,0,0,0,0,0,0,0,0,0,0,0,0,0,0,0,0,0,0,0,0,0,0,0,0,0,0,0,0,0,0,0,0,0,0,0,0,0,0,0,0,0,0,0,0,0,0,0,0,0,0,0,0,0,0,0,0,0,0,0,0,0,0,0,0,0,0,0,0,0,0,0,0,0,0,0,0,0,0,0,0,0,0,0,0,0,0,0,0,0,0,0,0,0,0,0,0,0,0,0,0,0,0,0,0,0,0,0,0,0,0,0,0,0,0,0,0,0,0,0,0,0,0,0,0,0,0,0,0,0,0,0,0,0,0,0,0,2,0,0,0,0,0,0,0,0,0,2,0,0
ARE,0,0,0,0,0,0,0,22,2,0,186,40,0,0,58,2,0,20,6,46,0,0,0,0,0,2,54,0,0,0,0,0,438,74,20,220,0,4,0,2,0,18,0,0,2,2,0,0,8,34,194,2,0,74,4,58,4,200,0,80,2,0,22,4,210,0,0,550,2,2,0,0,0,0,0,84,0,2,0,0,0,2,12,0,34,6,220,26,64,20,2,30,154,2,114,112,4,10,0,0,0,0,66,78,0,70,0,20,0,0,4,0,6,4,4,36,0,0,0,0,32,0,8,0,2,0,2,2,2,2,0,0,0,124,0,0,2,2,2,0,86,10,2,0,42,92,70,2,4,6,0,0,36,0,34,0,2,124,20,42,0,264,14,2,62,0,0,2,0,0,26,0,0,0,2,10,110,0,0,20,0,0,12,0,0,0,0,4,60,102,0,30,0,0,14,4,1096,2,0,0,2,4,0,0,2,16,52,0,8
ARG,2,4,2,2,0,0,22,0,170,0,762,382,166,0,416,8,4,30,38,6,2,10,180,4,0,46,1890,2,2,0,8,0,954,610,1010,526,8,14,8,2,0,550,0,0,64,86,6,4,16,368,1540,0,2,422,6,2,82,46,0,2156,18,6,110,2,1378,0,0,1552,184,12,0,0,2,0,0,288,0,0,22,4,2,16,60,4,310,24,464,58,70,2,8,360,1180,6,16,494,6,40,6,8,0,0,138,10,4,26,0,8,4,0,10,0,24,10,14,194,0,2,4,0,616,0,18,0,10,0,0,6,2,0,0,0,2,120,2,4,2,26,4,0,678,288,2,0,148,8,58,36,168,38,0,6,412,0,372,38,4,14,276,408,4,64,2,2,50,0,6,12,0,0,200,0,0,0,202,240,406,0,0,10,0,0,58,0,0,0,0,4,12,324,0,250,14,12,30,368,3480,6,2,0,116,34,0,0,2,0,376,12,18
ARM,0,0,0,0,0,0,2,170,0,0,216,368,174,0,192,0,0,6,178,0,2,4,340,0,0,2,412,2,0,0,0,0,206,394,202,428,2,0,0,0,0,340,0,0,6,48,0,2,158,408,548,0,2,230,0,2,2,180,0,404,158,2,210,0,526,0,0,702,344,0,0,0,2,0,0,382,0,0,2,2,0,0,216,0,372,6,390,184,186,0,0,192,528,2,0,258,10,4,2,2,0,0,256,4,0,2,0,0,0,0,152,0,158,2,2,174,0,12,2,0,222,0,0,0,0,0,8,10,0,0,0,0,0,178,28,0,0,2,0,0,256,222,0,0,156,4,208,0,48,4,0,0,430,0,334,0,0,142,234,542,0,82,2,0,6,0,0,0,0,0,366,0,0,0,220,190,250,0,0,0,0,0,202,2,0,0,0,2,0,388,0,340,4,0,236,6,588,8,0,0,2,0,0,0,0,0,250,0,0
ATG,0,0,0,0,0,0,0,0,0,0,0,0,0,0,0,0,0,0,0,0,2,0,0,2,0,0,0,2,0,0,0,0,2,0,0,0,0,0,0,0,0,0,0,0,0,2,0,0,0,0,0,0,2,0,2,0,0,0,0,0,0,0,0,0,2,0,0,0,0,0,0,0,0,0,0,0,2,0,0,0,2,0,0,0,0,0,0,0,0,0,0,0,0,2,0,0,0,0,0,0,0,2,0,0,0,0,0,0,2,0,0,0,0,0,0,0,0,0,0,0,0,0,0,0,0,0,0,0,0,0,0,0,0,0,0,0,0,0,0,0,2,0,0,0,0,0,0,0,0,0,0,0,0,0,0,0,0,0,0,0,0,0,0,0,0,0,0,0,0,0,0,0,0,2,0,0,0,0,0,0,0,0,0,0,0,0,0,2,0,0,0,0,0,0,0,0,4,0,0,2,0,0,0,0,0,0,0,0,0
AUS,0,10,4,0,0,0,186,762,216,0,0,1640,166,4,2260,12,22,348,98,22,8,10,206,8,4,20,2162,10,30,20,24,2,7252,3150,1074,13450,16,54,22,6,10,452,0,4,78,28,0,2,70,884,8184,2,2,2280,2,30,54,234,4,3860,176,62,1168,118,5964,10,8,18190,196,78,0,10,18,6,0,832,4,6,30,10,6,2,212,4,672,620,2304,988,1072,100,160,908,4600,14,128,3464,38,188,10,88,10,2,1770,94,62,80,0,20,4,6,246,2,102,86,36,228,20,10,18,8,592,6,20,14,20,22,8,20,28,2,0,14,42,1850,42,112,8,138,0,6,4736,1544,92,2,3794,80,346,70,150,264,12,190,1234,0,874,8,8,198,426,1298,14,1044,38,16,2134,28,40,2,0,0,310,0,0,0,288,408,3038,0,16,32,0,6,928,2,0,2,12,28,52,728,4,1060,74,68,158,80,23438,16,2,0,50,536,32,12,0,6,1742,10,30
AUT,0,4,0,12,0,0,40,382,368,0,1640,0,176,2,1788,16,24,28,342,2,2,30,360,2,0,6,928,2,0,2,10,0,1812,3458,408,1446,6,20,6,2,0,388,0,0,22,32,0,2,202,1558,11052,0,2,1268,0,16,20,300,0,2916,290,44,914,2,3772,0,16,5610,370,20,0,0,8,0,0,1134,2,2,14,0,2,0,570,0,1242,50,872,572,390,14,92,728,4286,12,22,1264,30,62,6,0,0,0,514,12,2,48,0,8,2,160,158,0,262,112,58,228,8,20,8,0,366,0,66,2,34,0,10,14,4,2,0,8,2,254,36,2,2,30,0,0,2678,1038,26,0,428,46,380,8,40,54,0,6,1434,0,984,4,2,166,728,1138,10,340,16,22,234,0,2,2,0,0,574,0,0,0,698,634,1850,2,2,16,2,2,298,0,0,0,0,14,46,694,0,526,28,20,334,32,7392,8,0,0,26,46,0,0,14,4,536,4,14
AZE,0,0,0,0,0,0,0,166,174,0,166,176,0,0,6,0,0,0,4,0,0,6,182,0,0,0,168,0,0,0,0,0,170,176,166,182,0,0,0,0,0,166,0,0,0,0,0,0,4,172,208,0,0,174,0,2,0,14,0,186,2,0,8,0,190,0,0,360,182,0,0,0,0,0,0,172,0,0,0,0,0,0,6,0,172,4,166,2,26,2,4,178,190,0,4,180,6,0,4,0,0,0,8,0,2,0,0,2,0,0,0,0,0,2,2,168,0,8,0,0,4,0,4,0,2,0,2,4,0,0,0,0,0,70,0,0,0,2,0,0,168,170,0,0,2,0,10,0,0,0,0,0,176,0,192,0,0,0,168,256,0,6,0,0,2,0,0,0,0,0,172,0,0,0,174,170,172,0,0,0,0,0,4,4,0,0,0,0,10,342,0,172,0,0,16,0,204,2,0,0,0,2,0,0,0,0,168,0,0
BDI,0,0,0,0,0,0,0,0,0,0,4,2,0,0,10,2,2,0,0,0,0,0,0,0,0,0,0,0,0,0,0,2,2,0,0,4,2,6,4,4,0,0,0,0,0,0,0,0,0,0,10,0,0,0,0,0,0,0,2,0,0,4,0,0,6,0,2,14,0,6,0,0,0,0,0,0,0,0,0,0,0,0,0,0,2,0,2,0,0,0,0,0,6,0,0,2,0,18,0,0,0,0,0,0,0,0,2,0,0,0,0,0,0,0,0,0,0,0,0,0,0,0,0,0,0,0,0,0,0,0,0,0,0,0,2,0,0,6,0,0,12,0,0,0,2,0,0,0,0,0,0,0,0,0,0,0,0,0,2,0,8,0,6,2,0,0,2,0,0,0,0,0,0,0,2,0,0,0,2,0,0,0,0,0,0,0,0,0,0,2,0,0,12,12,0,0,10,0,0,0,0,0,0,0,0,0,4,0,0
BEL,0,6,2,10,0,0,58,416,192,0,2260,1788,6,10,0,98,70,54,490,6,2,32,190,0,0,32,1250,8,0,2,12,8,2764,3306,400,1984,40,104,182,32,0,362,0,0,42,112,0,2,270,1128,7738,2,2,1716,4,150,90,362,0,4608,388,158,1132,0,8860,0,42,9398,194,50,0,24,50,6,2,1352,2,12,14,6,4,6,446,4,990,68,900,806,414,20,102,722,6018,6,22,1456,18,200,6,36,0,2,728,24,6,72,2,12,0,4,172,4,318,312,82,128,6,16,32,0,524,0,72,14,50,2,18,16,24,0,0,10,16,220,6,14,14,64,2,0,7452,1002,44,0,590,12,254,22,106,62,0,4,1744,0,1314,4,2,198,672,1154,46,342,14,58,240,0,6,2,0,4,364,0,0,0,186,302,2262,2,2,8,4,8,358,2,0,0,0,4,142,700,0,402,112,102,384,64,9606,22,2,0,60,210,0,0,0,4,762,22,12
BEN,0,4,0,0,0,0,2,8,0,0,12,16,0,2,98,0,34,10,0,4,0,0,0,4,0,0,34,0,0,0,4,4,34,26,6,16,26,26,12,4,0,8,0,0,0,2,0,0,2,2,40,0,0,8,0,2,0,10,0,20,6,4,6,2,242,0,12,60,4,34,0,6,6,0,0,4,0,0,0,0,0,0,0,0,0,8,10,0,6,2,4,2,32,0,4,14,8,34,0,8,0,0,6,0,6,4,0,0,4,0,8,0,0,2,0,6,0,0,4,0,10,0,0,10,0,2,0,0,4,0,0,2,0,8,4,4,12,16,0,0,80,8,0,0,6,4,10,4,10,14,0,6,2,0,8,0,4,4,4,6,6,4,2,26,4,0,4,0,0,0,4,0,0,0,4,0,14,0,0,2,0,24,24,0,0,0,2,2,2,6,0,8,28,8,0,4,90,0,0,0,0,12,0,0,0,0,18,6,2
BFA,0,0,0,0,0,0,0,4,0,0,22,24,0,2,70,34,0,20,4,2,0,0,2,0,0,0,10,0,2,0,0,6,44,78,2,12,44,34,8,10,0,8,0,0,0,2,0,0,0,2,78,0,0,22,0,2,0,4,0,20,0,22,4,0,286,0,20,132,0,70,0,14,30,6,0,4,0,0,0,0,0,0,4,2,2,14,30,2,0,0,0,2,52,0,2,18,0,64,0,6,0,0,8,2,2,6,2,0,0,0,2,0,2,18,0,10,0,0,2,0,6,0,2,56,0,0,2,0,10,0,0,2,28,4,2,0,18,38,2,0,28,8,0,0,0,0,2,0,2,2,0,10,4,0,2,2,0,0,4,4,6,8,12,66,2,0,2,0,0,0,0,0,0,0,4,0,36,0,0,0,4,20,26,0,0,0,0,2,4,2,0,14,26,14,4,0,142,0,0,0,2,26,0,0,0,2,48,8,16
BGD,0,8,0,0,0,0,20,30,6,0,348,28,0,0,54,10,20,0,2,4,0,0,0,4,0,0,46,2,16,4,6,0,218,100,16,186,20,6,4,0,0,18,0,0,2,2,0,0,4,4,168,0,0,42,0,2,18,52,0,56,8,26,38,12,72,0,2,426,8,36,0,6,20,2,0,18,0,0,2,0,0,0,18,2,6,72,242,16,46,6,4,12,76,0,14,568,4,44,2,16,0,0,234,10,6,10,0,4,4,0,24,0,4,12,0,6,0,2,0,2,30,0,2,4,0,12,0,2,4,0,0,2,18,442,2,4,2,18,0,0,88,44,50,0,30,14,128,4,16,44,0,6,34,0,16,0,8,6,2,30,4,92,2,18,80,0,6,0,0,0,8,0,0,0,6,8,156,0,0,4,0,0,64,0,0,0,0,2,2,42,0,18,34,16,12,4,756,0,0,0,2,54,0,0,0,2,80,8,10
BGR,0,0,0,16,0,0,6,38,178,0,98,342,4,0,490,0,4,2,0,2,0,24,172,0,0,8,240,2,2,0,0,0,106,460,32,288,0,2,0,2,0,194,0,0,6,4,0,0,186,384,980,0,0,134,2,14,2,194,0,564,218,2,330,0,620,0,0,676,194,8,0,0,0,0,0,388,0,0,6,0,2,2,306,0,364,12,286,222,178,10,20,80,694,0,4,182,12,6,2,0,0,0,206,4,0,28,0,0,0,2,152,0,242,26,56,14,0,14,0,0,240,0,86,0,10,0,10,8,0,0,0,0,0,106,2,0,0,24,0,0,194,92,0,0,190,6,186,2,14,12,0,2,576,0,286,2,0,148,264,438,0,146,2,0,18,0,0,2,0,0,304,0,0,0,118,116,162,0,0,0,0,0,164,0,0,0,0,0,18,314,0,178,8,2,252,4,710,8,0,0,8,12,0,0,4,0,62,0,0
BHR,0,8,0,0,0,0,46,6,0,0,22,2,0,0,6,4,2,4,2,0,0,0,2,6,0,0,12,0,2,0,6,0,26,6,4,20,4,8,4,0,0,8,0,0,2,0,0,0,6,2,18,2,0,6,0,26,0,54,0,14,6,6,12,2,26,0,0,68,6,2,0,0,0,0,0,6,0,0,0,0,0,0,2,0,0,6,60,16,16,18,6,4,14,0,28,10,0,6,0,0,0,0,10,24,0,20,0,8,4,0,6,0,0,0,0,16,0,2,0,0,10,0,0,0,0,0,0,0,0,2,0,0,0,44,2,6,0,8,0,0,22,8,0,0,4,28,10,4,6,6,0,4,4,0,8,2,6,38,0,6,6,80,8,0,10,0,2,0,0,0,4,0,0,0,4,0,10,0,0,12,0,0,4,0,0,0,0,0,22,24,0,10,0,6,4,2,60,0,0,0,0,6,0,0,0,14,18,4,0
BHS,0,0,0,0,0,0,0,2,2,2,8,2,0,0,2,0,0,0,0,0,0,0,0,2,0,0,4,4,0,0,0,0,22,2,4,2,2,0,0,0,0,2,0,0,2,4,0,2,0,0,6,0,4,2,2,0,2,2,0,2,0,0,2,0,4,2,0,16,0,0,0,0,2,0,0,0,2,0,0,0,2,0,0,0,0,0,2,0,2,0,0,0,2,8,0,2,0,2,0,0,0,4,2,0,0,0,0,0,2,0,0,0,0,0,0,2,0,0,2,0,4,0,0,0,0,0,0,2,0,0,0,0,0,0,0,0,0,2,0,0,4,2,0,0,4,0,0,0,2,0,0,0,0,0,4,0,0,0,0,2,0,0,0,0,0,0,0,0,0,0,0,0,0,2,0,0,2,0,0,0,0,0,0,0,0,0,0,6,0,2,0,2,2,0,0,2,60,0,0,4,2,0,0,0,0,0,2,0,0
BIH,0,0,0,12,0,0,0,10,4,0,10,30,6,0,32,0,0,0,24,0,0,0,6,0,0,2,12,0,0,0,0,0,8,32,4,10,0,0,0,0,0,0,0,0,4,0,0,0,6,22,66,0,0,18,0,6,0,6,0,44,18,0,16,0,24,0,0,48,6,0,0,0,0,0,0,16,0,0,0,0,0,0,218,0,28,2,8,18,4,0,4,12,48,2,0,8,2,0,4,0,0,0,12,0,0,4,0,4,0,0,0,0,14,8,10,4,0,4,0,0,2,0,34,0,4,0,24,0,0,0,0,0,0,0,0,0,0,0,0,0,24,22,0,0,4,0,6,2,0,6,0,0,36,0,14,0,0,0,24,12,0,6,0,0,4,0,0,0,0,0,322,0,0,0,18,136,28,0,0,0,0,0,2,2,0,0,0,0,4,52,0,4,0,0,6,0,80,0,0,0,2,0,0,0,4,0,8,0,0
BLR,0,0,0,0,0,0,0,180,340,0,206,360,182,0,190,0,2,0,172,2,0,6,0,0,0,0,336,0,2,0,0,0,216,372,168,368,0,2,0,0,0,322,0,0,2,2,0,0,158,366,612,0,0,234,0,0,0,158,0,414,180,0,196,0,432,0,0,638,338,0,0,0,2,0,0,346,0,0,0,0,0,0,170,0,338,2,332,164,184,2,0,184,422,0,16,192,30,2,2,0,0,0,194,0,0,2,0,2,0,0,152,0,238,10,22,168,0,24,0,0,168,0,2,0,0,0,2,2,0,0,0,0,0,174,2,0,0,2,0,0,206,204,0,0,154,2,156,0,0,2,0,0,558,0,364,2,0,140,204,942,0,94,0,0,20,0,0,0,2,0,348,0,0,0,188,188,222,0,0,0,0,0,158,2,0,0,0,0,2,362,0,338,0,2,302,0,500,8,0,0,0,2,0,0,0,0,176,0,0
BLZ,0,6,0,0,0,0,0,4,0,2,8,2,0,0,0,4,0,4,0,6,2,0,0,0,0,0,6,2,0,0,6,0,12,0,4,6,4,6,4,0,0,8,0,0,2,2,0,0,4,0,6,0,2,6,2,0,0,6,0,8,6,6,6,2,10,0,0,18,6,2,0,0,0,0,0,6,2,0,0,0,2,2,0,0,0,6,6,0,6,4,6,2,6,2,6,6,0,4,0,0,0,2,6,0,0,6,0,0,6,0,6,0,0,0,0,6,0,2,0,0,10,0,0,0,0,0,0,0,0,0,0,0,0,6,2,6,0,6,0,0,8,8,0,0,4,4,6,4,6,6,0,4,2,0,6,0,4,6,0,6,6,6,0,0,6,0,2,0,0,0,4,0,0,2,4,0,6,0,0,2,0,0,0,0,0,0,0,2,0,6,0,6,0,6,2,2,32,0,0,2,0,6,0,0,0,0,8,4,0
BMU,0,0,0,0,0,0,0,0,0,0,4,0,0,0,0,0,0,0,0,0,0,0,0,0,0,0,2,2,0,0,0,0,6,2,0,4,0,0,0,0,0,2,0,0,2,0,0,0,0,0,6,0,0,0,0,0,0,0,0,6,0,0,2,0,8,0,0,6,0,0,0,0,0,0,0,0,0,0,0,0,0,0,0,0,0,0,4,0,0,0,2,0,0,0,0,2,0,0,0,0,0,0,2,0,0,0,0,0,0,0,0,0,0,0,0,0,0,0,0,0,2,0,0,0,0,0,0,0,0,0,0,0,0,0,0,0,0,0,0,0,6,4,0,0,2,0,0,2,0,0,0,0,2,0,0,0,0,0,0,0,0,0,0,0,0,0,0,0,0,0,0,0,0,0,0,0,4,0,0,0,0,0,0,0,0,0,0,2,0,0,0,2,0,0,0,0,54,0,0,0,0,0,0,0,0,0,0,0,0
BOL,0,0,0,0,0,0,2,46,2,0,20,6,0,0,32,0,0,0,8,0,0,2,0,0,0,0,66,0,0,0,0,0,26,10,58,10,0,0,0,0,0,46,0,0,12,2,0,0,2,24,44,0,0,22,2,0,40,2,0,90,6,0,4,0,68,0,0,68,0,0,0,0,0,0,0,2,0,0,2,0,2,4,6,0,8,2,10,4,4,0,0,2,24,2,2,14,0,4,0,0,0,0,0,2,0,4,0,0,0,0,0,0,10,18,0,4,0,0,0,0,34,0,2,2,0,0,0,2,2,0,0,0,0,2,0,2,2,0,4,0,36,4,0,0,4,2,2,10,62,2,0,0,14,0,4,4,0,0,2,10,0,4,2,0,2,0,0,4,0,0,2,0,0,0,2,2,40,0,0,0,0,0,6,0,0,0,0,0,2,4,0,2,2,0,2,6,190,4,0,0,20,4,0,0,0,0,4,0,0
BRA,0,12,16,2,0,0,54,1890,412,0,2162,928,168,0,1250,34,10,46,240,12,4,12,336,6,2,66,0,4,6,0,16,0,2900,1648,1228,1722,12,42,10,14,0,1188,0,4,168,332,0,2,178,794,4230,0,2,852,16,28,200,296,0,4036,204,36,600,10,4490,0,6,5256,340,28,0,0,6,0,0,656,2,0,24,38,4,10,340,4,630,66,1316,558,298,24,30,524,3386,4,22,1258,22,112,4,10,0,0,670,20,12,76,0,10,4,2,176,0,174,46,38,192,2,6,12,2,1330,0,18,14,22,4,6,10,46,2,0,2,16,330,6,22,10,120,2,0,1962,556,24,0,482,30,414,90,410,90,0,8,1050,0,2676,58,6,190,566,1292,8,298,18,14,214,0,2,12,0,0,442,0,0,4,288,290,1110,0,0,6,0,4,406,0,0,0,0,8,42,782,0,536,34,30,500,386,12640,10,8,0,216,184,0,0,2,2,706,14,18
BRB,0,2,0,0,0,0,0,2,2,2,10,2,0,0,8,0,0,2,2,0,4,0,0,2,2,0,4,0,0,0,4,0,24,4,0,6,2,0,0,0,0,8,0,0,4,4,0,2,0,0,8,0,4,4,4,0,2,2,0,4,2,2,6,4,6,0,0,38,2,4,0,0,2,0,0,2,4,0,0,2,2,0,0,0,0,2,6,2,4,0,0,2,8,12,2,8,0,6,0,0,0,2,4,0,0,2,0,0,2,0,2,0,0,0,0,2,0,0,4,0,10,0,0,0,0,0,0,2,0,0,0,0,0,0,0,0,0,4,0,0,8,4,0,0,6,0,4,4,2,0,0,0,4,0,4,0,2,4,0,6,0,2,0,0,2,0,0,0,0,0,0,0,0,2,0,0,8,0,0,2,0,0,2,0,0,0,0,14,2,8,0,14,4,0,0,2,56,0,0,2,2,0,0,0,0,0,16,0,0
BRN,0,0,0,0,0,0,0,2,0,0,30,0,0,0,0,0,2,16,2,2,0,0,2,0,0,0,6,0,0,0,0,0,4,8,0,36,0,2,0,0,0,4,0,0,0,0,0,0,0,6,38,0,0,2,0,0,2,4,0,4,0,0,4,0,4,0,0,38,0,0,0,0,0,0,0,2,0,0,0,0,0,0,2,0,0,2,22,4,2,2,0,4,6,2,0,18,0,0,0,0,0,0,12,0,0,0,0,0,0,0,8,0,0,0,0,0,0,0,0,0,2,0,0,0,0,0,0,0,0,0,0,0,0,80,0,0,0,2,0,0,12,0,0,0,4,2,10,0,2,4,0,0,2,0,0,4,0,2,6,2,0,2,0,0,26,0,0,0,0,0,2,0,0,0,0,0,0,0,0,0,0,0,4,0,0,0,0,0,2,6,0,8,0,0,4,0,34,0,0,0,0,4,0,0,0,6,4,0,0
BTN,0,0,0,0,0,0,0,0,0,0,20,2,0,0,2,0,0,4,0,0,0,0,0,0,0,0,0,0,0,0,0,0,2,4,0,6,0,0,0,0,0,0,0,0,0,0,0,0,0,0,0,0,0,0,0,0,0,0,0,4,0,0,4,0,10,0,0,2,0,0,0,0,0,0,0,0,0,0,0,0,0,0,0,0,0,0,14,0,0,0,0,0,0,0,0,10,0,0,0,0,0,0,0,0,2,0,0,0,0,0,2,0,0,0,0,0,0,0,0,2,2,0,0,0,0,4,0,0,0,0,0,0,0,2,0,0,0,0,0,0,6,0,6,0,0,0,0,0,0,0,0,0,0,0,2,0,0,0,0,0,0,0,0,0,0,0,0,0,0,0,0,0,0,0,0,0,0,0,0,0,0,0,6,0,0,0,0,4,0,0,0,0,0,0,0,0,34,0,0,0,0,0,0,0,0,0,0,0,0
BWA,0,8,0,0,0,0,0,8,0,0,24,10,0,0,12,4,0,6,0,6,0,0,0,6,0,0,16,4,0,0,0,0,40,12,10,26,4,24,8,0,0,8,0,4,2,2,0,0,4,0,36,0,0,12,0,2,0,6,0,10,8,22,8,4,20,0,0,100,8,14,0,0,2,0,0,14,0,0,0,0,0,0,0,0,10,8,22,0,12,4,6,2,24,0,8,20,0,28,0,0,0,0,8,0,0,8,0,0,4,0,8,2,0,0,0,10,0,2,2,0,18,0,0,0,0,0,0,0,6,0,0,2,20,8,10,6,2,28,0,0,18,34,0,0,8,4,12,6,6,8,0,4,4,0,12,0,6,8,0,14,6,28,0,2,8,0,2,0,0,0,4,0,0,0,4,0,34,0,0,2,0,0,4,0,0,0,0,0,4,12,0,8,20,16,2,4,240,0,0,0,0,6,0,0,0,0,162,26,36
CAF,0,0,0,0,0,0,0,0,0,0,2,0,0,2,8,4,6,0,0,0,0,0,0,0,0,0,0,0,0,0,0,0,2,4,0,0,6,14,2,12,0,0,0,0,0,0,0,0,0,12,10,0,0,0,0,0,0,0,0,0,0,0,2,0,36,0,6,18,0,2,0,2,4,0,0,0,0,0,0,2,0,0,0,0,0,0,0,0,0,0,0,0,2,0,0,8,0,4,0,0,0,0,0,0,4,0,0,0,0,0,0,0,0,2,0,0,0,0,8,0,0,0,0,0,0,0,0,0,0,0,0,0,0,0,2,0,2,4,0,0,2,0,0,0,0,0,0,0,0,0,0,0,0,0,2,0,0,0,2,0,0,0,2,18,0,0,2,0,0,0,0,0,0,0,0,0,0,0,0,0,0,2,0,0,0,0,0,0,0,0,0,0,2,0,0,0,16,0,0,0,0,2,0,0,0,0,0,0,2
CAN,0,12,0,0,4,0,438,954,206,2,7252,1812,170,2,2764,34,44,218,106,26,22,8,216,12,6,26,2900,24,4,2,40,2,0,4124,1176,11304,46,80,20,14,0,522,0,0,106,76,6,2,116,964,9586,2,6,2514,10,160,68,818,2,4312,150,74,1294,12,9392,0,10,14866,220,68,0,6,12,4,0,946,30,48,28,8,14,18,200,8,748,106,2240,1020,1732,52,156,1676,5678,28,152,3488,32,340,6,26,2,28,1916,122,6,234,2,28,10,4,68,0,68,88,42,364,8,18,30,0,1024,0,58,24,26,0,14,22,12,2,0,18,44,600,20,14,4,136,10,0,5094,1648,58,0,1214,112,572,80,140,104,0,6,1750,0,1030,0,6,362,558,1466,48,1580,20,50,950,0,18,6,0,0,326,0,0,2,326,364,3016,2,4,28,0,8,404,2,0,0,0,38,250,926,0,1148,90,188,212,62,41706,6,2,2,78,116,4,2,0,6,1352,42,40
CHE,0,6,6,10,0,0,74,610,394,0,3150,3458,176,0,3306,26,78,100,460,6,2,32,372,0,2,10,1648,4,8,4,12,4,4124,0,558,2756,84,96,48,44,0,468,0,0,44,90,0,2,242,1644,16040,2,2,2174,4,62,48,392,4,5270,380,84,1546,6,9698,0,22,12508,388,124,0,16,34,6,0,1614,6,6,16,4,2,2,650,10,1190,108,1616,960,556,14,162,1144,8492,16,46,2368,16,218,12,72,0,2,1092,12,6,86,14,8,0,52,168,6,276,148,80,248,22,18,26,2,606,0,36,24,38,4,14,20,22,6,2,2,62,310,24,6,16,108,8,0,5188,1410,74,0,710,24,368,46,140,84,0,20,2108,2,1338,10,4,220,946,1944,20,436,26,68,526,0,10,2,0,4,574,0,0,2,486,520,2830,4,12,8,20,10,440,0,0,0,0,6,74,1092,0,822,170,126,566,58,16828,14,2,0,50,232,2,0,4,6,1148,48,74
CHL,0,6,8,0,0,0,20,1010,202,0,1074,408,166,0,400,6,2,16,32,4,4,4,168,4,0,58,1228,0,0,0,10,0,1176,558,0,514,6,8,8,2,2,574,0,4,36,60,0,0,14,296,1986,0,4,540,8,8,74,28,0,2326,24,12,250,8,1868,0,0,2440,180,12,0,0,0,0,0,306,0,2,10,2,2,12,40,0,234,24,450,144,70,4,24,324,1188,0,8,652,12,24,2,4,0,8,230,6,2,34,0,0,6,0,8,0,22,6,4,190,0,2,0,0,510,0,6,2,2,2,0,0,2,0,0,2,2,108,0,6,0,18,2,0,740,336,2,0,234,8,40,24,186,44,0,4,472,0,364,10,2,34,262,442,6,54,0,6,54,0,0,6,0,0,204,0,0,0,206,194,462,0,0,2,0,0,48,2,0,0,0,0,18,258,0,328,12,12,70,160,4180,6,24,0,102,16,0,2,0,0,488,6,12
CHN,0,10,0,4,0,0,220,526,428,0,13450,1446,182,4,1984,16,12,186,288,20,2,10,368,6,4,10,1722,6,36,6,26,0,11304,2756,514,0,12,72,14,0,0,550,0,4,36,124,0,2,206,1140,10376,0,2,2302,6,44,84,690,2,3182,286,68,1538,8,6998,2,0,16654,370,140,0,28,6,0,0,1020,2,22,10,4,6,2,410,6,888,236,2474,1082,804,120,98,998,3932,12,44,11622,50,194,18,36,2,16,5826,62,14,72,2,12,6,2,270,12,206,88,38,250,2,12,14,2,766,0,36,16,14,22,12,88,2,0,0,6,20,1092,8,12,10,298,0,0,3784,1572,118,0,1352,48,1712,38,142,286,0,8,1662,36,1012,6,6,558,708,2446,22,2296,114,22,6982,0,8,2,0,0,612,0,0,0,366,444,3488,0,2,16,0,14,1212,4,2,0,0,18,58,1160,0,5026,56,44,624,60,70582,46,2,0,56,564,0,2,0,16,1122,20,24
CIV,0,4,2,0,0,0,0,8,2,0,16,6,0,2,40,26,44,20,0,4,2,0,0,4,0,0,12,2,0,0,4,6,46,84,6,12,0,28,18,4,0,10,0,0,2,2,0,2,2,4,50,0,2,8,0,2,4,10,0,12,4,22,6,2,200,0,8,88,6,40,0,6,20,0,2,4,0,0,0,0,0,0,0,2,0,18,28,0,8,2,4,4,20,2,4,16,0,44,0,2,0,0,12,0,0,4,2,0,4,0,4,0,0,14,0,12,0,0,4,0,12,0,0,16,0,0,0,2,4,0,0,0,14,6,4,4,0,20,0,0,18,6,0,0,6,4,6,2,8,8,0,6,0,0,6,0,4,4,6,6,6,6,2,44,8,0,4,0,0,0,4,0,0,0,8,0,20,2,0,2,2,28,8,0,0,0,0,2,0,8,0,8,18,16,2,4,94,0,0,0,2,28,0,0,0,0,34,10,2
CMR,0,6,2,0,0,0,4,14,0,0,54,20,0,6,104,26,34,6,2,8,0,0,2,6,0,0,42,0,2,0,24,14,80,96,8,72,28,0,40,20,0,16,0,0,0,0,0,0,4,24,202,0,0,16,0,10,2,16,0,32,10,22,18,2,438,0,24,174,6,38,0,8,6,0,2,14,0,0,0,6,0,0,2,0,8,16,68,6,12,4,6,8,124,0,6,42,0,80,0,2,0,0,14,2,2,10,2,0,4,0,12,0,0,4,4,24,0,2,14,0,18,0,0,18,0,0,0,0,12,0,0,0,6,14,4,8,8,94,0,0,36,16,2,0,10,4,18,12,12,12,0,6,8,0,10,2,4,6,18,12,8,16,10,50,12,0,6,0,0,0,4,0,0,0,4,0,32,2,4,2,12,6,22,0,0,0,0,2,18,12,0,18,24,22,4,2,256,0,0,0,0,20,0,0,0,0,174,12,6
COD,0,6,2,0,0,0,0,8,0,0,22,6,0,4,182,12,8,4,0,4,0,0,0,4,0,0,10,0,0,0,8,2,20,48,8,14,18,40,0,10,0,10,0,0,0,0,0,0,2,6,46,0,0,12,0,0,4,8,0,14,4,12,8,0,64,0,14,84,4,16,0,4,2,0,0,4,0,0,10,2,0,0,0,2,2,4,26,0,4,4,4,4,24,0,4,18,0,34,0,4,0,0,4,0,2,4,0,0,2,0,8,4,0,10,0,4,0,2,4,0,6,0,0,6,0,2,0,0,4,0,0,0,6,10,4,4,0,22,0,0,18,8,0,0,4,2,12,10,6,8,0,2,2,0,4,0,2,4,2,6,8,4,4,6,8,0,4,0,0,0,2,0,0,0,2,0,10,0,0,2,0,0,12,0,0,0,0,0,2,4,0,10,12,30,2,2,126,0,0,0,0,10,0,0,0,0,54,14,2
COG,0,0,2,0,0,0,2,2,0,0,6,2,0,4,32,4,10,0,2,0,0,0,0,0,0,0,14,0,0,0,0,12,14,44,2,0,4,20,10,0,0,2,0,0,2,0,0,0,0,0,26,0,0,6,0,0,0,8,0,2,0,10,0,0,68,0,16,52,0,16,0,0,10,0,0,2,0,0,0,0,0,0,0,0,0,2,14,0,0,0,0,0,8,0,0,10,0,22,0,0,0,0,0,0,0,0,6,0,0,0,0,0,2,0,0,2,0,0,0,0,0,0,0,0,0,0,0,0,0,0,0,2,2,0,4,0,0,28,0,0,12,4,0,0,6,0,0,2,2,8,0,0,2,0,2,0,0,0,0,8,4,8,4,2,2,0,2,0,0,0,0,0,0,0,2,0,6,0,2,0,0,6,2,0,0,0,0,0,8,0,0,4,8,20,0,2,80,0,0,0,2,0,0,0,0,0,38,12,14
COK,0,0,0,0,0,0,0,0,0,0,10,0,0,0,0,0,0,0,0,0,0,0,0,0,0,0,0,0,0,0,0,0,0,0,2,0,0,0,0,0,0,0,0,0,0,0,0,0,0,0,0,0,0,0,0,0,0,0,0,2,0,0,0,4,4,4,0,0,0,0,0,0,0,0,0,0,0,0,0,0,0,0,0,0,0,0,0,0,0,0,2,0,0,0,0,2,0,0,0,0,4,0,0,0,0,0,0,0,0,0,0,0,0,0,0,0,0,0,0,0,0,4,0,0,0,0,0,0,0,0,0,0,0,0,0,6,0,0,0,4,0,0,0,2,8,0,0,0,0,0,4,4,0,0,0,0,0,0,0,0,0,0,0,0,0,4,0,0,0,0,0,0,0,0,0,0,0,0,0,0,0,0,0,0,0,0,4,0,0,0,4,0,0,0,0,0,10,0,0,0,0,0,4,4,0,0,0,0,0
COL,0,8,0,0,0,0,18,550,340,0,452,388,166,0,362,8,8,18,194,8,2,0,322,8,2,46,1188,8,4,0,8,0,522,468,574,550,10,16,10,2,0,0,0,0,90,70,0,2,168,420,824,0,4,260,6,6,142,188,0,1632,170,14,222,4,832,0,4,1034,342,14,0,0,4,0,0,364,0,0,16,8,6,24,170,0,340,20,480,220,222,22,8,250,646,4,12,300,2,36,2,6,0,0,284,8,2,32,0,2,4,0,166,0,166,10,0,188,0,2,4,0,842,0,6,4,2,2,0,4,8,0,0,0,8,222,2,12,2,42,14,0,424,236,2,0,226,14,206,72,152,36,0,10,404,0,452,22,6,150,224,440,6,130,10,2,42,0,4,16,0,0,342,0,0,2,186,172,314,0,0,2,0,0,198,0,0,0,0,4,8,394,0,362,14,16,218,74,2156,8,0,0,204,28,0,0,0,0,282,8,8
COM,0,0,0,0,0,0,0,0,0,0,0,0,0,0,0,0,0,0,0,0,0,0,0,0,0,0,0,0,0,0,0,0,0,0,0,0,0,0,0,0,0,0,0,0,0,0,0,0,0,0,0,0,0,0,0,0,0,0,0,0,0,0,0,0,4,0,0,0,0,0,0,0,0,0,0,0,0,0,0,0,0,0,0,0,0,0,0,0,0,0,0,0,2,0,0,0,0,0,0,0,0,0,0,0,0,0,0,0,0,0,0,0,0,0,0,0,0,0,0,0,0,0,0,0,0,0,0,0,0,0,0,0,0,0,0,0,0,0,0,0,0,0,0,0,0,0,0,0,0,0,0,0,0,0,0,0,0,2,0,0,0,0,0,0,0,0,0,0,0,0,0,0,0,0,0,0,0,0,0,0,0,0,0,0,0,0,0,0,0,0,0,0,0,0,0,0,0,0,0,0,0,0,0,0,0,0,0,0,0
CPV,0,0,2,0,0,0,0,0,0,0,4,0,0,0,0,0,0,0,0,0,0,0,0,0,0,0,4,0,0,0,4,0,0,0,4,4,0,0,0,0,0,0,0,0,0,0,0,0,0,0,4,0,0,0,0,0,0,2,0,16,0,0,4,0,4,0,0,4,0,0,0,0,0,0,0,4,0,0,0,0,0,0,0,0,0,0,0,0,0,0,0,0,6,0,0,0,0,0,0,0,0,0,0,0,0,0,0,0,0,0,0,0,0,0,0,4,0,0,0,0,4,0,0,0,0,0,0,0,0,0,0,2,0,0,0,0,0,0,0,0,8,2,0,0,0,0,0,0,0,0,0,0,0,0,38,0,0,0,0,4,0,0,0,0,0,0,0,0,0,0,0,0,0,0,0,0,0,0,0,0,0,0,0,0,0,0,0,0,4,4,0,0,0,0,0,0,4,0,0,0,0,0,0,0,0,0,0,0,0
CRI,0,0,0,0,0,0,2,64,6,0,78,22,0,0,42,0,0,2,6,2,2,4,2,2,2,12,168,4,0,0,2,0,106,44,36,36,2,0,0,2,0,90,0,0,0,10,0,2,4,18,146,0,2,36,12,2,26,8,0,174,2,4,22,0,118,0,2,106,2,2,0,0,2,0,0,18,0,0,28,2,2,14,12,0,12,12,22,14,10,0,0,12,76,4,4,50,2,26,2,2,0,2,14,4,0,8,0,2,0,0,2,0,6,2,0,10,0,0,2,0,138,0,6,0,0,0,0,4,0,0,0,0,0,8,0,0,0,4,20,0,54,22,0,0,10,4,6,52,26,10,0,8,18,0,22,6,0,0,4,26,0,20,2,2,14,0,0,18,0,0,4,0,0,0,6,6,66,0,0,0,0,0,10,0,0,0,0,8,2,10,0,20,8,2,6,16,526,2,0,0,28,6,2,0,0,2,16,2,0
CUB,0,0,2,0,0,0,2,86,48,2,28,32,0,0,112,2,2,2,4,0,4,0,2,2,0,2,332,4,0,0,2,0,76,90,60,124,2,0,0,0,0,70,0,0,10,0,0,2,2,58,162,0,4,70,10,2,30,8,0,500,2,0,58,0,144,0,0,166,2,6,0,0,2,0,0,52,2,0,2,0,2,4,50,0,60,2,66,2,6,0,0,14,174,4,2,72,0,4,0,4,0,2,60,8,0,2,0,0,2,0,0,0,4,2,0,4,4,2,2,0,318,0,6,0,6,0,0,4,0,0,0,2,0,22,0,0,0,4,2,0,98,66,0,0,12,0,50,2,62,4,0,0,58,0,50,4,0,2,52,64,0,14,6,0,8,0,0,12,0,0,44,0,0,2,58,4,56,0,0,0,0,0,54,0,0,0,0,6,4,64,0,2,2,4,48,20,224,0,0,2,30,14,0,0,0,2,52,2,0
CUW,0,0,0,0,0,0,0,6,0,0,0,0,0,0,0,0,0,0,0,0,0,0,0,0,0,0,0,0,0,0,0,0,6,0,0,0,0,0,0,0,0,0,0,0,0,0,0,0,0,0,0,0,0,0,0,0,0,0,0,10,0,0,0,0,0,0,0,0,0,0,0,0,0,0,0,0,0,0,0,0,0,0,0,0,0,0,0,0,0,0,0,0,10,0,0,0,0,0,0,0,0,0,0,0,0,0,0,0,0,0,0,0,0,0,0,0,0,0,0,0,0,0,0,0,0,0,0,0,0,0,0,0,0,0,0,0,0,0,0,0,2,0,0,0,0,0,0,0,0,0,0,0,0,0,0,0,0,0,0,0,0,0,0,0,0,0,0,0,0,0,0,0,0,0,0,0,0,0,0,0,0,0,0,0,0,0,0,0,0,0,0,0,0,0,0,0,2,0,0,0,0,0,0,0,0,0,0,0,0
CYM,2,0,0,0,0,0,0,4,2,0,2,2,0,0,2,0,0,0,0,0,2,0,0,0,0,0,2,2,0,0,0,0,2,2,0,2,2,0,0,0,0,2,0,0,2,2,0,0,0,0,2,0,2,2,0,0,2,2,0,2,0,0,2,0,6,0,0,4,0,0,0,0,2,0,0,0,0,0,0,0,0,0,0,0,0,0,2,0,2,0,0,0,2,2,0,2,0,2,0,0,0,0,2,0,0,0,0,0,0,0,0,0,0,0,0,2,0,0,2,0,2,0,0,0,0,0,0,2,0,0,0,0,0,0,0,0,0,2,0,0,2,2,0,0,2,0,0,2,2,0,0,0,0,0,2,0,0,0,0,2,0,0,0,0,0,0,0,0,0,0,0,0,0,0,0,0,2,0,0,0,0,0,0,0,0,0,0,4,0,2,0,2,2,0,0,2,8,0,0,0,4,0,0,0,0,0,2,0,0
CYP,0,4,0,2,0,0,8,16,158,0,70,202,4,0,270,2,0,4,186,6,0,6,158,4,0,2,178,0,0,0,4,0,116,242,14,206,2,4,2,0,0,168,0,0,4,2,0,0,0,242,450,0,0,72,2,10,2,174,0,358,242,6,220,2,320,0,0,606,164,2,0,0,0,0,0,768,0,6,0,0,0,2,192,0,248,4,176,206,182,2,20,66,424,0,12,36,6,2,4,0,0,0,170,2,0,18,0,2,2,2,160,0,192,26,20,6,0,10,0,0,162,0,10,2,18,0,0,2,0,0,0,0,0,114,0,4,0,4,0,0,94,38,0,0,164,8,172,4,6,6,0,2,246,0,254,0,2,150,90,228,4,94,2,2,16,0,0,2,0,0,196,0,0,0,34,44,166,0,0,0,0,0,158,0,0,0,0,0,12,338,0,174,0,4,178,6,550,6,0,0,4,8,0,0,0,2,18,2,0
CZE,0,0,0,12,0,0,34,368,408,0,884,1558,172,0,1128,2,2,4,384,2,0,22,366,0,0,24,794,0,6,0,0,12,964,1644,296,1140,4,24,6,0,0,420,0,0,18,58,0,0,242,0,4030,2,0,878,0,56,50,268,0,2042,336,16,808,2,2796,0,4,3374,346,6,0,0,0,0,0,976,0,12,10,4,2,0,528,0,1024,20,940,484,294,4,50,526,2590,2,20,1046,22,28,4,4,0,0,580,20,6,16,0,8,0,2,152,0,318,48,90,190,2,22,0,0,452,0,34,0,18,0,8,12,4,0,0,2,0,394,36,2,0,12,2,0,1460,790,6,0,296,18,284,10,80,20,0,16,2082,0,888,6,0,166,592,1482,2,252,14,2,172,0,0,2,0,0,570,0,0,0,2016,516,1260,0,0,4,0,0,276,0,0,0,0,0,38,756,0,502,10,4,554,32,3986,26,2,0,24,40,0,0,2,6,458,8,8
DEU,0,16,4,42,2,0,194,1540,548,0,8184,11052,208,10,7738,40,78,168,980,18,6,66,612,6,6,44,4230,8,38,0,36,10,9586,16040,1986,10376,50,202,46,26,0,824,0,4,146,162,0,2,450,4030,0,4,6,5908,8,144,158,1338,6,13384,776,180,4010,6,20344,0,114,30030,476,144,0,12,26,4,2,3564,2,22,26,12,6,0,1154,0,2952,296,3788,2152,1424,104,312,3364,17236,20,202,6806,152,342,50,20,0,4,2946,72,22,150,4,22,4,46,212,0,620,514,254,390,36,120,56,4,1364,0,154,26,70,12,18,54,24,2,0,10,50,566,102,30,14,242,14,0,15050,3484,64,0,1434,130,846,140,194,176,0,24,5944,6,3116,16,10,402,1982,7066,40,1440,94,60,1270,0,6,2,0,0,1080,0,0,0,1052,1052,8206,0,10,58,0,12,798,8,2,0,0,28,150,2404,0,1518,184,106,1592,144,44752,86,12,0,106,436,0,0,14,30,2052,28,32
DJI,0,0,0,0,0,0,2,0,0,0,2,0,0,0,2,0,0,0,0,2,0,0,0,0,0,0,0,0,0,0,0,0,2,2,0,0,0,0,0,0,0,0,0,0,0,0,0,0,0,2,4,0,0,0,0,4,0,2,0,2,0,0,0,0,24,0,0,2,0,0,0,0,0,0,0,0,0,0,0,0,0,0,0,0,0,0,0,0,0,0,0,0,0,0,2,2,0,0,0,0,0,0,0,2,0,2,0,2,0,0,0,0,0,0,0,4,0,0,0,0,0,0,0,0,0,0,0,0,0,2,0,0,0,0,0,0,0,0,0,0,0,0,0,0,0,0,0,0,0,0,0,0,0,0,0,0,2,0,0,2,0,2,2,0,0,0,0,0,0,0,0,0,0,0,0,0,0,0,0,0,0,0,0,0,0,0,0,0,2,0,0,0,0,0,0,0,6,0,0,0,0,0,0,0,0,0,0,0,0
DMA,0,0,0,0,0,0,0,2,2,2,2,2,0,0,2,0,0,0,0,0,4,0,0,2,0,0,2,4,0,0,0,0,6,2,4,2,2,0,0,0,0,4,0,0,2,4,0,2,0,0,6,0,0,2,2,0,2,2,0,4,0,0,2,0,6,0,0,10,0,0,0,0,2,0,0,0,2,0,0,0,2,0,0,0,0,0,4,0,2,0,0,0,2,4,0,2,0,2,0,0,0,2,2,0,0,0,0,0,2,0,0,0,0,0,0,2,0,0,2,0,4,0,0,0,0,0,0,2,0,0,0,0,0,0,0,0,0,2,0,0,4,2,0,0,2,0,2,0,2,0,0,0,0,0,2,0,0,0,0,2,0,0,0,0,0,0,0,0,0,0,0,0,0,2,0,0,2,0,0,0,0,0,0,0,0,0,0,4,0,2,0,2,2,0,0,2,22,0,0,2,2,0,0,0,0,0,2,0,0
DNK,0,8,0,10,0,0,74,422,230,0,2280,1268,174,0,1716,8,22,42,134,6,2,18,234,6,0,22,852,4,2,0,12,0,2514,2174,540,2302,8,16,12,6,0,260,0,0,36,70,0,2,72,878,5908,0,2,0,0,14,20,92,0,3054,256,42,1666,6,3602,0,8,7668,196,78,0,0,6,70,0,1010,2,178,2,0,2,0,270,0,706,54,766,648,222,14,380,702,3686,6,26,1216,14,88,6,18,0,4,406,16,2,22,2,10,4,4,22,0,190,78,102,220,4,22,12,0,284,0,62,20,56,0,8,6,2,0,0,4,12,194,10,8,8,34,4,0,3614,2770,28,0,362,12,124,28,88,40,0,6,1244,0,954,0,4,72,546,848,10,268,14,10,346,0,2,0,0,0,362,0,2,0,366,408,4398,0,4,6,0,0,232,6,0,0,0,6,10,580,0,402,94,48,156,56,8698,18,0,0,40,86,0,0,2,2,634,24,22
DOM,0,0,0,0,0,0,4,6,0,2,2,0,0,0,4,0,0,0,2,0,2,0,0,2,0,2,16,4,0,0,0,0,10,4,8,6,0,0,0,0,0,6,0,0,12,10,0,0,2,0,8,0,2,0,0,0,2,2,0,22,0,0,0,0,12,0,0,14,0,0,0,0,0,0,0,2,2,0,4,0,2,6,0,4,0,0,4,0,2,0,0,0,4,2,2,4,0,0,0,0,0,2,0,2,0,2,0,0,2,0,0,0,2,0,0,2,0,0,0,0,8,0,2,0,0,0,0,2,0,0,0,0,0,2,0,0,0,2,6,0,6,2,0,0,0,0,2,6,4,2,0,0,2,0,0,0,0,0,2,2,0,2,2,0,2,0,0,6,0,0,2,0,0,2,2,0,2,0,0,0,0,0,2,0,0,0,0,4,2,4,0,2,0,0,0,2,104,0,0,2,6,2,0,0,0,0,0,0,0
DZA,0,0,0,4,0,0,58,2,2,0,30,16,2,0,150,2,2,2,14,26,0,6,0,0,0,0,28,0,0,0,2,0,160,62,8,44,2,10,0,0,0,6,0,0,2,2,0,0,10,56,144,4,0,14,0,0,4,68,0,226,6,0,30,0,2610,0,0,202,2,0,0,0,0,0,0,32,0,0,2,0,0,0,20,0,16,4,46,10,34,6,0,20,212,0,22,28,2,0,2,0,0,0,18,12,0,30,0,12,0,0,0,0,8,8,8,124,2,0,2,0,12,0,6,4,4,0,2,6,0,2,0,0,0,100,0,0,2,6,0,0,34,22,0,0,2,10,76,0,0,0,0,0,34,0,54,0,2,10,40,28,2,280,2,10,10,0,0,0,0,0,16,0,0,0,10,10,26,0,0,8,2,0,8,0,0,0,0,0,140,92,0,12,0,0,12,0,164,0,0,0,2,6,0,0,0,2,44,0,0
ECU,0,0,0,0,0,0,4,82,2,0,54,20,0,0,90,0,0,18,2,0,2,0,0,0,0,40,200,2,2,0,0,0,68,48,74,84,4,2,4,0,0,142,0,0,26,30,0,2,2,50,158,0,2,20,2,4,0,24,0,394,0,6,8,2,154,0,0,190,2,2,0,0,2,0,0,10,2,0,6,4,4,10,12,0,2,16,88,46,12,0,0,8,104,2,2,40,0,6,0,0,0,0,80,2,0,2,0,0,0,0,4,0,8,0,0,8,0,0,2,0,154,0,2,0,0,0,0,4,4,0,0,0,0,8,0,0,2,2,8,0,96,8,2,0,14,0,18,28,86,6,0,0,26,0,28,8,0,0,12,66,0,18,2,0,14,0,0,4,0,0,4,0,0,0,8,0,80,0,0,0,0,0,12,0,0,0,0,2,6,16,0,18,6,4,42,26,498,0,0,0,82,4,0,0,0,2,34,0,0
EGY,0,18,0,4,0,0,200,46,180,0,234,300,14,0,362,10,4,52,194,54,2,6,158,6,0,2,296,2,4,0,6,0,818,392,28,690,10,16,8,8,0,188,0,2,8,8,0,2,174,268,1338,2,2,92,2,68,24,0,0,500,170,32,242,2,620,0,4,1104,176,18,0,0,2,0,0,274,0,0,0,0,0,4,180,0,214,34,530,200,308,76,8,78,658,4,100,918,32,34,2,4,0,2,562,186,4,128,4,86,4,0,170,0,166,8,6,78,0,2,4,0,274,0,8,2,4,2,2,8,2,2,0,2,0,372,4,6,2,44,0,0,202,58,0,0,218,80,336,6,12,32,0,4,336,0,260,4,10,486,112,280,6,4980,60,6,50,0,2,2,0,2,200,0,0,0,46,32,186,0,0,32,2,4,204,0,0,0,0,2,96,466,0,272,12,12,192,14,2708,16,0,0,14,22,0,0,2,100,110,8,6
ERI,0,0,0,0,0,0,0,0,0,0,4,0,0,2,0,0,0,0,0,0,0,0,0,0,0,0,0,0,0,0,0,0,2,4,0,2,0,0,0,0,0,0,0,0,0,0,0,0,0,0,6,0,0,0,0,0,0,0,0,4,0,4,0,0,6,0,0,8,0,2,0,0,0,0,0,0,0,0,0,0,0,0,0,0,0,0,8,0,0,0,0,0,12,0,0,0,0,4,0,0,0,0,0,0,0,0,0,0,0,0,0,0,0,0,0,0,0,0,0,0,0,0,0,0,0,0,0,0,0,0,0,0,0,0,0,0,0,0,0,0,8,0,0,0,0,2,0,0,0,0,0,0,0,0,2,0,0,0,0,0,2,0,8,0,0,0,0,0,0,0,0,0,0,0,0,0,0,0,0,0,0,0,0,0,0,0,0,0,2,0,0,0,2,4,0,0,14,0,0,0,0,0,0,0,0,0,6,0,0
ESP,0,8,8,28,26,0,80,2156,404,0,3860,2916,186,0,4608,20,20,56,564,14,2,44,414,8,6,90,4036,4,4,4,10,0,4312,5270,2326,3182,12,32,14,2,2,1632,0,16,174,500,10,2,358,2042,13384,2,4,3054,22,226,394,500,4,0,554,64,2148,12,12612,0,22,17142,402,50,6,8,20,0,2,2672,2,24,38,4,2,10,758,2,1436,70,1914,1548,778,30,222,1430,12872,12,64,2636,42,94,4,6,0,2,1310,38,4,98,0,12,4,2,172,0,416,190,156,578,22,68,4,2,3130,0,68,12,74,0,16,12,84,4,0,6,24,402,16,10,8,68,14,0,6694,1966,16,0,714,40,368,60,362,66,0,64,3028,0,5068,32,6,258,1368,2420,10,906,10,18,476,0,8,24,0,0,770,0,0,0,606,676,4074,0,8,10,2,2,402,6,0,0,0,4,406,1626,0,940,52,38,732,318,19352,60,12,0,380,188,0,0,2,2,1070,14,14
EST,0,8,0,2,0,0,2,18,158,0,176,290,2,0,388,6,0,8,218,6,0,18,180,6,0,6,204,2,0,0,8,0,150,380,24,286,4,10,4,0,0,170,0,0,2,2,0,0,242,336,776,0,0,256,0,6,0,170,0,554,0,14,726,4,526,0,0,840,166,6,0,0,0,0,0,270,0,12,4,0,0,0,248,0,362,10,214,240,164,6,60,74,584,2,10,78,4,8,2,0,0,2,190,2,0,16,0,0,4,2,164,0,322,18,170,10,0,18,0,0,178,0,12,0,8,0,4,2,0,0,0,2,0,114,2,6,0,6,0,0,290,222,0,0,200,8,170,6,12,18,0,6,410,0,254,0,6,150,104,412,6,110,0,0,28,0,2,0,0,0,208,0,0,0,78,94,642,0,2,2,0,0,174,0,0,0,0,0,6,214,0,178,2,6,240,4,648,8,0,0,0,10,0,0,0,0,40,4,2
ETH,0,12,0,0,0,0,0,6,2,0,62,44,0,4,158,4,22,26,2,6,0,0,0,6,0,0,36,2,0,0,22,0,74,84,12,68,22,22,12,10,0,14,0,0,4,0,0,0,6,16,180,0,0,42,0,0,6,32,4,64,14,0,18,4,84,0,6,298,8,38,0,0,14,4,0,8,0,0,0,0,0,0,0,0,4,22,168,8,10,6,6,32,98,0,12,54,2,130,0,6,0,0,36,0,2,8,2,0,4,0,16,0,2,16,0,10,0,2,8,0,22,0,0,6,0,2,0,0,4,0,0,0,22,14,4,6,8,48,0,0,156,106,14,0,14,4,58,8,12,8,0,4,2,0,16,0,8,10,0,22,20,36,24,24,18,0,2,0,0,0,8,0,0,0,4,0,108,2,2,12,4,0,12,2,0,0,0,2,6,10,0,34,60,62,4,4,454,0,0,0,8,34,0,0,0,2,162,22,30
FIN,0,8,14,12,0,0,22,110,210,0,1168,914,8,0,1132,6,4,38,330,12,2,16,196,6,2,4,600,6,4,4,8,2,1294,1546,250,1538,6,18,8,0,0,222,0,4,22,58,0,2,220,808,4010,0,2,1666,0,30,8,242,0,2148,726,18,0,6,2622,0,0,4732,182,28,0,0,2,0,0,928,2,16,6,2,2,0,400,0,680,22,692,584,362,6,238,326,2500,8,42,920,12,40,4,8,0,0,578,12,6,24,0,6,4,2,170,2,360,86,116,26,6,28,6,0,344,0,44,0,22,0,4,6,6,0,0,2,16,192,6,10,2,36,0,0,2112,1512,12,0,372,24,280,8,64,38,0,6,1150,0,750,4,6,176,316,1590,8,268,2,2,196,0,2,0,0,0,308,0,0,0,230,184,3498,0,2,4,0,0,280,0,0,0,0,2,12,470,0,412,18,40,364,24,5322,14,2,0,18,28,0,0,2,0,374,10,2
FJI,0,4,0,0,0,0,4,2,0,0,118,2,0,0,0,2,0,12,0,2,0,0,0,2,0,0,10,4,0,0,4,0,12,6,8,8,2,2,0,0,4,4,0,0,0,0,0,0,2,2,6,0,0,6,0,0,2,2,0,12,4,4,6,0,24,8,0,40,4,6,0,0,0,0,0,4,0,0,0,0,0,0,0,0,4,6,34,6,4,0,4,0,26,0,4,20,0,10,0,0,6,0,24,0,0,4,0,0,2,0,4,0,0,0,0,2,0,0,2,0,4,8,0,0,0,0,0,0,0,0,0,0,0,6,0,12,0,2,0,4,6,8,0,2,52,4,6,4,2,6,4,10,2,0,4,0,4,4,0,4,2,6,0,0,6,12,0,0,0,0,2,0,0,0,2,0,14,0,0,0,0,0,2,0,0,0,6,2,0,2,4,4,0,4,0,0,66,0,0,0,2,4,6,4,0,0,14,2,2
FRA,2,16,8,32,0,0,210,1378,526,2,5964,3772,190,6,8860,242,286,72,620,26,4,24,432,10,8,68,4490,6,4,10,20,36,9392,9698,1868,6998,200,438,64,68,4,832,4,4,118,144,0,6,320,2796,20344,24,6,3602,12,2610,154,620,6,12612,526,84,2622,24,0,4,138,22410,396,56,0,36,32,6,0,2960,4,4,26,136,12,4,868,20,1826,230,2738,1854,772,88,286,2146,16630,12,84,4988,46,244,16,122,2,6,1978,66,90,900,10,58,6,8,170,6,466,628,174,1800,138,52,224,2,1694,2,84,106,86,16,20,36,24,26,4,30,30,524,40,218,78,96,6,2,9122,2710,52,4,1058,70,570,48,286,140,2,18,4236,2,2876,4,6,434,2274,4234,18,1122,32,404,1076,4,10,0,0,2,750,0,0,2,644,794,5092,4,24,68,34,64,824,2,0,0,4,26,3222,1880,2,1252,90,80,1218,192,30046,24,8,2,198,652,6,4,4,16,1816,22,54
FSM,0,0,0,0,0,0,0,0,0,0,10,0,0,0,0,0,0,0,0,0,2,0,0,0,0,0,0,0,0,0,0,0,0,0,0,2,0,0,0,0,4,0,0,0,0,0,0,0,0,0,0,0,0,0,0,0,0,0,0,0,0,0,0,8,4,0,0,0,0,0,0,0,0,0,0,0,0,0,0,0,0,0,0,0,0,2,0,0,0,0,2,0,0,0,0,0,0,0,0,0,6,0,0,0,0,0,0,0,0,0,0,0,0,0,0,0,0,0,0,0,0,8,0,0,0,0,0,0,0,0,0,0,0,2,0,6,0,0,0,6,2,0,0,2,6,0,0,0,0,2,6,6,0,0,0,0,0,0,0,0,0,0,0,0,0,4,0,0,0,0,0,0,0,0,0,0,0,0,0,0,0,0,0,0,0,0,4,0,0,2,4,2,0,0,0,0,30,0,0,0,0,0,4,2,0,0,0,0,0
GAB,0,0,0,0,0,0,0,0,0,0,8,16,0,2,42,12,20,2,0,0,0,0,0,0,0,0,6,0,0,0,0,6,10,22,0,0,8,24,14,16,0,4,0,0,2,0,0,0,0,4,114,0,0,8,0,0,0,4,0,22,0,6,0,0,138,0,0,50,0,18,0,4,8,0,0,0,0,0,0,4,0,0,0,0,0,0,4,0,0,0,0,0,12,0,0,18,0,14,0,4,0,0,0,0,4,0,0,0,0,0,0,0,0,0,0,2,0,0,4,0,4,0,0,2,0,2,0,0,10,0,0,0,2,6,2,0,2,12,0,0,66,2,0,0,2,4,0,2,4,0,0,0,0,0,6,0,0,0,0,8,2,2,2,12,0,0,4,0,0,0,0,0,0,0,0,0,2,0,0,0,2,2,0,0,0,0,0,0,0,0,0,0,16,8,0,0,58,0,0,0,4,0,0,0,0,0,22,6,6
GBR,0,50,18,16,0,0,550,1552,702,0,18190,5610,360,14,9398,60,132,426,676,68,16,48,638,18,6,68,5256,38,38,2,100,18,14866,12508,2440,16654,88,174,84,52,0,1034,0,4,106,166,0,4,606,3374,30030,2,10,7668,14,202,190,1104,8,17142,840,298,4732,40,22410,0,50,41892,632,400,2,20,252,26,0,5240,42,74,40,20,26,6,1100,14,2630,450,4952,5934,1398,322,656,2970,20568,58,288,7562,152,1004,28,100,0,56,3044,182,70,304,16,166,12,6,366,2,590,360,208,524,34,50,92,8,1732,0,128,62,290,28,24,46,64,2,14,34,398,2270,80,48,34,552,10,0,17718,5544,166,2,3390,178,1350,116,414,276,0,52,5474,0,4450,4,22,742,2028,4752,76,2314,120,98,2566,6,38,4,0,12,1142,0,2,2,974,1162,10404,18,38,58,12,10,1448,4,0,2,2,136,184,2702,0,2238,606,610,1130,184,56278,30,14,0,150,706,2,0,4,26,4360,232,202
GEO,0,8,0,0,0,0,2,184,344,0,196,370,182,0,194,4,0,8,194,6,0,6,338,6,0,0,340,2,0,0,8,0,220,388,180,370,6,6,4,0,0,342,0,0,2,2,0,0,164,346,476,0,0,196,0,2,2,176,0,402,166,8,182,4,396,0,0,632,0,4,0,0,0,0,0,350,0,0,0,0,0,0,172,0,350,8,348,174,172,6,16,190,426,0,8,196,10,6,6,0,0,0,178,0,0,8,0,0,4,0,160,0,160,2,8,174,0,18,0,0,180,0,12,0,2,0,2,0,0,0,0,0,0,180,2,6,0,6,0,0,198,190,2,0,162,6,200,6,6,8,0,4,376,0,348,0,6,148,194,424,6,92,0,2,10,0,2,0,0,0,340,0,0,0,180,176,222,0,0,2,0,0,150,2,0,0,0,0,8,360,0,334,0,6,184,2,572,8,0,0,6,8,0,0,0,0,182,4,0
GHA,0,4,0,0,0,0,2,12,0,0,78,20,0,6,50,34,70,36,8,2,0,0,0,2,0,0,28,4,0,0,14,2,68,124,12,140,40,38,16,16,0,14,0,0,2,6,0,0,2,6,144,0,0,78,0,0,2,18,2,50,6,38,28,6,56,0,18,400,4,0,0,6,30,2,0,10,0,0,0,0,2,0,0,0,6,26,74,8,8,0,6,2,88,8,6,50,0,120,0,4,0,0,12,0,4,4,6,0,2,0,14,0,0,16,0,4,2,0,4,0,22,0,0,16,2,4,0,0,12,0,0,2,30,30,12,2,10,98,0,0,166,28,0,0,16,2,8,4,4,14,0,12,8,0,14,0,4,4,2,6,8,6,12,54,8,0,6,0,0,0,2,0,0,0,6,0,122,0,8,0,2,14,18,0,0,0,0,2,12,10,0,12,62,44,0,10,562,0,0,0,2,38,0,0,0,4,250,18,18
GIB,0,0,0,0,0,0,0,0,0,0,0,0,0,0,0,0,0,0,0,0,0,0,0,0,0,0,0,0,0,0,0,0,0,0,0,0,0,0,0,0,0,0,0,0,0,0,0,0,0,0,0,0,0,0,0,0,0,0,0,6,0,0,0,0,0,0,0,2,0,0,0,0,0,0,0,0,0,0,0,0,0,0,0,0,0,0,0,0,0,0,0,0,0,0,0,0,0,0,0,0,0,0,0,0,0,0,0,0,0,0,0,0,0,0,0,0,0,0,0,0,0,0,0,0,0,0,0,0,0,0,0,0,0,0,0,0,0,0,0,0,0,0,0,0,0,0,0,0,0,0,0,0,0,0,0,0,0,0,0,0,0,0,0,0,0,0,0,0,0,0,0,0,0,0,0,0,0,0,0,0,0,0,0,0,0,0,0,0,0,0,0,0,0,0,0,0,0,0,0,0,0,0,0,0,0,0,0,0,0
GIN,0,0,0,0,0,0,0,0,0,0,10,0,0,0,24,6,14,6,0,0,0,0,0,0,0,0,0,0,0,0,0,2,6,16,0,28,6,8,4,0,0,0,0,0,0,0,0,0,0,0,12,0,0,0,0,0,0,0,0,8,0,0,0,0,36,0,4,20,0,6,0,0,8,0,0,0,0,0,0,0,0,0,0,0,0,2,4,0,0,0,0,0,6,0,0,6,0,4,0,2,0,0,0,0,0,0,0,0,0,0,0,0,0,0,0,0,0,0,2,0,0,0,0,6,0,0,0,0,2,0,0,0,2,4,0,2,4,10,0,0,0,0,0,0,2,0,0,0,0,0,0,2,0,0,2,0,0,0,0,0,0,0,2,18,2,0,2,0,0,0,0,0,0,0,0,0,0,0,0,0,0,2,0,0,0,0,0,0,0,0,0,2,2,6,0,0,22,0,0,0,0,2,0,0,0,0,12,0,0
GMB,0,0,0,0,0,0,0,2,2,0,18,8,0,0,50,6,30,20,0,0,2,0,2,0,0,0,6,2,0,0,2,4,12,34,0,6,20,6,2,10,0,4,0,0,2,2,0,2,0,0,26,0,2,6,0,0,2,2,0,20,0,14,2,0,32,0,8,252,0,30,0,8,0,8,0,2,0,0,0,0,0,0,0,0,0,10,24,2,4,0,0,2,16,2,0,6,0,46,0,0,0,0,4,0,0,0,0,0,0,0,0,0,0,10,2,2,0,2,4,0,2,0,0,14,0,0,0,2,10,0,0,0,20,0,6,0,2,20,0,0,20,4,0,0,8,0,4,0,4,0,0,6,0,0,6,0,0,0,2,4,4,4,0,26,0,0,0,0,0,0,0,0,0,0,0,0,22,0,0,0,0,0,10,0,0,0,0,2,0,2,0,10,14,6,0,2,88,0,0,0,2,20,0,0,0,0,32,6,0
GNB,0,0,0,0,0,0,0,0,0,0,6,0,0,0,6,0,6,2,0,0,0,0,0,0,0,0,0,0,0,0,0,0,4,6,0,0,0,0,0,0,0,0,0,0,0,0,0,0,0,0,4,0,0,70,0,0,0,0,0,0,0,4,0,0,6,0,0,26,0,2,0,0,8,0,0,0,0,0,0,0,0,0,0,0,0,0,0,0,0,0,0,0,6,0,0,0,0,4,0,2,0,0,4,0,0,0,0,0,0,0,0,0,0,0,0,0,0,0,2,0,0,0,0,2,0,0,0,0,0,2,0,0,0,2,0,0,0,2,0,0,6,0,0,0,2,0,0,0,0,0,0,0,0,0,2,0,0,0,0,0,0,0,4,4,0,0,0,0,0,0,0,0,0,0,0,0,16,0,0,0,0,0,6,0,0,0,0,0,0,0,0,0,4,2,0,0,6,0,0,0,0,2,0,0,0,0,2,0,0
GNQ,0,0,0,0,0,0,0,0,0,0,0,0,0,0,2,0,0,0,0,0,0,0,0,0,0,0,0,0,0,0,0,0,0,0,0,0,2,2,0,0,0,0,0,0,0,0,0,0,0,0,2,0,0,0,0,0,0,0,0,2,0,0,0,0,0,0,0,0,0,0,0,0,0,0,0,0,0,0,0,0,0,0,0,0,0,0,0,0,0,0,0,0,0,0,0,0,0,0,0,0,0,0,0,0,0,0,0,0,0,0,0,0,0,0,0,0,0,0,0,0,0,0,0,0,0,0,0,0,0,0,0,0,0,0,0,0,0,0,0,0,0,0,0,0,0,0,0,0,0,0,0,0,0,0,0,0,0,0,0,0,2,0,0,0,0,0,0,0,0,0,0,0,0,0,0,0,0,0,0,0,0,0,0,0,0,0,0,0,0,0,0,0,0,0,0,0,2,0,0,0,0,0,0,0,0,0,0,0,0
GRC,0,14,0,22,0,0,84,288,382,0,832,1134,172,0,1352,4,4,18,388,6,0,16,346,6,0,2,656,2,2,0,14,0,946,1614,306,1020,4,14,4,2,0,364,0,4,18,52,0,0,768,976,3564,0,0,1010,2,32,10,274,0,2672,270,8,928,4,2960,0,0,5240,350,10,0,0,2,0,0,0,0,12,4,4,2,6,454,0,708,26,726,498,314,14,88,550,3458,4,32,662,36,18,2,4,0,0,450,26,0,50,0,12,4,2,166,0,288,48,66,218,2,22,6,0,356,0,64,0,50,0,18,8,0,0,0,2,0,226,4,8,0,26,0,0,1810,844,4,0,254,12,256,12,62,32,0,6,1148,0,966,0,6,192,644,790,8,438,4,2,164,0,6,2,0,0,656,0,0,0,390,378,1402,0,2,10,0,0,312,0,0,0,0,2,58,888,0,472,8,10,304,22,4566,10,2,0,16,32,0,0,2,0,380,4,2
GRD,0,0,0,0,0,0,0,0,0,2,4,2,0,0,2,0,0,0,0,0,2,0,0,2,0,0,2,4,0,0,0,0,30,6,0,2,0,0,0,0,0,0,0,0,0,2,0,0,0,0,2,0,2,2,2,0,2,0,0,2,0,0,2,0,4,0,0,42,0,0,0,0,0,0,0,0,0,0,0,0,2,0,0,0,4,0,2,0,12,0,2,0,0,2,0,0,0,2,0,0,0,4,0,0,0,0,0,0,6,0,0,0,0,0,0,0,0,0,0,0,0,0,0,0,0,0,0,0,0,0,0,0,0,0,0,0,0,4,0,0,4,4,0,0,0,0,0,0,0,4,0,0,46,0,0,0,0,0,16,0,0,0,0,0,0,0,0,0,0,0,0,0,0,2,0,0,0,0,0,0,0,0,0,0,0,0,0,8,0,6,0,0,0,0,0,0,246,0,0,4,0,0,0,0,0,0,6,0,0
