,AFG,AGO,AIA,ALB,AND,ANT,ARE,ARG,ARM,ATG,AUS,AUT,AZE,BDI,BEL,BEN,BFA,BGD,BGR,BHR,BHS,BIH,BLR,BLZ,BMU,BOL,BRA,BRB,BRN,BTN,BWA,CAF,CAN,CHE,CHL,CHN,CIV,CMR,COD,COG,COK,COL,COM,CPV,CRI,CUB,CUW,CYM,CYP,CZE,DEU,DJI,DMA,DNK,DOM,DZA,ECU,EGY,ERI,ESP,EST,ETH,FIN,FJI,FLK,FRA,FRO,FSM,GAB,GBR,GEO,GHA,GIB,GIN,GMB,GNB,GNQ,GRC,GRD,GRL,GTM,GUF,GUY,HND,HRV,HTI,HUN,IDN,IND,IRL,IRN,IRQ,ISL,ISR,ITA,JAM,JOR,JPN,KAZ,KEN,KGZ,KHM,KIR,KNA,KOR,KWT,LAO,LBN,LBR,LBY,LCA,LIE,LKA,LSO,LTU,LUX,LVA,MAR,MCO,MDA,MDG,MDV,MEX,MHL,MKD,MLI,MLT,MMR,MNE,MNG,MOZ,MRT,MSR,MUS,MWI,MYS,NAM,NCL,NER,NGA,NIC,NLD,NOR,NPL,NRU,NZL,OMN,PAK,PAN,PER,PHL,PLW,PNG,POL,PRK,PRT,PRY,PSE,QAT,ROU,RUS,RWA,SAU,SDN,SEN,SGP,SLB,SLE,SLV,SMR,SOM,SRB,SSD,STP,SUR,SVK,SVN,SWE,SWZ,SYC,SYR,TCA,TCD,TGO,THA,TJK,TKM,TLS,TON,TTO,TUN,TUR,TUV,TWN,TZA,UGA,UKR,URY,USA,UZB,VAT,VCT,VEN,VNM,VUT,WSM,XKX,YEM,ZAF,ZMB,ZWE
AFG,0,0,0,0,0,0,6,8,0,0,26,10,4,2,22,8,0,18,8,8,0,0,0,6,0,0,10,2,0,0,4,0,30,12,6,14,8,4,16,0,0,8,0,0,0,0,0,0,8,2,14,0,0,10,0,0,0,12,0,10,8,10,8,8,0,18,0,0,0,64,8,6,0,0,6,0,0,8,0,0,0,0,0,0,0,4,0,16,28,2,16,8,8,12,18,0,8,20,0,8,0,4,0,0,16,0,0,8,0,6,2,0,10,0,0,2,0,10,0,0,0,0,8,0,0,2,0,6,0,4,0,0,0,0,0,14,0,6,4,8,0,14,8,8,0,14,8,28,2,4,14,0,10,0,0,8,0,2,10,6,8,10,8,4,0,12,0,0,0,0,0,8,0,0,0,10,0,8,0,0,8,0,0,0,16,0,0,0,0,0,10,10,0,12,10,8,8,8,76,0,0,0,0,14,0,0,0,2,10,6,0
AGO,0,0,0,0,0,0,2,0,0,0,4,0,0,0,2,2,0,0,0,0,0,0,0,0,0,0,14,0,0,0,4,0,0,4,8,0,2,4,0,0,0,0,0,0,0,2,0,0,0,0,8,0,0,6,0,0,0,0,0,26,0,0,16,0,0,14,0,0,0,16,0,0,0,0,0,0,0,0,0,0,2,0,4,0,0,0,0,0,2,0,0,0,0,0,4,0,0,0,0,0,0,0,0,0,0,0,0,0,0,0,0,0,0,0,0,0,0,0,0,0,0,0,0,0,0,0,0,0,0,0,4,0,0,0,0,0,14,0,0,2,0,6,12,0,0,0,0,0,0,0,0,0,0,0,0,60,0,0,2,0,0,0,0,0,0,0,0,0,0,0,0,0,0,2,0,0,0,8,0,0,0,0,0,0,4,0,0,0,0,0,0,0,0,2,0,6,0,0,42,0,0,0,0,0,0,0,0,0,16,4,0
AIA,0,0,0,0,0,0,0,0,0,0,0,0,0,0,0,0,0,0,0,0,0,0,0,0,0,0,0,2,0,0,0,0,0,0,0,0,0,0,0,0,0,0,0,0,0,0,0,0,0,0,0,0,0,0,0,0,0,0,0,0,0,0,0,0,0,2,0,0,0,0,0,4,0,0,0,0,0,0,0,0,0,0,2,0,0,0,0,0,0,0,0,0,0,0,0,2,0,0,0,0,0,0,0,2,0,0,0,0,0,0,2,0,0,0,0,0,0,0,0,0,0,0,0,0,0,0,0,0,0,0,0,0,0,0,0,0,0,0,0,4,0,0,0,0,0,0,0,0,0,0,0,0,0,0,0,0,0,0,0,0,0,0,0,0,0,0,0,0,0,0,0,0,0,0,0,0,0,0,0,0,0,0,0,0,0,0,0,0,0,2,0,0,0,0,0,0,0,0,8,0,0,0,0,0,0,0,0,0,0,0,0
ALB,0,0,0,0,0,0,2,2,8,0,8,26,4,0,26,0,2,2,36,2,0,16,12,0,0,0,18,0,2,0,0,0,36,24,2,4,0,2,0,0,0,18,0,0,0,0,0,0,8,22,52,0,0,30,0,4,0,12,0,68,14,0,14,0,0,60,0,0,0,60,10,0,0,0,0,0,0,36,0,0,0,0,0,0,40,0,30,2,20,8,6,2,10,14,120,4,2,66,4,2,4,0,0,0,6,0,0,0,0,0,0,0,0,0,10,8,12,2,0,12,0,0,2,0,30,0,16,0,22,2,0,0,0,0,0,2,2,0,0,6,0,38,26,2,0,6,0,4,0,0,0,0,2,20,0,18,0,0,2,38,20,0,4,0,0,4,0,0,0,0,0,42,0,0,0,14,30,20,0,0,2,0,0,0,4,0,0,0,0,0,2,46,0,2,0,2,22,0,66,2,0,0,0,0,0,0,28,0,2,0,0
AND,0,0,0,0,0,0,0,0,0,0,0,0,0,0,2,0,0,0,0,0,0,0,0,0,0,0,0,0,0,0,0,0,0,2,2,0,0,0,0,0,0,0,0,0,0,0,0,0,0,0,0,0,0,0,0,0,0,0,0,32,0,0,0,0,0,2,0,0,0,2,0,0,0,0,0,0,0,0,0,0,0,0,0,0,0,0,0,0,0,0,0,0,0,0,2,0,0,0,0,0,0,0,0,0,0,0,0,0,0,0,0,0,0,0,0,0,0,0,0,0,0,0,0,0,0,0,0,0,0,0,0,0,0,0,0,0,0,0,0,0,0,0,0,0,0,0,0,0,0,0,0,0,0,0,0,0,0,0,0,0,0,0,0,0,0,0,0,0,0,0,0,0,0,0,0,0,0,0,0,0,0,0,0,0,0,0,0,0,0,0,0,0,0,0,0,2,0,0,2,0,0,0,0,0,0,0,0,0,0,0,0
ANT,0,0,0,0,0,0,0,0,0,0,2,2,0,0,0,0,0,0,0,0,0,0,0,0,0,0,0,0,0,0,0,0,0,0,0,0,0,0,0,0,0,0,0,0,0,0,0,0,0,0,2,0,0,0,0,0,0,0,0,2,0,0,0,0,0,2,0,0,0,0,0,0,0,0,0,0,0,0,0,0,0,0,0,0,0,0,0,0,0,0,0,0,0,0,0,0,0,0,0,0,0,0,0,0,0,0,0,0,0,0,0,0,0,0,0,0,0,0,0,0,0,0,0,0,0,0,0,0,0,0,0,0,0,0,0,0,0,0,0,0,0,6,0,0,0,0,0,0,0,0,0,0,0,0,0,0,0,0,0,0,0,0,0,0,0,0,0,0,0,0,0,0,0,0,0,0,0,0,0,0,0,0,0,0,0,0,0,0,0,0,0,0,0,0,0,0,0,0,8,0,0,0,0,0,0,0,0,0,0,0,0
ARE,6,2,0,2,0,0,0,30,4,0,318,66,4,0,58,6,4,28,22,48,0,4,6,4,0,0,118,2,4,0,6,0,650,106,30,306,10,4,4,0,0,32,0,0,2,4,0,0,40,46,286,0,0,108,0,86,6,346,2,170,20,18,68,8,0,362,0,4,0,792,28,4,0,2,4,0,0,184,2,6,2,0,0,0,14,0,44,22,330,30,92,36,18,74,336,6,164,142,10,16,2,0,0,0,156,80,0,90,0,16,2,0,14,0,18,4,16,52,0,2,0,0,82,0,4,4,2,2,0,0,4,0,0,0,2,206,2,4,4,20,0,184,56,2,0,44,146,180,0,6,14,0,6,48,0,76,8,6,166,36,46,6,318,18,2,116,0,0,0,0,0,46,0,2,0,18,24,138,0,0,16,2,0,0,38,0,0,0,0,0,108,126,0,58,8,6,20,8,1404,0,2,0,8,12,0,0,2,24,72,6,8
ARG,8,0,0,2,0,0,30,0,228,0,860,482,230,0,478,8,2,32,64,10,0,2,234,6,0,110,2076,4,2,4,6,0,1070,664,1184,622,14,16,16,0,0,724,0,18,94,118,0,2,18,432,1606,0,2,512,22,8,140,72,0,2326,26,22,146,14,0,1562,0,0,2,1764,252,12,0,0,8,0,0,370,2,2,78,6,0,40,58,16,342,46,436,108,92,14,22,424,1318,6,10,538,4,74,4,4,0,0,156,16,4,24,0,6,2,0,20,0,12,18,26,260,4,2,6,0,802,0,4,4,8,0,0,12,4,0,0,2,6,276,2,8,2,32,10,686,384,10,0,146,12,78,56,212,38,0,8,468,0,548,84,6,24,316,448,8,96,6,4,68,0,0,32,0,0,258,0,0,0,282,300,580,0,2,8,0,0,0,84,0,0,0,0,8,24,380,0,314,8,16,48,454,3836,4,0,2,134,24,0,0,0,2,448,32,12
ARM,0,0,0,8,0,0,4,228,0,0,264,426,242,0,194,0,0,2,192,0,0,6,402,0,0,0,456,0,4,0,0,0,264,502,250,470,0,0,0,0,0,382,0,0,4,50,0,0,162,472,576,0,0,306,0,2,0,170,0,466,180,0,220,2,0,562,0,0,0,808,418,0,0,0,0,0,0,454,0,0,0,0,0,0,224,0,442,4,310,188,196,0,10,260,570,0,0,300,26,6,8,0,0,0,248,4,0,4,0,0,0,0,158,0,168,2,10,222,0,12,0,0,228,0,4,0,4,2,14,14,0,0,0,0,0,380,20,0,0,0,0,314,284,0,0,166,38,220,0,50,0,0,0,492,0,392,0,0,156,298,646,0,102,2,0,14,0,0,0,0,0,436,0,0,0,292,248,308,4,0,2,0,0,0,214,4,2,0,0,0,0,438,0,400,2,0,238,2,638,12,0,0,0,2,0,0,2,0,296,0,0
ATG,0,0,0,0,0,0,0,0,0,0,0,0,0,0,0,0,0,0,0,0,0,0,0,2,0,0,0,0,0,0,0,0,6,0,0,2,0,0,0,0,0,0,0,0,0,0,0,0,0,0,0,0,0,0,0,0,0,0,0,0,0,0,0,0,0,0,0,0,0,4,0,0,0,0,0,0,0,0,0,0,0,0,0,0,0,0,0,0,0,0,2,0,0,0,0,0,0,0,0,0,0,0,0,0,0,0,0,0,0,0,0,0,0,0,0,0,0,0,0,0,0,0,0,0,0,0,0,0,0,0,0,0,0,0,0,0,0,0,0,0,0,2,0,0,0,0,0,0,0,0,0,0,0,2,0,0,0,0,0,0,0,0,0,0,0,0,0,0,0,0,0,0,0,0,0,0,0,0,0,0,0,0,0,0,0,0,0,0,0,0,0,0,0,0,0,0,0,0,12,0,0,0,0,0,0,0,0,0,0,0,0
AUS,26,4,0,8,0,2,318,860,264,0,0,1774,238,2,2788,30,44,462,170,22,14,4,272,10,2,38,2628,36,48,34,42,2,7848,3724,1220,16322,28,58,24,6,6,556,0,0,84,36,0,2,84,1088,9096,0,6,2848,6,24,88,352,0,4508,190,104,1422,170,2,6546,0,8,14,20472,268,132,2,14,50,16,0,1054,4,6,18,10,10,0,220,12,692,742,2818,1266,1324,106,140,1198,5238,26,88,4044,46,260,8,116,6,6,1948,96,74,106,8,58,4,2,286,2,112,128,36,296,22,12,30,6,620,4,24,26,34,42,8,58,40,0,2,30,66,2138,36,130,18,198,6,5552,1720,138,2,4256,72,502,98,134,394,14,254,1454,0,1022,6,6,334,500,1436,32,1432,28,38,2460,48,20,4,0,6,404,0,0,2,372,508,3446,8,12,18,0,0,2,1112,4,0,18,8,16,72,810,0,1218,88,110,152,104,25972,12,4,6,60,602,36,8,0,6,2170,54,50
AUT,10,0,0,26,0,2,66,482,426,0,1774,0,238,0,2130,16,16,28,490,10,2,56,422,8,2,16,1094,4,4,2,16,2,1920,3634,476,1670,10,16,8,2,0,492,0,0,28,26,0,2,230,1866,11432,0,2,1644,4,38,38,354,0,3274,414,60,1164,10,0,4076,0,0,24,6340,448,18,0,0,12,0,0,1254,4,8,18,2,4,0,638,0,1378,64,866,732,436,18,140,836,4862,8,28,1374,28,68,6,8,0,0,646,22,6,46,2,12,2,130,182,0,398,98,164,258,8,24,2,0,424,0,40,4,34,8,20,10,8,0,0,10,4,504,28,6,2,68,2,2934,1084,14,0,490,84,358,20,40,62,2,8,1638,2,1122,6,4,208,752,1418,14,406,14,12,236,0,0,2,0,0,676,0,0,2,786,942,2264,0,4,12,0,0,0,358,4,0,0,0,6,92,810,0,592,32,40,382,34,7768,12,0,2,26,74,4,0,18,2,600,16,14
AZE,4,0,0,4,0,0,4,230,242,0,238,238,0,0,12,2,0,6,12,2,0,2,250,2,0,2,232,2,0,0,2,0,242,242,228,240,2,4,2,0,0,228,0,0,0,2,0,0,8,232,292,0,0,236,0,0,0,20,0,246,10,4,10,4,0,244,0,0,2,488,250,4,0,0,2,0,0,230,0,0,2,0,0,0,6,0,234,6,94,8,16,2,8,232,258,0,2,268,16,6,4,0,0,0,10,0,0,2,0,2,2,0,4,0,4,2,4,226,0,12,0,0,8,0,2,0,2,0,4,0,0,0,0,0,2,226,0,0,0,4,0,234,230,2,0,10,2,8,0,4,4,0,2,234,0,244,0,4,4,232,298,2,22,2,0,4,0,0,2,0,0,232,0,0,0,232,230,234,0,0,2,0,0,0,2,4,0,0,0,2,2,490,0,228,2,2,24,2,272,6,0,0,0,12,0,0,2,2,232,4,0
BDI,2,0,0,0,0,0,0,0,0,0,2,0,0,0,26,6,2,0,0,0,0,0,0,0,0,0,0,0,0,0,0,0,2,6,0,6,6,6,2,0,0,0,0,0,0,0,0,0,0,0,8,0,0,0,0,0,0,0,0,0,0,2,0,0,0,14,0,0,0,10,0,0,0,0,0,0,0,0,0,0,0,0,0,0,0,0,4,0,4,0,0,0,0,0,4,0,0,0,0,10,0,0,0,0,0,0,0,0,0,0,0,0,0,0,0,0,0,0,0,0,2,0,2,0,0,2,0,0,0,0,0,0,0,0,2,0,0,0,2,0,0,10,0,0,0,0,0,2,0,0,4,0,0,0,0,0,0,0,0,4,0,4,0,0,0,0,0,0,0,0,0,0,0,0,0,0,0,4,0,0,0,0,2,2,0,0,0,0,0,0,2,2,0,0,14,8,0,0,16,0,0,0,0,0,0,0,0,0,2,0,0
BEL,22,2,0,26,2,0,58,478,194,0,2788,2130,12,26,0,82,92,70,504,4,0,36,220,10,2,22,1566,4,6,0,18,8,2950,3964,440,2304,48,140,312,16,0,400,0,20,32,126,0,2,306,1472,8446,4,2,2094,8,134,108,434,0,5102,464,208,1372,4,0,9556,0,0,44,10610,202,64,0,44,116,8,0,1550,2,12,6,6,2,0,448,10,1002,126,992,1042,490,22,114,820,6460,10,44,1762,24,188,10,72,0,12,888,50,20,66,12,4,2,0,188,4,382,408,144,138,24,12,34,2,556,0,84,40,68,18,24,24,30,6,0,2,30,364,10,4,38,66,4,7974,1164,32,0,664,64,260,40,128,74,0,10,1906,0,1436,4,6,264,670,1300,52,452,32,72,318,0,16,4,0,0,406,0,0,6,324,462,2672,4,8,16,0,2,8,424,6,2,0,0,4,170,802,0,418,138,142,416,46,10898,10,2,2,36,270,0,0,2,4,836,48,10
BEN,8,2,0,0,0,0,6,8,0,0,30,16,2,6,82,0,70,8,8,8,0,0,0,6,0,0,42,2,0,0,6,2,46,50,6,20,44,42,20,14,0,10,0,0,2,0,0,0,8,0,94,0,0,34,0,2,2,8,0,38,8,18,8,8,0,270,0,0,20,86,8,40,0,12,18,4,0,8,0,0,0,0,0,0,0,0,0,22,24,2,8,8,8,10,26,0,8,20,4,52,0,6,0,0,10,0,4,8,2,6,2,0,8,0,0,6,0,10,0,0,12,0,10,0,0,18,0,4,0,0,16,2,0,0,0,10,0,8,10,40,0,64,8,0,0,8,8,18,4,4,10,0,10,2,0,16,0,2,8,12,8,20,8,10,34,12,2,0,0,0,0,8,0,0,0,8,0,20,0,0,6,0,2,32,12,0,0,0,0,0,10,8,0,12,54,32,8,8,128,0,0,0,0,8,2,0,0,2,38,20,2
BFA,0,0,0,2,0,0,4,2,0,0,44,16,0,2,92,70,0,8,4,2,0,2,2,0,0,4,42,0,2,0,0,2,76,98,4,8,50,52,24,14,0,12,0,0,0,0,0,0,6,12,104,0,0,46,0,6,0,12,0,32,2,30,18,0,0,322,0,0,26,226,4,84,0,24,40,6,0,6,0,0,0,0,0,0,6,2,4,20,26,4,6,0,0,4,56,2,2,24,2,68,2,10,0,0,14,0,2,0,4,0,0,0,2,2,4,8,4,8,0,0,20,0,6,0,2,96,0,8,0,0,32,4,0,0,22,4,2,0,44,44,0,64,12,0,0,2,0,4,0,6,0,0,2,4,0,12,2,0,2,4,8,12,2,10,96,6,0,4,0,0,0,4,0,0,0,8,4,34,2,0,2,0,4,26,22,0,0,0,0,0,6,6,0,6,50,24,4,0,228,0,0,0,2,8,2,0,2,0,58,18,12
BGD,18,0,0,2,0,0,28,32,2,0,462,28,6,0,70,8,8,0,10,8,2,2,2,6,0,2,66,4,28,6,4,0,248,84,18,220,10,8,12,2,0,30,0,0,2,2,0,0,12,14,156,0,0,68,2,10,2,48,0,34,14,28,30,24,0,86,0,0,2,500,12,28,0,0,18,2,0,26,0,0,8,0,0,0,8,4,8,50,228,10,50,10,20,24,96,2,10,630,6,38,6,30,0,4,288,2,18,10,0,6,2,0,30,0,4,4,2,10,0,0,6,4,38,0,2,14,0,30,0,12,8,0,0,0,12,510,0,6,2,34,2,106,56,62,0,38,18,136,6,20,78,0,16,18,0,26,6,2,12,10,26,10,168,12,2,44,4,2,0,0,2,12,0,0,0,10,4,126,0,0,10,0,0,0,108,0,0,0,0,0,12,40,0,56,44,22,16,10,858,6,0,0,2,70,0,0,0,2,70,12,8
BGR,8,0,0,36,0,0,22,64,192,0,170,490,12,0,504,8,4,10,0,12,0,30,192,6,0,2,364,2,4,2,4,0,184,598,44,388,8,8,8,0,0,214,0,0,2,2,0,0,202,486,1054,0,0,222,6,12,2,220,0,738,296,14,418,16,0,768,0,0,2,1020,214,8,0,0,6,0,0,498,0,0,6,0,0,0,300,2,402,28,404,344,198,12,30,102,816,4,14,300,12,14,4,0,0,0,348,8,0,20,0,6,2,0,172,0,324,20,138,24,2,20,0,0,288,0,78,2,18,2,22,12,2,0,0,0,0,194,4,6,2,28,0,358,114,4,0,206,52,188,6,24,18,0,8,630,0,394,4,4,178,340,648,8,162,6,0,64,0,0,0,0,0,300,0,0,0,238,206,248,0,0,10,0,0,0,186,0,0,0,0,2,40,382,0,212,10,8,280,10,920,10,0,0,12,24,2,0,6,2,70,6,2
BHR,8,0,0,2,0,0,48,10,0,0,22,10,2,0,4,8,2,8,12,0,2,2,2,6,0,0,16,2,0,0,4,0,26,14,10,26,8,6,4,0,0,12,0,0,0,0,0,0,8,2,14,0,0,10,0,18,0,52,0,28,10,14,12,10,0,30,0,0,0,104,12,6,0,0,6,0,0,14,0,0,0,0,0,0,2,0,4,10,58,32,20,18,8,12,14,2,22,14,0,8,0,0,0,0,16,44,0,16,0,6,2,0,10,0,2,0,2,14,0,0,0,0,12,0,0,2,0,0,0,0,0,0,0,0,0,42,2,6,2,14,0,36,12,0,0,12,38,14,2,4,10,0,8,4,0,12,0,2,34,8,16,8,72,10,0,16,0,0,0,0,0,10,0,0,0,10,2,12,0,0,6,0,0,0,8,0,0,0,0,0,26,20,0,12,8,8,8,8,58,0,0,0,0,10,0,0,2,22,14,6,0
BHS,0,0,0,0,0,0,0,0,0,0,14,2,0,0,0,0,0,2,0,2,0,0,0,0,0,0,2,10,0,0,0,0,36,0,0,0,0,0,0,0,0,2,0,0,0,2,0,0,0,0,4,0,0,0,0,0,0,0,0,0,0,2,0,0,0,2,0,0,0,18,0,0,0,0,0,0,0,0,0,0,0,0,0,0,0,0,0,0,0,0,0,0,0,0,0,6,0,0,0,0,0,0,0,0,0,2,0,0,0,0,2,0,0,0,0,0,0,0,0,0,0,0,0,0,0,0,0,0,0,0,0,0,0,0,0,0,0,0,0,0,0,2,0,0,0,0,0,2,0,0,0,0,0,0,0,0,0,0,0,0,0,0,0,0,0,0,0,0,0,0,0,0,0,0,0,0,0,2,0,0,0,2,0,0,0,0,0,0,0,8,0,0,0,0,0,0,0,0,82,0,0,4,0,0,0,0,0,0,4,0,0
BIH,0,0,0,16,0,0,4,2,6,0,4,56,2,0,36,0,2,2,30,2,0,0,14,0,0,0,8,0,2,0,0,0,16,42,4,8,2,4,0,0,0,6,0,0,0,2,0,0,2,40,104,0,0,16,0,2,2,6,0,56,12,0,18,0,0,48,0,0,0,72,8,0,0,0,0,0,0,16,0,2,0,0,0,0,274,0,26,4,8,6,2,0,0,24,78,2,4,16,6,2,4,0,0,0,10,2,0,8,0,0,0,0,0,0,22,4,12,2,0,6,0,0,10,0,28,0,0,0,40,4,0,0,0,0,0,8,2,0,0,4,0,70,30,0,0,4,0,2,0,2,4,0,0,40,0,14,0,0,2,34,24,0,6,0,0,8,0,0,0,0,0,358,0,0,0,12,80,34,0,2,0,0,0,0,4,2,0,0,0,0,6,44,0,4,0,2,24,0,96,2,0,0,2,2,0,0,8,0,4,0,0
BLR,0,0,0,12,0,0,6,234,402,0,272,422,250,0,220,0,2,2,192,2,0,14,0,0,0,0,416,0,2,2,0,0,292,452,234,474,0,2,0,0,0,400,0,0,0,0,0,0,168,444,684,0,0,308,2,6,0,168,0,506,192,0,208,0,0,568,0,0,0,764,414,0,0,0,0,0,0,416,0,0,6,0,0,0,188,0,394,4,284,182,176,0,6,260,492,2,16,272,40,2,8,0,0,0,190,0,0,8,0,0,0,0,158,0,248,8,32,226,0,16,0,0,174,0,4,0,2,0,6,2,0,0,0,0,0,398,6,0,0,4,0,270,266,2,0,172,38,162,0,2,0,0,0,642,0,436,0,2,158,264,1052,0,134,0,2,36,0,0,0,0,0,420,0,0,0,252,238,284,0,0,0,0,0,0,172,4,0,0,0,0,6,428,0,402,0,0,308,0,572,8,0,0,0,12,0,0,4,0,234,0,0
BLZ,6,0,0,0,0,0,4,6,0,2,10,8,2,0,10,6,0,6,6,6,0,0,0,0,0,2,12,2,0,0,4,0,20,14,6,10,6,4,4,0,0,14,0,0,8,0,0,0,6,4,16,0,0,6,0,0,0,8,0,8,6,6,6,6,0,12,0,0,0,42,6,4,0,0,6,0,0,6,0,0,2,0,0,2,0,0,0,6,8,2,6,6,6,6,10,2,6,6,0,8,0,0,0,0,6,0,0,6,0,4,2,0,6,0,0,0,0,6,0,0,0,0,14,0,0,2,0,0,0,0,0,0,0,0,4,6,0,4,2,6,4,16,12,0,0,8,8,6,6,4,6,0,6,0,0,8,0,0,6,4,14,6,8,4,0,6,0,0,2,0,0,6,0,0,0,6,0,6,0,0,6,0,0,0,4,0,0,0,0,0,6,6,0,6,6,6,6,8,48,0,0,0,0,6,0,0,0,2,8,6,0
BMU,0,0,0,0,0,0,0,0,0,0,2,2,0,0,2,0,0,0,0,0,0,0,0,0,0,0,2,0,0,0,0,0,6,2,0,4,0,0,0,0,0,2,0,0,0,0,0,0,0,0,12,0,0,8,0,0,0,2,0,6,0,0,0,0,0,6,0,0,0,24,0,0,0,0,0,0,0,0,0,0,0,0,0,0,2,0,0,0,0,4,0,0,0,2,2,0,0,8,0,0,0,0,0,0,0,0,0,0,0,0,0,0,0,0,0,0,0,0,0,0,0,0,0,0,0,0,0,0,0,0,0,0,0,0,0,0,0,0,0,0,0,8,0,0,0,4,0,0,0,0,0,0,0,0,0,4,0,0,0,0,0,0,2,0,0,2,0,0,0,0,0,0,0,0,0,0,0,0,0,0,0,0,0,0,0,0,0,0,0,0,0,0,0,6,0,0,0,0,62,0,0,0,0,0,0,0,0,0,0,0,0
BOL,0,0,0,0,0,0,0,110,0,0,38,16,2,0,22,0,4,2,2,0,0,0,0,2,0,0,116,2,2,0,2,2,38,44,66,6,2,12,2,0,0,48,0,0,22,30,0,2,0,10,60,0,2,26,4,0,54,6,0,106,2,6,8,2,0,84,0,0,4,108,0,12,0,0,4,0,0,0,2,0,30,14,10,20,0,0,2,8,16,6,6,0,2,0,28,4,0,14,2,6,2,0,0,0,4,0,0,0,2,0,0,0,0,0,2,6,0,2,0,0,2,0,88,0,0,0,0,0,0,2,0,0,0,2,2,4,2,0,2,8,4,46,6,6,0,8,0,4,16,110,0,0,0,4,0,12,32,2,0,0,10,0,6,0,0,2,0,0,26,0,0,0,0,0,6,0,0,68,0,0,0,0,0,0,4,0,0,0,0,6,0,4,0,6,0,2,0,26,220,0,0,2,32,2,0,0,0,0,8,0,0
BRA,10,14,0,18,0,0,118,2076,456,0,2628,1094,232,0,1566,42,42,66,364,16,2,8,416,12,2,116,0,8,8,2,16,2,3460,2040,1456,2110,20,94,18,4,0,1558,0,4,182,426,0,2,198,1074,4718,0,2,1176,34,20,250,366,0,4866,314,52,808,12,0,5122,0,0,10,6570,422,34,0,6,12,4,0,852,2,4,56,40,12,30,360,38,828,108,1468,652,398,20,48,694,4094,16,34,1480,6,134,2,12,0,4,872,18,6,80,2,22,2,0,196,0,280,60,128,278,10,4,28,0,1536,0,8,8,20,8,6,18,64,0,0,12,40,588,8,12,10,152,16,2340,714,20,0,486,86,428,100,540,100,0,24,1252,0,3148,70,4,206,692,1412,14,420,34,20,272,0,6,24,0,4,552,0,0,10,444,448,1390,0,2,10,0,2,0,534,0,0,0,0,6,64,802,0,650,46,50,516,454,14442,6,4,2,222,204,4,0,2,2,886,20,38
BRB,2,0,2,0,0,0,2,4,0,0,36,4,2,0,4,2,0,4,2,2,10,0,0,2,0,2,8,0,0,0,4,0,32,4,6,6,2,2,2,2,0,8,0,2,2,4,0,2,2,0,8,0,2,4,0,0,2,8,0,4,2,2,6,2,0,6,0,0,0,78,2,6,0,0,4,0,0,2,6,0,0,0,4,2,0,0,0,2,6,4,6,2,2,2,30,34,2,8,0,6,0,0,0,2,4,0,0,2,0,2,6,0,2,0,0,0,0,4,0,0,0,0,6,0,0,0,0,0,0,2,0,0,0,0,0,4,2,0,0,6,0,6,4,0,0,4,2,4,0,6,2,0,2,0,0,6,0,0,4,0,4,2,4,2,0,2,0,0,2,0,0,2,0,0,0,2,0,8,0,0,2,2,0,0,0,0,0,0,0,16,2,4,0,10,2,2,2,6,100,0,0,8,2,2,0,0,0,2,8,2,0
BRN,0,0,0,2,0,0,4,2,4,0,48,4,0,0,6,0,2,28,4,0,0,2,2,0,0,2,8,0,0,0,0,0,20,12,4,58,2,6,4,2,0,6,0,0,2,0,0,0,2,12,34,0,0,10,0,0,4,8,0,6,6,0,4,0,0,26,0,0,4,90,4,2,0,0,0,0,0,10,0,0,0,0,0,0,4,0,4,18,42,2,8,4,0,2,6,2,2,22,6,4,2,0,0,0,38,0,2,0,0,0,0,0,26,0,0,0,2,0,0,0,2,0,4,0,0,0,0,4,0,4,0,0,0,0,0,110,0,0,0,2,0,8,8,0,0,12,4,10,4,2,8,0,4,6,0,2,2,0,2,6,14,0,26,0,0,50,0,0,0,0,0,2,0,0,0,2,2,4,0,0,0,0,0,0,26,0,0,0,0,0,0,10,0,18,2,2,2,0,32,2,0,0,0,8,0,0,0,0,6,0,0
BTN,0,0,0,0,0,0,0,4,0,0,34,2,0,0,0,0,0,6,2,0,0,0,2,0,0,0,2,0,0,0,0,0,8,2,2,14,2,2,0,0,0,2,0,0,0,0,0,0,0,0,4,0,0,0,4,0,0,0,0,2,0,0,2,0,0,6,0,0,0,6,0,0,0,0,0,0,0,2,0,0,2,0,0,0,0,0,0,4,20,0,2,0,0,0,6,0,0,8,0,2,0,6,0,0,0,0,4,0,0,0,0,0,0,0,0,2,0,0,0,0,2,0,4,0,0,0,0,2,0,0,0,0,0,0,0,0,2,0,0,2,0,2,0,10,0,6,0,2,0,0,2,0,0,4,0,0,0,0,0,0,0,0,0,0,0,2,2,0,0,0,0,0,0,0,0,0,0,4,0,0,0,0,0,0,20,0,0,0,0,0,2,2,0,0,0,0,2,0,28,0,0,0,0,8,0,0,0,0,2,0,0
BWA,4,4,0,0,0,0,6,6,0,0,42,16,2,0,18,6,0,4,4,4,0,0,0,4,0,2,16,4,0,0,0,0,24,32,20,16,8,26,6,0,0,6,0,2,4,2,0,2,4,2,40,0,2,10,0,0,6,6,2,18,6,18,6,4,0,18,0,0,0,102,4,6,0,0,6,0,0,6,2,0,0,0,0,0,0,6,6,6,28,8,6,4,4,4,34,4,4,12,0,24,0,0,0,0,10,0,0,6,0,4,2,0,4,2,0,0,0,8,0,0,0,0,10,0,0,4,0,0,0,6,4,0,0,0,16,8,20,2,2,36,0,14,14,0,0,6,6,6,2,6,6,0,4,8,0,8,0,0,4,2,12,6,18,6,0,10,0,4,0,0,2,6,0,0,0,4,4,26,8,0,4,0,0,0,12,0,0,0,0,2,8,12,0,8,12,18,4,6,224,0,0,2,4,6,0,0,0,2,160,16,26
CAF,0,0,0,0,0,0,0,0,0,0,2,2,0,0,8,2,2,0,0,0,0,0,0,0,0,2,2,0,0,0,0,0,4,6,0,0,10,16,8,16,0,0,0,0,0,0,0,0,0,8,6,0,0,0,0,0,0,0,0,2,0,0,0,0,0,56,0,0,8,28,0,2,0,4,2,0,0,0,0,0,0,2,2,0,0,0,0,4,0,0,0,0,0,2,2,0,0,2,0,0,0,0,0,0,0,0,0,0,0,0,0,0,0,0,0,0,0,0,0,0,12,0,0,0,0,2,0,0,0,0,0,0,0,0,0,4,0,0,0,0,0,4,0,0,0,0,0,0,0,0,2,0,2,0,0,2,0,0,0,0,0,2,0,0,14,0,2,0,0,0,0,0,0,0,2,0,0,4,0,0,0,0,0,4,0,0,0,0,0,2,0,0,0,0,0,2,0,0,18,0,0,0,0,0,2,0,0,0,0,0,0
CAN,30,0,0,36,0,0,650,1070,264,6,7848,1920,242,2,2950,46,76,248,184,26,36,16,292,20,6,38,3460,32,20,8,24,4,0,4300,1220,13120,66,82,44,8,0,702,0,20,90,94,0,2,100,1252,10022,6,8,2698,34,226,114,978,0,4570,162,84,1374,32,0,9742,2,0,10,16076,274,126,0,10,16,4,0,1120,14,64,42,2,14,12,216,16,806,160,2318,1160,1902,36,232,1756,6008,54,156,3888,50,298,10,40,0,10,2134,178,18,238,2,40,4,0,98,6,92,128,36,412,16,22,16,6,1288,0,38,22,62,8,24,40,12,2,0,16,60,844,16,34,22,142,10,5292,1848,60,0,1422,106,632,114,170,134,2,20,1858,0,1106,14,4,446,620,1586,58,2014,24,58,1056,0,26,18,0,4,428,0,0,4,446,446,3230,4,4,32,4,6,2,490,2,0,0,0,42,332,1134,0,1324,88,200,182,118,43282,4,10,6,88,168,16,0,0,6,1654,44,46
CHE,12,4,0,24,2,0,106,664,502,0,3724,3634,242,6,3964,50,98,84,598,14,0,42,452,14,2,44,2040,4,12,2,32,6,4300,0,722,3266,136,114,66,40,2,696,0,2,46,134,0,2,270,1872,17430,0,2,2606,12,66,70,408,2,5920,486,108,1792,16,2,10742,0,2,34,14190,484,202,0,40,56,6,2,1798,10,14,18,8,6,0,564,12,1422,156,1664,1226,512,20,158,1324,9506,26,64,2776,26,270,32,72,0,12,1350,20,68,88,22,10,2,58,206,8,408,196,184,300,28,16,64,0,690,0,68,88,74,20,16,30,66,6,0,4,56,502,16,14,38,132,6,5918,1734,80,0,762,60,388,50,210,110,0,64,2530,0,1562,18,8,284,1060,2202,50,550,38,78,628,8,28,6,2,6,678,0,0,4,716,750,3520,20,22,14,0,30,6,542,10,2,0,2,8,80,1200,0,944,270,142,538,62,19044,14,4,2,36,230,10,0,0,8,1276,80,44
CHL,6,8,0,2,2,0,30,1184,250,0,1220,476,228,0,440,6,4,18,44,10,0,4,234,6,0,66,1456,6,4,2,20,0,1220,722,0,706,12,16,6,0,0,746,0,2,98,80,0,2,16,394,1982,0,2,608,12,8,128,58,0,2938,20,20,252,10,0,1964,0,0,0,2740,246,10,0,0,6,0,0,382,2,4,52,2,0,44,38,10,306,24,362,114,108,6,34,420,1414,12,18,712,8,30,4,0,0,4,272,6,2,32,0,10,2,4,14,0,24,8,10,252,0,0,6,0,724,0,4,2,0,0,0,8,4,0,0,2,0,276,2,6,2,50,8,854,438,4,0,216,16,40,48,336,16,0,6,534,0,472,46,4,42,288,552,8,122,2,6,60,2,0,44,0,0,266,0,0,0,282,264,594,0,2,6,0,0,0,58,0,0,0,2,4,26,342,0,378,6,12,52,168,4384,2,22,2,140,36,0,0,2,2,526,6,8
CHN,14,0,0,4,0,0,306,622,470,2,16322,1670,240,6,2304,20,8,220,388,26,0,8,474,10,4,6,2110,6,58,14,16,0,13120,3266,706,0,26,60,14,6,0,770,2,2,32,122,0,2,232,1326,11804,0,2,2668,8,110,104,866,6,3798,420,60,1904,14,0,8102,0,0,12,20070,444,180,0,14,12,4,6,1294,8,6,14,0,0,0,436,2,1036,268,2808,1324,920,134,136,1296,4892,16,62,12482,98,230,24,30,0,16,6460,44,18,88,2,14,2,2,282,2,298,144,110,288,4,12,34,2,896,0,34,18,10,36,4,92,8,0,4,18,26,1488,18,8,10,276,6,4292,1610,128,0,1376,120,2092,54,148,314,0,22,1966,72,1370,8,4,654,874,2956,34,2966,128,8,8456,4,26,2,0,0,734,0,0,2,518,578,4010,0,6,14,0,2,8,1342,16,0,0,0,18,114,1266,0,5762,54,52,648,72,82208,44,2,2,54,648,2,0,2,32,1168,26,14
CIV,8,2,0,0,0,0,10,14,0,0,28,10,2,6,48,44,50,10,8,8,0,2,0,6,0,2,20,2,2,2,8,10,66,136,12,26,0,60,24,18,0,16,0,0,2,2,0,0,8,8,94,0,0,18,0,2,6,12,0,24,12,18,12,8,0,240,0,0,18,122,8,46,0,24,16,4,2,10,0,2,2,0,0,0,0,2,4,22,26,8,10,8,8,10,40,0,10,32,0,50,0,4,0,0,12,0,4,10,6,6,2,0,10,0,0,14,0,20,0,0,16,0,14,0,0,50,0,4,0,0,12,2,0,0,8,14,6,8,20,34,0,36,12,4,0,16,8,10,4,6,16,0,12,2,0,18,0,2,8,10,8,22,8,12,48,12,2,4,2,0,0,10,0,0,0,16,2,26,2,2,6,0,8,28,20,0,0,0,0,0,26,12,0,12,24,34,10,8,116,0,0,0,2,14,2,0,0,2,54,20,6
CMR,4,4,0,2,0,0,4,16,0,0,58,16,4,6,140,42,52,8,8,6,0,4,2,4,0,12,94,2,6,2,26,16,82,114,16,60,60,0,46,26,0,16,0,0,4,2,0,0,4,22,228,0,0,30,0,6,10,16,0,56,10,28,12,6,0,464,0,0,44,224,8,66,0,16,16,4,2,22,0,2,4,4,2,0,2,2,18,30,84,8,10,4,4,12,112,6,8,46,0,70,0,6,0,0,16,0,6,12,4,4,2,0,10,0,2,12,2,16,0,0,18,0,18,0,0,28,0,6,0,0,20,0,0,2,16,24,2,8,20,96,0,72,20,2,0,14,6,18,10,16,14,0,10,8,0,20,0,0,6,26,28,18,20,18,46,16,2,4,0,0,0,8,0,0,2,10,4,42,2,2,6,0,12,12,34,0,0,0,0,6,16,18,0,12,26,38,6,8,336,0,0,0,4,14,2,0,2,2,240,18,6
COD,16,0,0,0,0,0,4,16,0,0,24,8,2,2,312,20,24,12,8,4,0,0,0,4,0,2,18,2,4,0,6,8,44,66,6,14,24,46,0,14,0,8,0,0,0,0,0,0,6,16,64,0,0,20,0,2,6,6,0,18,4,14,8,6,0,104,0,0,22,118,6,22,0,10,12,0,2,8,0,0,4,0,0,0,4,4,4,12,34,4,6,4,6,10,24,0,4,28,2,46,2,12,0,0,8,0,8,6,2,4,2,0,6,0,2,8,2,8,0,0,6,0,10,0,2,14,0,6,0,2,8,0,0,0,8,6,2,2,6,24,0,40,14,4,0,6,4,16,6,10,10,0,8,2,0,8,2,0,4,8,6,12,8,6,6,10,2,12,2,0,0,6,0,0,0,8,2,16,2,0,8,0,2,12,18,0,0,0,0,0,6,6,0,6,18,32,6,6,254,0,0,0,2,18,0,0,0,2,44,16,4
COG,0,0,0,0,0,0,0,0,0,0,6,2,0,0,16,14,14,2,0,0,0,0,0,0,0,0,4,2,2,0,0,16,8,40,0,6,18,26,14,0,0,6,0,0,2,0,0,0,0,0,54,0,0,20,0,0,2,10,2,14,0,10,2,0,0,78,0,0,12,72,0,16,0,6,12,2,0,0,0,0,0,0,2,0,0,0,0,8,36,4,0,0,0,0,24,0,0,4,0,18,0,4,0,0,0,0,2,0,2,0,0,0,2,0,0,4,0,4,0,0,10,0,4,0,0,10,0,2,0,0,12,2,0,0,6,4,4,0,8,18,0,10,12,0,0,2,0,2,2,0,10,0,4,0,0,2,0,0,0,0,0,8,0,2,14,0,2,8,0,0,0,0,0,0,0,0,0,16,2,0,0,0,2,2,10,0,0,0,0,0,0,0,0,2,14,22,0,0,86,0,0,0,0,6,2,0,0,0,28,22,6
COK,0,0,0,0,0,0,0,0,0,0,6,0,0,0,0,0,0,0,0,0,0,0,0,0,0,0,0,0,0,0,0,0,0,2,0,0,0,0,0,0,0,0,0,0,0,0,0,0,0,0,0,0,0,0,0,0,0,0,0,0,0,0,0,4,0,4,0,2,0,4,0,0,0,0,0,0,0,0,0,0,0,0,0,0,0,0,0,0,0,0,0,0,0,0,0,0,0,2,0,0,0,0,0,0,0,0,0,0,0,0,0,0,0,0,0,0,0,0,0,0,0,0,0,0,0,0,0,0,0,0,0,0,0,0,0,0,0,4,0,0,0,0,0,0,0,4,0,0,0,0,0,0,0,0,0,0,0,0,0,0,0,0,0,0,0,0,2,0,0,0,0,0,0,0,0,0,0,0,0,0,0,0,0,0,0,0,0,0,2,0,0,0,0,0,0,0,0,0,10,0,0,0,0,0,0,0,0,0,0,0,0
COL,8,0,0,18,0,0,32,724,382,0,556,492,228,0,400,10,12,30,214,12,2,6,400,14,2,48,1558,8,6,2,6,0,702,696,746,770,16,16,8,6,0,0,0,0,124,108,0,2,174,488,1090,0,2,374,28,8,192,210,26,1868,180,18,278,8,0,1126,0,0,4,1660,414,18,0,0,12,0,0,456,2,2,58,12,6,24,182,0,420,32,478,350,226,18,14,310,926,20,22,402,4,66,2,2,0,0,324,18,4,26,0,6,2,0,172,0,170,12,16,244,0,0,8,0,974,0,4,10,2,4,0,4,4,0,0,6,16,438,4,6,10,40,16,702,322,4,0,232,52,194,96,198,70,0,18,616,0,542,26,4,180,400,622,12,184,4,10,84,2,2,32,0,2,414,0,0,4,254,252,426,0,2,10,0,0,0,248,0,0,0,0,30,22,514,0,464,20,38,334,108,2946,2,2,2,206,166,0,0,2,2,366,16,8
COM,0,0,0,0,0,0,0,0,0,0,0,0,0,0,0,0,0,0,0,0,0,0,0,0,0,0,0,0,0,0,0,0,0,0,0,2,0,0,0,0,0,0,0,0,0,0,0,0,0,0,0,0,0,0,0,0,0,0,0,0,0,0,0,0,0,6,0,0,0,2,0,0,0,0,0,0,0,0,0,0,0,0,0,0,0,0,0,0,0,0,0,0,0,0,4,0,0,0,0,0,0,0,0,0,0,0,0,0,0,0,0,0,0,0,0,0,0,0,0,0,0,0,0,0,0,0,0,0,0,0,0,0,0,0,0,0,0,0,0,0,0,0,0,0,0,0,0,0,0,0,0,0,0,0,0,0,0,0,0,0,0,0,0,0,2,0,0,0,0,0,0,0,0,0,0,0,0,0,0,0,0,0,0,0,0,0,0,0,0,0,0,0,0,0,0,0,0,0,6,0,0,0,0,0,0,0,0,0,0,0,0
CPV,0,0,0,0,0,0,0,18,0,0,0,0,0,0,20,0,0,0,0,0,0,0,0,0,0,0,4,2,0,0,2,0,20,2,2,2,0,0,0,0,0,0,0,0,0,0,0,0,0,0,2,0,0,2,0,0,0,0,0,38,0,0,0,0,0,22,0,0,0,38,0,0,0,0,0,0,0,2,0,0,0,0,0,0,0,0,0,0,0,20,0,0,0,0,2,0,0,20,0,0,0,0,0,0,0,0,0,0,0,0,0,0,0,0,0,0,0,2,0,0,0,0,2,0,0,0,0,2,0,0,0,0,0,0,0,0,0,0,0,0,0,6,2,0,0,0,0,0,0,0,0,0,0,0,0,48,0,0,0,0,2,0,0,0,0,0,0,0,0,0,0,0,0,0,0,0,0,0,0,0,0,0,0,0,0,0,0,0,0,0,2,2,0,0,0,0,0,0,26,0,0,0,0,0,0,0,0,0,0,0,0
CRI,0,0,0,0,0,0,2,94,4,0,84,28,0,0,32,2,0,2,2,0,0,0,0,8,0,22,182,2,2,0,4,0,90,46,98,32,2,4,0,2,0,124,0,0,0,14,0,2,2,8,144,0,2,36,18,2,42,8,0,204,2,0,18,0,0,116,0,0,0,130,0,6,0,0,2,0,0,6,2,0,48,4,0,24,2,0,0,10,26,10,12,0,0,12,70,8,0,42,0,8,0,0,2,0,12,2,2,8,0,0,0,0,4,0,2,0,2,2,0,2,2,0,144,0,2,0,2,2,0,2,0,0,0,0,0,14,0,0,0,4,26,68,10,0,0,16,2,2,84,46,18,0,6,14,0,28,10,0,2,6,26,0,12,2,0,12,0,0,28,0,0,6,0,0,0,2,6,26,2,0,2,0,0,0,18,0,0,0,0,6,4,6,0,30,4,4,2,48,530,0,0,2,20,4,0,0,0,0,16,0,0
CUB,0,2,0,0,0,0,4,118,50,0,36,26,2,0,126,0,0,2,2,0,2,2,0,0,0,30,426,4,0,0,2,0,94,134,80,122,2,2,0,0,0,108,0,0,14,0,0,2,4,72,150,0,2,70,18,4,68,12,0,470,2,0,62,0,0,146,0,0,0,170,0,2,0,0,4,0,0,70,2,2,30,0,0,18,62,4,62,6,74,20,10,0,0,16,174,8,4,76,0,10,0,2,0,0,58,12,0,2,0,0,0,0,0,0,0,4,0,6,2,0,0,0,390,0,2,0,4,0,0,2,2,0,0,0,2,6,0,2,0,8,2,104,70,0,0,4,2,56,4,96,6,0,0,72,0,38,30,0,0,60,74,0,16,2,2,10,0,0,30,0,0,46,0,0,2,62,6,74,0,2,0,2,0,0,52,0,0,0,0,2,2,72,0,8,0,2,50,30,240,0,0,2,40,8,0,0,0,2,64,2,0
CUW,0,0,0,0,0,0,0,0,0,0,0,0,0,0,0,0,0,0,0,0,0,0,0,0,0,0,0,0,0,0,0,0,0,0,0,0,0,0,0,0,0,0,0,0,0,0,0,0,0,0,2,0,0,0,0,0,0,0,0,0,0,0,0,0,0,0,0,0,0,0,0,0,0,0,0,0,0,0,0,0,0,0,0,0,0,0,0,0,0,0,0,0,0,0,0,0,0,0,0,0,0,0,0,0,0,0,0,0,0,0,0,0,0,0,0,0,0,0,0,0,0,0,0,0,0,0,0,0,0,0,0,0,0,0,0,0,0,0,0,0,0,2,0,0,0,0,0,0,0,0,0,0,0,0,0,0,0,0,0,0,0,0,0,0,0,0,0,0,0,0,0,0,0,0,0,0,0,0,0,0,0,0,0,0,0,0,0,0,0,0,0,0,0,0,0,0,0,0,2,0,0,0,0,0,0,0,0,0,0,0,0
CYM,0,0,0,0,0,0,0,2,0,0,2,2,0,0,2,0,0,0,0,0,0,0,0,0,0,2,2,2,0,0,2,0,2,2,2,2,0,0,0,0,0,2,0,0,2,2,0,0,0,0,2,0,2,2,0,0,2,2,0,2,0,0,2,0,0,2,0,0,0,4,0,0,0,0,2,0,0,0,2,0,0,0,0,0,0,0,0,0,2,2,2,0,0,0,2,2,0,2,0,2,0,0,0,0,2,0,0,0,0,0,0,0,0,0,0,0,0,2,0,0,0,0,2,0,0,0,0,0,0,2,0,0,0,0,0,0,0,0,0,2,0,2,2,0,0,2,0,0,0,2,0,0,0,0,0,2,0,0,0,0,2,0,2,0,0,0,0,0,0,0,0,0,0,0,0,0,0,2,0,0,0,0,0,0,0,0,0,0,0,2,0,2,0,2,0,0,0,2,2,0,0,2,2,0,0,0,0,0,2,0,0
CYP,8,0,0,8,0,0,40,18,162,0,84,230,8,0,306,8,6,12,202,8,0,2,168,6,0,0,198,2,2,0,4,0,100,270,16,232,8,4,6,0,0,174,0,0,2,4,0,0,0,248,502,0,0,110,0,6,0,190,0,390,228,8,266,8,0,374,0,0,0,784,174,6,0,0,6,0,0,840,0,0,0,0,0,0,206,0,236,12,200,228,188,14,18,84,484,0,18,48,8,14,2,0,0,0,186,4,0,28,0,6,2,0,176,0,186,24,16,12,2,4,0,0,182,0,4,2,28,2,6,2,2,0,0,2,2,178,0,6,2,8,0,146,64,0,0,180,48,190,4,6,12,0,8,258,0,264,2,4,174,104,242,8,130,4,0,40,0,0,2,0,0,202,0,0,0,50,64,152,0,0,8,0,0,0,170,0,0,0,0,0,16,378,0,184,8,8,190,12,618,2,0,0,2,12,2,0,0,4,38,8,0
CZE,2,0,0,22,0,0,46,432,472,0,1088,1866,232,0,1472,0,12,14,486,2,0,40,444,4,0,10,1074,0,12,0,2,8,1252,1872,394,1326,8,22,16,0,0,488,0,0,8,72,0,0,248,0,4636,0,0,1098,12,52,60,342,0,2450,408,24,952,0,0,3272,0,0,6,4264,412,10,0,0,0,0,0,1124,0,4,10,0,0,2,568,0,1202,20,1016,564,332,4,42,662,3016,8,20,1286,38,12,6,0,0,0,720,34,0,28,0,2,0,0,166,0,452,56,196,244,2,18,8,0,456,0,42,2,20,4,16,16,4,0,0,10,4,602,24,0,0,10,0,1698,816,0,0,348,54,304,22,86,28,0,18,2476,0,1030,6,4,192,748,1846,4,318,14,8,232,0,0,4,2,0,666,0,2,0,2320,702,1466,0,2,6,0,4,0,312,0,0,0,0,2,30,866,0,616,26,12,576,12,4660,18,2,0,30,42,0,0,2,6,516,2,2
DEU,14,8,0,52,0,2,286,1606,576,0,9096,11432,292,8,8446,94,104,156,1054,14,4,104,684,16,12,60,4718,8,34,4,40,6,10022,17430,1982,11804,94,228,64,54,0,1090,0,2,144,150,2,2,502,4636,0,0,6,6614,24,172,194,1578,4,14322,884,192,4500,14,0,21886,0,0,134,33458,586,256,2,20,40,10,2,3772,14,20,46,14,4,0,1194,2,3024,374,3864,2588,1492,112,390,3642,18932,20,240,7602,142,436,58,20,0,8,3442,78,32,158,14,20,4,68,242,0,742,618,398,448,24,140,112,0,1588,0,116,62,98,22,32,56,50,0,2,22,54,878,106,28,30,234,8,15920,3972,90,0,1650,184,872,134,244,222,2,18,6694,8,3450,30,18,466,2172,7838,44,1640,76,66,1428,2,24,4,0,2,1206,0,0,6,1248,1370,9284,10,14,50,0,2,32,840,24,10,0,0,22,220,2594,0,1660,264,126,1592,134,46852,84,18,2,108,608,2,0,6,18,2314,54,20
DJI,0,0,0,0,0,0,0,0,0,0,0,0,0,0,4,0,0,0,0,0,0,0,0,0,0,0,0,0,0,0,0,0,6,0,0,0,0,0,0,0,0,0,0,0,0,0,0,0,0,0,0,0,0,0,0,2,2,0,0,0,0,0,0,0,0,14,0,0,0,0,0,0,0,0,0,0,0,0,0,0,0,0,0,0,0,0,0,0,0,0,0,0,0,0,6,0,0,0,0,0,0,0,0,0,0,0,0,0,0,0,0,0,0,0,0,0,0,0,0,0,0,0,0,0,0,0,0,0,0,0,0,0,0,0,0,0,0,0,0,0,0,0,0,0,0,0,0,2,0,0,0,0,0,0,0,0,0,0,0,0,2,0,0,0,0,0,0,0,0,0,0,0,0,0,0,0,0,0,0,0,0,0,0,0,0,0,0,0,0,0,2,0,0,0,0,0,0,0,0,0,0,0,0,0,0,0,0,0,0,0,0
DMA,0,0,0,0,0,0,0,2,0,0,6,2,0,0,2,0,0,0,0,0,0,0,0,0,0,2,2,2,0,0,2,0,8,2,2,2,0,0,0,0,0,2,0,0,2,2,0,2,0,0,6,0,0,2,0,0,2,2,0,8,0,0,2,0,0,2,0,0,0,8,0,0,0,0,2,0,0,0,2,0,0,0,0,0,0,0,2,0,2,8,2,0,0,0,2,2,0,2,0,2,0,0,0,0,2,0,0,0,0,0,0,0,0,0,0,0,0,2,0,0,0,0,2,0,0,0,0,0,0,2,0,0,0,0,0,0,0,0,0,2,0,2,2,0,0,2,0,0,0,2,0,0,0,0,0,2,0,0,0,0,2,0,2,0,0,0,0,0,0,0,0,0,0,0,0,0,0,2,0,0,0,0,0,0,0,0,0,0,0,4,0,2,0,2,0,0,0,2,26,0,0,2,2,0,0,0,0,0,2,0,0
DNK,10,6,0,30,0,0,108,512,306,0,2848,1644,236,0,2094,34,46,68,222,10,0,16,308,6,8,26,1176,4,10,0,10,0,2698,2606,608,2668,18,30,20,20,0,374,0,2,36,70,0,2,110,1098,6614,0,2,0,6,28,50,130,0,3464,358,54,1882,14,0,4040,2,0,22,9272,260,108,0,0,26,76,0,1186,2,206,10,2,2,4,304,0,842,68,800,756,278,20,436,900,4154,8,28,1482,22,112,14,10,0,6,698,24,12,36,2,10,2,0,40,0,236,130,210,254,20,24,24,0,342,0,38,34,72,4,14,12,24,0,0,4,16,460,16,6,10,52,2,4082,3108,38,0,466,16,158,22,102,56,0,10,1456,2,1238,2,6,120,700,1018,20,262,14,36,406,0,8,2,0,0,460,0,0,2,528,588,5146,0,6,10,0,0,2,218,4,2,0,0,6,44,672,0,438,138,96,188,54,9616,4,2,2,22,114,2,0,4,2,784,50,20
DOM,0,0,0,0,0,0,0,22,0,0,6,4,0,0,8,0,0,2,6,0,0,0,2,0,0,4,34,0,0,4,0,0,34,12,12,8,0,0,0,0,0,28,0,0,18,18,0,0,0,12,24,0,0,6,0,0,8,2,0,56,2,0,6,0,0,22,0,0,0,30,0,0,0,0,0,0,0,0,0,0,16,0,0,10,0,6,6,0,6,0,0,0,4,2,18,4,0,8,0,0,0,0,0,0,4,0,0,0,0,0,0,0,0,0,2,0,4,0,0,0,0,0,32,0,0,0,0,0,0,0,0,0,0,0,0,0,2,0,0,0,4,12,6,4,0,4,0,4,6,14,4,0,0,6,0,8,4,0,0,6,6,0,0,0,0,4,0,0,12,0,0,2,0,0,0,2,2,18,0,0,0,0,0,0,10,0,0,0,0,0,0,2,0,4,0,0,0,6,164,0,0,0,12,0,0,0,0,0,6,0,0
DZA,0,0,0,4,0,0,86,8,2,0,24,38,0,0,134,2,6,10,12,18,0,2,6,0,0,0,20,0,0,0,0,0,226,66,8,110,2,6,2,0,0,8,0,0,2,4,0,0,6,52,172,2,0,28,0,0,4,94,0,242,12,0,28,0,0,2682,0,0,0,228,2,0,0,2,0,0,0,36,0,2,0,0,0,0,20,0,16,2,84,20,30,12,0,34,254,0,40,40,2,4,2,0,0,0,34,6,0,34,0,0,0,0,2,0,14,12,8,130,0,2,2,0,40,0,8,0,6,2,4,2,2,2,0,0,0,102,0,0,2,6,0,30,32,4,0,2,18,108,0,4,4,0,0,30,0,82,2,0,16,34,52,0,324,4,10,6,0,0,0,0,0,12,0,0,0,10,20,28,0,2,6,0,0,0,10,0,0,0,0,0,182,146,0,12,2,2,18,0,206,0,0,0,6,6,0,0,0,4,74,0,4
ECU,0,0,0,0,0,0,6,140,0,0,88,38,0,0,108,2,0,2,2,0,0,2,0,0,0,54,250,2,4,0,6,0,114,70,128,104,6,10,6,2,0,192,0,0,42,68,0,2,0,60,194,2,2,50,8,4,0,24,0,720,2,2,28,0,0,184,0,0,2,242,0,4,0,0,2,0,0,14,2,2,24,10,6,16,0,6,8,8,82,38,6,0,4,14,160,4,2,44,10,14,2,2,0,2,46,0,4,2,2,0,0,0,6,0,4,4,2,8,0,0,2,0,206,0,2,2,0,0,0,10,2,0,0,2,8,16,2,0,4,18,12,134,12,4,0,28,0,12,50,116,8,0,6,50,0,54,16,0,2,20,42,0,26,2,0,18,0,6,16,0,4,0,0,0,4,10,2,68,0,2,0,0,0,0,12,0,0,0,0,4,6,16,0,24,6,10,34,34,686,0,0,2,222,14,0,0,0,2,58,2,0
EGY,12,0,0,12,0,0,346,72,170,0,352,354,20,0,434,8,12,48,220,52,0,6,168,8,2,6,366,8,8,0,6,0,978,408,58,866,12,16,6,10,0,210,0,0,8,12,0,2,190,342,1578,0,2,130,2,94,24,0,0,636,194,40,304,12,0,810,0,0,4,1416,186,28,0,0,8,0,0,360,4,4,2,0,2,0,228,0,240,38,632,248,328,86,12,112,812,8,110,1022,22,52,2,0,0,6,676,180,0,152,16,84,2,0,176,0,178,6,8,68,2,0,8,0,300,0,6,6,8,0,2,6,4,0,0,6,8,510,10,6,2,60,0,246,92,4,0,260,148,358,4,24,42,0,8,342,0,276,4,10,528,156,392,10,5784,74,8,68,0,0,2,0,4,220,0,0,0,28,52,216,2,2,38,0,4,2,264,2,0,0,0,4,198,500,0,298,14,16,204,14,3088,14,0,2,12,32,0,0,4,94,198,14,4
ERI,0,0,0,0,0,0,2,0,0,0,0,0,0,0,0,0,0,0,0,0,0,0,0,0,0,0,0,0,0,0,2,0,0,2,0,6,0,0,0,2,0,26,0,0,0,0,0,0,0,0,4,0,0,0,0,0,0,0,0,6,0,10,0,0,0,8,0,0,0,38,0,0,0,0,0,0,0,0,0,0,0,0,0,0,0,0,0,0,6,0,4,0,0,0,34,0,0,2,0,4,0,0,0,0,0,0,0,0,0,0,0,0,0,0,0,0,0,2,0,0,0,0,0,0,0,0,0,0,0,0,2,0,0,0,2,0,0,0,2,0,0,4,0,0,0,0,2,0,0,0,0,0,0,2,0,2,0,0,0,0,0,0,2,0,0,0,0,0,0,0,0,0,0,0,0,0,0,0,0,0,0,0,0,0,0,0,0,0,0,26,2,0,0,0,2,6,0,0,36,0,0,0,0,0,0,0,0,2,2,4,4
ESP,10,26,0,68,32,2,170,2326,466,0,4508,3274,246,0,5102,38,32,34,738,28,0,56,506,8,6,106,4866,4,6,2,18,2,4570,5920,2938,3798,24,56,18,14,0,1868,0,38,204,470,0,2,390,2450,14322,0,8,3464,56,242,720,636,6,0,656,118,2522,16,0,13852,0,0,44,18626,490,62,2,18,38,8,4,2932,4,14,68,6,2,38,740,6,1650,94,1882,1788,876,40,246,1650,14112,22,78,3078,40,132,6,18,0,2,1668,56,8,124,4,10,2,4,200,0,542,250,238,674,26,44,26,0,3432,0,82,36,102,8,30,18,146,4,0,14,14,708,16,24,14,82,26,7152,2314,14,0,770,70,388,96,400,80,0,92,3544,0,5616,66,4,336,1420,2716,16,1208,14,62,558,4,6,34,0,2,896,0,0,2,834,1046,4716,4,8,18,0,0,2,472,0,0,0,0,10,590,1744,0,1054,84,48,752,398,20846,32,10,2,410,204,6,0,4,4,1186,24,30
EST,8,0,0,14,0,0,20,26,180,0,190,414,10,0,464,8,2,14,296,10,0,12,192,6,0,2,314,2,6,0,6,0,162,486,20,420,12,10,4,0,0,180,0,0,2,2,0,0,228,408,884,0,0,358,2,12,2,194,0,656,0,10,902,8,0,642,0,0,0,1162,184,6,0,2,6,0,0,352,0,4,0,0,0,0,248,0,410,22,320,320,200,10,86,88,664,8,14,208,4,18,6,0,0,0,300,4,2,24,0,6,2,0,180,0,420,20,316,12,0,22,0,0,198,0,10,2,16,2,4,6,0,0,0,0,0,180,6,6,2,22,0,424,252,2,0,224,46,202,10,20,24,0,8,514,0,352,2,2,176,186,544,8,156,6,4,72,0,0,0,0,0,218,0,0,0,152,182,688,0,4,8,0,0,0,190,0,0,0,0,0,12,252,0,198,10,14,264,8,846,6,0,0,2,20,4,0,4,2,52,6,2
ETH,10,0,0,0,0,0,18,22,0,0,104,60,4,2,208,18,30,28,14,14,2,0,0,6,0,6,52,2,0,0,18,0,84,108,20,60,18,28,14,10,0,18,0,0,0,0,0,0,8,24,192,0,0,54,0,0,2,40,10,118,10,0,26,12,0,98,0,0,14,410,10,52,0,8,24,6,0,14,0,0,2,0,0,0,4,0,2,22,158,16,24,8,8,32,118,0,16,66,0,146,0,12,0,0,48,0,2,10,6,6,2,0,12,0,0,4,0,16,0,0,12,0,34,0,0,18,0,2,0,0,18,0,0,2,30,30,10,6,22,74,4,208,108,16,0,20,8,46,2,14,22,0,8,10,0,22,0,2,10,6,42,30,36,30,28,12,0,12,0,0,0,8,4,0,0,10,0,108,2,0,12,0,2,2,14,0,0,0,0,4,12,20,0,12,66,90,12,8,598,0,0,0,0,20,0,0,0,10,182,32,26
FIN,8,16,0,14,0,0,68,146,220,0,1422,1164,10,0,1372,8,18,30,418,12,0,18,208,6,0,8,808,6,4,2,6,0,1374,1792,252,1904,12,12,8,2,0,278,0,0,18,62,0,2,266,952,4500,0,2,1882,6,28,28,304,0,2522,902,26,0,10,0,3046,0,0,0,5456,200,38,0,0,8,4,0,1084,4,6,6,2,8,0,402,0,704,34,830,700,358,12,286,426,2774,10,36,1140,24,68,2,4,0,2,708,18,2,38,0,26,2,0,186,0,434,80,222,48,6,18,6,0,424,0,24,6,26,2,4,24,14,0,0,16,44,320,6,12,2,38,0,2296,1738,12,0,464,62,328,10,86,42,0,10,1262,0,878,4,2,222,368,1786,8,286,10,4,278,0,0,0,0,0,354,0,0,0,276,274,3946,0,4,8,0,0,0,312,2,0,0,0,4,42,536,0,412,38,34,382,32,5536,12,0,2,22,42,0,0,2,2,368,16,2
FJI,8,0,0,0,0,0,8,14,2,0,170,10,4,0,4,8,0,24,16,10,0,0,0,6,0,2,12,2,0,0,4,0,32,16,10,14,8,6,6,0,4,8,0,0,0,0,0,0,8,0,14,0,0,14,0,0,0,12,0,16,8,12,10,0,0,36,0,4,2,72,8,8,0,0,6,0,2,10,0,0,2,0,0,0,0,0,4,16,46,4,14,8,8,10,44,0,8,28,0,14,0,2,0,0,16,0,2,8,0,6,2,0,10,0,0,0,0,10,0,0,0,0,12,6,0,4,0,0,0,0,0,0,0,0,2,18,0,20,2,14,0,16,8,4,0,52,8,12,4,6,12,0,14,2,0,8,0,2,8,6,10,8,10,4,0,14,14,0,0,0,0,8,0,0,0,8,0,14,0,0,6,0,0,0,8,0,0,2,2,2,8,10,2,10,10,8,8,10,60,2,0,0,0,10,6,0,0,2,18,6,0
FLK,0,0,0,0,0,0,0,0,0,0,2,0,0,0,0,0,0,0,0,0,0,0,0,0,0,0,0,0,0,0,0,0,0,2,0,0,0,0,0,0,0,0,0,0,0,0,0,0,0,0,0,0,0,0,0,0,0,0,0,0,0,0,0,0,0,0,0,0,0,4,0,0,0,0,0,0,0,0,0,0,0,0,0,0,0,0,0,0,0,0,0,0,0,2,0,0,0,2,0,0,0,0,0,0,0,0,0,0,0,2,0,0,0,0,0,0,0,0,0,0,0,0,0,0,0,0,0,0,0,0,0,0,0,0,0,0,0,0,0,0,0,0,0,0,0,0,0,0,0,2,0,0,0,0,0,0,0,0,0,0,0,0,0,0,0,0,0,0,0,0,0,0,0,0,0,0,0,0,0,0,0,0,0,0,0,0,0,0,0,0,2,0,0,0,0,0,0,0,4,0,0,0,0,0,0,0,0,0,0,0,0
FRA,18,14,2,60,2,2,362,1562,562,0,6546,4076,244,14,9556,270,322,86,768,30,2,48,568,12,6,84,5122,6,26,6,18,56,9742,10742,1964,8102,240,464,104,78,4,1126,6,22,116,146,0,2,374,3272,21886,14,2,4040,22,2682,184,810,8,13852,642,98,3046,36,0,0,0,0,142,24598,478,106,0,100,54,4,2,3242,4,6,42,134,20,14,878,26,2020,328,2758,2008,832,72,324,2408,18134,24,82,5660,66,230,12,144,0,8,2216,50,112,1146,16,72,6,10,208,4,564,616,280,1766,178,46,226,2,1866,0,88,150,96,20,36,30,36,38,4,32,44,866,32,250,94,144,10,9594,2822,46,2,1204,114,562,68,344,172,0,16,4666,2,3192,18,6,526,2464,4734,28,1410,52,512,1284,4,10,16,2,0,948,0,0,16,858,1056,5762,12,36,68,0,26,86,940,4,0,0,2,30,3636,1880,0,1400,98,112,1240,196,31582,22,4,2,184,792,16,0,4,14,1912,50,62
FRO,0,0,0,0,0,0,0,0,0,0,0,0,0,0,0,0,0,0,0,0,0,0,0,0,0,0,0,0,0,0,0,0,2,0,0,0,0,0,0,0,0,0,0,0,0,0,0,0,0,0,0,0,0,2,0,0,0,0,0,0,0,0,0,0,0,0,0,0,0,2,0,0,0,0,0,0,0,0,0,0,0,0,0,0,0,0,0,0,0,0,0,0,2,0,0,0,0,0,0,0,0,0,0,0,0,0,0,0,0,0,0,0,0,0,0,0,0,0,0,0,0,0,0,0,0,0,0,0,0,0,0,0,0,0,0,0,0,0,0,0,0,0,2,0,0,0,0,0,0,0,0,0,0,0,0,0,0,0,0,0,0,0,0,0,0,0,0,0,0,0,0,0,0,0,0,0,0,0,0,0,0,0,0,0,0,0,0,0,0,0,0,0,0,0,0,0,0,0,0,0,0,0,0,0,0,0,0,0,0,0,0
FSM,0,0,0,0,0,0,4,0,0,0,8,0,0,0,0,0,0,0,0,0,0,0,0,0,0,0,0,0,0,0,0,0,0,2,0,0,0,0,0,0,2,0,0,0,0,0,0,0,0,0,0,0,0,0,0,0,0,0,0,0,0,0,0,4,0,0,0,0,0,2,0,0,0,0,0,0,0,0,0,0,0,0,0,0,0,0,2,0,0,0,0,0,0,0,2,0,0,4,0,0,0,0,0,0,0,0,0,0,0,0,0,0,0,0,0,0,0,0,0,0,0,0,0,2,0,0,0,0,0,0,0,0,0,0,0,4,0,2,0,0,0,0,0,0,0,0,0,0,0,0,2,0,2,0,0,0,0,0,0,0,0,0,0,0,0,0,2,0,0,0,0,0,0,0,0,0,0,0,0,0,0,0,0,0,0,0,0,0,2,0,0,0,0,0,0,0,0,0,12,0,0,0,0,0,0,0,0,0,0,0,0
GAB,0,0,0,0,0,0,0,2,0,0,14,24,2,0,44,20,26,2,2,0,0,0,0,0,0,4,10,0,4,0,0,8,10,34,0,12,18,44,22,12,0,4,0,0,0,0,0,0,0,6,134,0,0,22,0,0,2,4,0,44,0,14,0,2,0,142,0,0,0,68,0,32,0,0,12,4,4,0,0,0,2,0,0,0,0,0,2,12,14,0,2,0,0,0,20,0,0,14,0,32,0,8,0,0,2,0,4,0,2,0,0,0,2,0,0,4,0,6,0,0,8,0,2,0,0,14,0,6,0,0,22,0,0,0,6,6,0,0,8,14,0,62,0,2,0,2,2,2,4,6,4,0,2,2,0,10,0,0,0,0,2,10,4,4,18,4,0,0,0,0,0,0,0,0,0,0,0,10,0,0,0,0,0,4,16,0,0,0,0,2,0,2,0,2,24,12,0,2,70,0,0,0,4,2,2,0,0,0,18,8,0
GBR,64,16,0,60,2,0,792,1764,808,4,20472,6340,488,10,10610,86,226,500,1020,104,18,72,764,42,24,108,6570,78,90,6,102,28,16076,14190,2740,20070,122,224,118,72,4,1660,2,38,130,170,0,4,784,4264,33458,0,8,9272,30,228,242,1416,38,18626,1162,410,5456,72,4,24598,2,2,68,45140,798,528,0,68,318,24,6,5842,50,58,48,42,26,6,1190,14,3164,580,5368,6364,1574,444,666,3488,23890,80,374,8512,130,1146,24,166,0,34,3590,218,122,328,24,178,8,6,520,0,836,438,460,658,60,34,138,10,2016,0,104,154,336,60,46,92,96,0,10,84,430,2902,84,60,46,730,16,19852,6242,196,2,3826,258,1590,164,470,328,6,86,6142,6,5380,24,16,1054,2342,5452,130,2630,124,178,3182,20,114,8,0,12,1374,6,4,16,1336,1620,11974,26,34,84,4,12,20,1650,2,0,2,2,116,234,2996,2,2410,700,746,1140,220,62540,32,10,4,120,790,10,0,6,24,4584,242,222
GEO,8,0,0,10,0,0,28,252,418,0,268,448,250,0,202,8,4,12,214,12,0,8,414,6,0,0,422,2,4,0,4,0,274,484,246,444,8,8,6,0,0,414,0,0,0,0,0,0,174,412,586,0,0,260,0,2,0,186,0,490,184,10,200,8,0,478,0,0,0,798,0,6,0,0,6,0,0,420,0,0,6,0,0,0,192,2,416,14,294,178,186,8,10,262,532,6,12,272,10,14,10,0,0,0,200,0,2,18,0,6,2,0,168,0,170,2,18,234,0,14,0,0,204,0,4,2,2,2,4,2,2,0,0,0,0,394,2,6,2,14,0,264,254,2,0,184,50,184,2,10,18,0,8,466,0,426,4,4,172,260,492,8,122,4,0,38,0,0,0,0,0,422,0,0,0,252,246,270,6,0,8,0,0,0,174,4,0,0,0,0,18,434,0,410,8,8,222,8,694,20,0,0,2,14,0,0,4,2,262,6,0
GHA,6,0,4,0,0,0,4,12,0,0,132,18,4,0,64,40,84,28,8,6,0,0,0,4,0,12,34,6,2,0,6,2,126,202,10,180,46,66,22,16,0,18,0,0,6,2,0,0,6,10,256,0,0,108,0,0,4,28,0,62,6,52,38,8,0,106,0,0,32,528,6,0,0,12,48,4,0,12,0,0,2,2,2,0,0,0,4,36,74,20,12,8,6,10,44,16,10,84,0,112,0,10,0,0,34,0,8,8,6,8,2,0,12,0,0,8,0,10,0,0,14,0,22,0,0,56,2,16,0,0,32,0,0,0,56,40,10,4,22,136,2,146,30,6,0,20,10,22,12,20,26,0,12,6,0,14,0,2,12,8,18,24,20,16,42,14,2,12,0,0,2,10,0,0,0,8,4,126,0,8,4,0,2,18,38,0,0,0,0,2,10,12,0,8,84,68,8,16,656,0,0,0,0,26,4,0,0,4,260,34,12
GIB,0,0,0,0,0,0,0,0,0,0,2,0,0,0,0,0,0,0,0,0,0,0,0,0,0,0,0,0,0,0,0,0,0,0,0,0,0,0,0,0,0,0,0,0,0,0,0,0,0,0,2,0,0,0,0,0,0,0,0,2,0,0,0,0,0,0,0,0,0,0,0,0,0,0,0,0,0,0,0,0,0,0,0,0,0,0,0,0,0,0,0,0,0,0,2,0,0,0,0,0,0,0,0,0,0,0,0,0,0,0,0,0,0,0,0,0,0,0,0,0,0,0,0,0,0,0,0,0,0,0,0,0,0,0,0,0,0,0,0,0,0,0,0,0,0,0,0,0,0,0,0,0,0,0,0,0,0,0,0,0,0,0,0,0,0,0,0,0,0,0,0,0,0,0,0,0,0,0,0,0,0,0,0,0,0,0,0,0,0,0,0,0,0,0,0,0,0,0,0,0,0,0,0,0,0,0,0,0,2,0,0
GIN,0,0,0,0,0,0,2,0,0,0,14,0,0,0,44,12,24,0,0,0,0,0,0,0,0,0,6,0,0,0,0,4,10,40,0,14,24,16,10,6,0,0,0,0,0,0,0,0,0,0,20,0,0,0,0,2,0,0,0,18,2,8,0,0,0,100,0,0,0,68,0,12,0,0,8,0,0,2,0,0,0,0,0,0,0,0,4,2,2,0,0,0,0,0,10,2,0,2,0,2,0,0,0,0,0,0,0,0,2,0,0,0,0,0,0,4,0,2,0,0,0,0,0,0,0,4,0,2,0,0,6,4,0,0,2,0,0,0,2,10,0,6,10,0,0,2,0,2,0,4,6,0,2,0,0,6,0,0,0,0,0,4,0,2,34,0,2,12,0,0,0,0,0,0,0,0,2,12,0,0,0,0,0,8,0,0,0,0,0,0,0,0,0,0,2,4,0,0,66,0,0,0,0,0,4,0,0,0,16,2,0
GMB,6,0,0,0,0,0,4,8,0,0,50,12,2,0,116,18,40,18,6,6,0,0,0,6,0,4,12,4,0,0,6,2,16,56,6,12,16,16,12,12,0,12,0,0,2,4,0,2,6,0,40,0,2,26,0,0,2,8,0,38,6,24,8,6,0,54,0,0,12,318,6,48,0,8,0,10,0,6,2,0,0,0,0,0,0,0,0,16,28,4,8,6,6,8,24,4,6,30,0,52,0,10,0,0,10,0,4,6,2,4,2,0,6,2,2,4,0,8,0,0,12,0,10,0,0,46,0,6,0,2,26,0,0,0,14,6,0,4,10,34,0,54,12,0,0,26,6,10,2,16,6,0,6,2,0,16,0,0,6,4,8,14,10,8,36,6,0,6,0,0,0,6,0,0,0,6,0,26,2,0,6,0,0,2,16,0,0,0,0,2,6,10,0,16,36,24,6,8,132,0,0,2,2,22,0,0,0,2,40,22,0
