,ABW,AFG,AGO,AIA,ALB,AND,ANT,ARE,ARG,ARM,ATG,AUS,AUT,AZE,BDI,BEL,BEN,BES,BFA,BGD,BGR,BHR,BHS,BIH,BLM,BLR,BLZ,BMU,BOL,BRA,BRB,BRN,BTN,BWA,CAF,CAN,CHE,CHL,CHN,CIV,CMR,COD,COG,COK,COL,COM,CPV,CRI,CUB,CUW,CYM,CYP,CZE,DEU,DJI,DMA,DNK,DOM,DZA,ECU,EGY,ERI,ESP,EST,ETH,FIN,FJI,FLK,FRA,FRO,FSM,GAB,GBR,GEO,GHA,GIB,GIN,GMB,GNB,GNQ,GRC,GRD,GRL,GTM,GUF,GUY,HND,HRV,HTI,HUN,IDN,IND,IOT,IRL,IRN,IRQ,ISL,ISR,ITA,JAM,JOR,JPN,KAZ,KEN,KGZ,KHM,KIR,KNA,KOR,KWT,LAO,LBN,LBR,LBY,LCA,LIE,LKA,LSO,LTU,LUX,LVA,MAF,MAR,MCO,MDA,MDG,MDV,MEX,MHL,MKD,MLI,MLT,MMR,MNE,MNG,MOZ,MRT,MSR,MUS,MWI,MYS,NAM,NCL,NER,NGA,NIC,NLD,NOR,NPL,NRU,NZL,OMN,PAK,PAN,PER,PHL,PLW,PNG,POL,PRK,PRT,PRY,PSE,PYF,QAT,ROU,RUS,RWA,SAU,SDN,SEN,SGP,SHN,SJM,SLB,SLE,SLV,SMR,SOM,SRB,SSD,STP,SUR,SVK,SVN,SWE,SWZ,SXM,SYC,SYR,TCA,TCD,TGO,THA,TJK,TKM,TLS,TON,TTO,TUN,TUR,TUV,TWN,TZA,UGA,UKR,URY,USA,UZB,VAT,VCT,VEN,VGB,VNM,VUT,WSM,XKX,YEM,ZAF,ZMB,ZWE
ABW,0,0,0,0,0,0,0,0,0,0,0,4,0,0,0,6,0,0,0,2,0,0,0,0,0,0,0,0,0,6,0,0,0,0,0,6,2,0,0,0,0,0,0,0,2,0,0,0,0,4,0,0,0,2,0,0,0,0,0,0,0,0,0,0,0,0,0,0,2,0,0,0,0,0,0,0,0,0,0,0,0,0,0,0,0,0,0,0,0,0,0,2,0,0,0,0,0,0,0,0,0,4,0,0,0,0,0,6,0,0,0,0,0,0,0,0,0,0,0,0,0,0,0,0,0,0,0,0,0,0,0,0,0,0,0,0,0,0,0,0,0,0,0,0,0,0,8,0,0,0,0,0,0,0,0,0,0,0,0,0,0,0,0,0,0,0,0,0,0,0,0,0,0,0,0,0,0,0,0,0,0,0,0,0,0,2,0,0,0,0,0,0,0,4,0,0,0,0,0,0,0,0,0,0,0,0,0,28,0,0,0,0,0,0,0,0,0,0,0,0,0
AFG,0,0,2,0,4,0,0,2,2,6,0,8,6,2,4,6,2,0,2,20,4,2,0,0,0,2,0,0,2,6,0,0,0,2,4,16,18,4,26,2,2,12,0,0,4,0,0,2,2,0,0,0,4,20,0,0,2,2,2,2,24,0,4,2,8,8,0,0,6,0,0,2,42,2,4,0,2,0,0,0,0,0,0,2,0,0,2,2,4,4,14,42,0,2,58,4,0,2,12,2,14,40,6,6,2,2,0,0,2,0,2,8,0,2,0,0,2,0,2,0,2,0,10,0,0,2,2,6,0,2,4,0,4,0,2,4,2,0,2,4,26,0,0,2,26,2,10,8,10,0,4,4,44,2,6,12,0,2,4,0,4,2,2,0,4,2,2,2,12,10,4,4,0,0,0,0,2,0,6,2,0,0,0,4,2,4,0,0,0,0,0,2,2,8,4,0,2,0,0,6,18,0,2,2,4,2,2,86,2,0,0,4,0,6,0,0,0,6,10,6,4
AGO,0,2,0,0,2,0,0,0,2,2,0,10,6,2,4,6,6,0,6,2,4,0,0,0,0,2,0,0,2,34,0,0,0,4,2,8,14,12,6,10,10,10,2,0,2,0,2,2,2,0,0,0,2,22,0,0,4,2,2,6,4,0,18,2,8,10,0,0,8,0,0,4,36,2,6,0,0,2,2,0,4,0,0,2,0,0,2,2,2,4,2,2,0,2,6,2,0,2,10,2,2,4,2,10,2,2,0,0,4,0,2,2,0,2,0,0,2,2,4,2,2,0,2,0,2,4,0,8,0,2,4,0,2,0,2,10,2,0,0,6,2,12,0,2,12,2,8,8,2,0,2,0,2,2,2,2,0,2,6,0,106,2,0,0,0,4,6,6,2,2,6,2,0,0,0,0,2,0,0,6,2,0,0,4,2,10,2,0,0,0,0,2,4,2,0,0,2,0,0,4,4,0,4,6,8,4,2,38,2,0,0,2,0,4,0,0,0,2,26,10,4
AIA,0,0,0,0,0,0,0,12,12,0,0,16,2,6,0,12,10,0,0,12,6,10,0,0,2,0,0,0,0,12,0,4,0,10,0,22,12,4,12,0,8,0,0,0,12,0,0,6,0,0,2,10,6,12,0,4,10,0,4,0,12,0,14,6,12,12,2,0,8,0,10,0,38,4,14,0,0,0,0,0,6,0,0,0,0,0,0,10,0,6,12,14,0,10,12,12,6,10,12,0,10,12,6,12,12,0,0,0,12,12,0,6,0,6,0,0,10,0,0,4,0,0,0,0,0,0,0,12,0,0,0,0,0,0,0,6,0,0,0,0,12,0,0,0,14,0,14,12,12,0,12,6,12,10,12,12,0,0,12,0,12,2,10,0,12,12,12,12,12,6,0,12,0,0,0,0,0,0,0,12,0,0,0,0,4,10,0,0,0,0,0,0,0,10,0,0,0,0,0,6,4,0,12,6,4,12,0,26,4,0,0,0,0,12,0,0,0,12,12,8,2
ALB,0,4,2,0,0,0,0,4,12,22,0,18,34,4,4,32,4,0,2,4,68,0,0,42,0,18,0,0,2,18,2,2,0,8,2,26,50,6,62,4,6,2,0,0,16,0,2,2,2,0,0,24,48,74,0,0,36,2,12,16,34,0,80,28,6,26,0,0,100,0,0,2,124,32,8,0,0,2,0,0,106,0,0,4,0,0,4,72,4,42,6,38,0,24,12,14,8,28,322,2,12,32,10,14,6,8,0,0,6,0,2,10,0,8,0,0,4,0,32,6,24,0,24,0,8,4,0,12,0,82,2,16,4,60,2,4,2,0,0,4,14,2,0,2,6,4,66,40,4,0,12,0,44,4,6,4,0,2,70,0,44,4,4,0,6,86,38,2,20,4,4,6,0,0,0,0,2,4,0,86,0,0,0,48,68,36,4,0,0,2,0,4,4,2,6,4,2,0,0,20,108,0,22,6,6,20,2,102,2,0,0,10,0,14,0,0,68,2,12,6,6
AND,0,0,0,0,0,0,0,0,0,0,0,0,2,0,0,2,0,0,0,0,0,0,0,0,0,0,0,0,0,0,0,0,0,0,0,12,10,4,2,0,0,2,0,0,0,0,0,0,0,0,0,0,0,4,0,0,0,0,0,0,0,0,32,0,0,0,0,0,14,0,0,0,8,0,0,0,0,0,0,0,0,0,0,0,0,0,0,0,0,0,0,0,0,0,0,0,0,0,4,0,0,0,0,0,0,0,0,0,0,0,0,0,0,0,0,0,0,0,0,0,0,0,0,0,0,0,0,0,0,0,0,0,0,0,0,2,0,0,0,0,2,0,0,0,0,0,2,2,0,0,0,0,0,0,0,0,0,0,0,0,2,0,0,0,0,2,0,0,0,0,0,0,0,0,0,0,0,0,0,0,2,0,0,0,0,0,0,0,0,0,0,0,0,0,0,0,0,0,0,2,0,0,0,0,2,0,0,14,0,0,0,0,0,0,0,0,0,0,0,0,0
ANT,0,0,0,0,0,0,0,0,0,0,0,0,2,0,0,0,0,0,0,0,0,0,0,0,0,0,0,0,0,0,0,0,0,0,0,4,0,0,0,0,0,0,0,0,0,0,0,0,0,0,0,0,0,4,0,0,0,0,0,0,0,0,0,0,0,0,0,0,0,0,0,0,2,0,0,0,0,0,0,0,0,0,0,0,0,0,0,0,0,0,0,0,0,0,0,0,0,0,0,0,0,0,0,0,0,0,0,0,0,0,0,0,0,0,0,0,0,0,0,0,0,0,0,0,0,0,0,0,0,0,0,0,0,0,0,0,0,0,0,0,0,0,0,0,0,0,12,2,0,0,0,0,0,0,0,0,0,0,0,0,4,0,0,0,0,0,0,0,0,0,0,0,0,0,0,0,0,0,0,0,0,0,0,0,0,0,0,0,0,0,0,0,0,0,0,0,0,0,0,0,0,0,0,0,0,0,0,2,0,0,0,0,0,0,0,0,0,0,0,0,0
ARE,0,2,0,12,4,0,0,0,266,128,0,1000,306,172,0,236,16,0,4,146,156,136,2,22,2,164,4,0,4,490,2,26,2,20,0,1320,448,256,1562,0,28,4,0,2,324,0,0,20,6,0,0,60,246,926,0,0,344,6,224,28,1172,0,628,52,88,156,6,0,840,0,16,2,2304,202,66,0,2,0,0,0,544,0,2,2,0,4,4,54,2,212,102,1280,0,122,404,192,44,302,956,8,828,464,54,70,40,2,2,2,550,254,0,246,0,32,0,0,58,2,24,14,6,2,246,0,0,0,6,140,0,20,6,22,10,4,16,8,8,0,8,4,652,6,2,4,120,0,540,322,52,0,138,280,1050,34,52,98,2,10,368,0,364,22,202,0,326,280,482,22,1574,62,10,216,0,0,0,2,4,0,0,260,0,0,0,182,218,482,0,0,2,26,4,0,0,140,2,0,0,0,12,256,578,0,362,18,22,72,12,3098,52,2,2,10,0,244,0,6,4,40,474,14,22
ARG,0,2,2,12,12,0,0,266,0,128,0,1406,546,178,6,798,22,0,12,130,236,30,2,14,0,168,2,2,154,2868,18,12,0,34,2,1622,1058,1750,1102,14,40,10,4,0,1252,0,2,208,104,0,0,54,546,2490,0,2,636,72,58,396,180,2,3536,86,64,312,4,4,2190,0,18,2,2822,198,74,2,2,8,0,0,470,4,0,92,8,6,48,124,12,380,82,654,0,204,194,58,34,492,2054,12,74,920,32,132,44,6,0,0,310,68,4,126,0,14,4,0,64,0,92,36,30,0,220,10,4,4,0,1330,0,18,4,24,10,2,18,26,2,0,8,12,174,10,2,8,126,34,1080,478,70,0,322,34,150,136,524,124,0,6,680,0,706,148,170,0,70,384,566,38,210,16,18,252,2,0,2,4,28,0,0,264,0,0,2,272,312,772,0,0,2,14,0,2,2,186,0,0,2,0,10,76,534,0,322,30,40,106,642,5566,14,8,0,262,0,122,0,0,4,22,712,16,38
ARM,0,6,2,0,22,0,0,128,128,0,6,348,476,232,2,232,2,0,2,14,330,4,0,20,0,342,2,0,4,452,0,0,0,2,2,192,522,150,462,2,2,4,2,0,328,0,0,4,92,0,0,198,466,636,0,0,252,2,14,186,214,0,430,216,10,342,0,2,566,0,0,2,694,384,4,0,0,4,0,0,442,2,4,4,0,0,2,328,8,416,106,368,0,234,222,8,8,168,628,2,12,320,34,10,30,2,0,0,344,4,2,22,0,4,0,0,148,6,204,8,194,0,124,0,28,18,0,312,0,24,2,14,10,146,12,2,2,0,0,4,198,20,0,2,8,4,300,258,6,0,190,6,286,6,114,6,0,2,546,0,352,22,88,0,184,258,766,2,72,6,4,12,0,0,0,0,4,6,0,338,0,0,2,224,154,264,0,0,0,4,0,2,2,284,12,2,2,0,0,22,452,0,318,6,6,358,6,734,44,0,0,28,0,18,0,2,10,6,248,4,4
ATG,0,0,0,0,0,0,0,0,0,6,0,0,0,0,0,0,0,0,0,0,0,0,2,0,0,0,0,0,0,8,0,0,0,0,0,8,6,0,0,0,0,0,0,0,6,0,0,0,0,0,0,0,6,0,0,0,0,0,0,0,10,0,6,0,0,6,0,0,10,0,0,0,16,6,0,0,0,0,0,0,6,4,0,0,0,0,0,0,0,0,0,8,0,0,6,0,0,0,6,0,0,10,0,0,0,0,0,4,6,0,0,0,0,2,0,0,0,0,0,0,0,0,0,0,0,6,0,6,0,0,0,0,0,0,0,0,0,0,0,0,0,0,0,0,2,0,6,0,0,0,0,0,0,0,6,0,0,0,6,0,6,6,0,0,0,6,6,0,0,2,0,0,0,0,0,0,0,0,0,0,0,0,0,0,0,0,0,0,0,0,0,0,0,0,0,0,0,0,0,0,6,0,0,0,0,6,0,42,0,0,0,0,2,4,0,0,0,0,0,0,0
AUS,4,8,10,16,18,0,0,1000,1406,348,0,0,3068,228,10,4762,40,2,44,1636,618,54,10,44,2,404,12,10,60,4960,18,110,116,112,8,13030,6392,1952,34756,44,126,34,32,4,1150,0,8,126,60,0,4,360,1864,14410,0,4,4790,24,172,378,1040,6,8098,646,580,2582,294,18,10526,4,28,18,32074,448,496,2,26,78,16,0,1734,18,24,54,20,16,50,656,12,1228,1392,5992,2,2388,3596,658,324,2056,9108,24,400,7186,130,558,62,170,22,4,3966,224,96,260,6,44,2,14,800,2,422,196,272,0,340,98,20,52,22,1394,6,60,22,64,138,136,82,86,12,0,54,80,3188,84,146,18,580,14,9070,2978,402,12,6398,240,1820,134,328,676,22,250,2594,2,2180,54,200,0,792,802,2608,72,2476,88,84,4028,6,0,80,32,18,0,6,660,2,4,6,448,630,5788,16,0,30,28,4,6,8,1748,26,0,46,42,28,180,1708,2,2322,230,222,486,176,37558,56,4,2,104,0,2258,40,60,16,48,3680,104,114
AUT,0,6,6,2,34,2,2,306,546,476,0,3068,0,278,6,3134,10,0,38,50,728,8,6,110,0,390,2,2,16,1724,4,24,4,16,2,3296,5702,602,3386,10,32,16,6,0,566,0,2,48,136,2,0,400,2784,15606,0,0,2186,14,54,274,464,2,4756,510,118,1652,10,2,5790,0,2,22,9286,430,38,2,4,16,0,0,1776,2,10,12,12,0,8,1004,2,1772,196,1328,0,1050,870,44,154,1224,7214,8,202,2214,68,156,26,18,0,0,994,32,10,84,0,20,0,116,176,0,516,170,360,0,222,14,30,16,6,666,0,116,8,94,16,192,30,20,2,0,6,20,392,36,2,6,116,10,4630,1754,46,0,642,20,556,36,172,78,0,10,2420,4,1634,36,152,0,248,1044,2308,16,434,32,34,554,4,0,2,6,8,8,0,848,0,0,2,940,1168,3078,6,0,2,6,2,6,6,564,14,4,2,0,8,110,1382,0,720,28,42,658,54,10662,68,4,0,56,0,172,6,2,20,8,902,18,30
AZE,0,2,2,6,4,0,0,172,178,232,0,228,278,0,2,50,12,0,2,22,176,10,0,10,0,192,0,0,6,278,0,0,0,12,2,312,288,160,380,2,10,2,0,0,178,0,0,8,92,0,0,18,296,384,0,0,276,2,28,4,56,0,226,28,28,126,0,0,310,0,6,2,542,202,16,0,0,2,0,0,264,0,0,2,0,4,2,134,2,286,110,180,0,24,242,36,12,184,372,2,32,300,46,14,28,2,0,0,126,18,2,16,0,10,0,0,24,0,12,4,14,0,168,0,24,2,0,124,0,10,10,6,2,8,4,2,2,0,0,2,36,2,0,6,26,2,298,294,16,0,22,10,152,16,106,16,0,2,328,0,210,8,134,0,22,288,568,14,98,10,2,18,0,0,0,0,2,4,0,198,0,0,0,276,172,292,0,0,0,2,0,2,2,108,4,0,2,0,0,20,634,0,288,8,10,172,2,396,26,0,0,24,0,118,0,0,4,26,304,8,4
BDI,0,4,4,0,4,0,0,0,6,2,0,10,6,2,0,44,22,0,10,4,2,0,0,0,0,4,2,0,2,6,2,0,0,4,6,6,18,2,26,10,20,20,6,0,6,0,0,2,2,0,0,0,4,14,0,0,6,4,2,4,6,0,2,4,6,6,0,0,24,0,0,2,24,2,14,0,2,0,0,0,2,0,0,4,0,0,2,4,6,6,4,12,0,4,2,2,0,6,16,2,4,6,2,36,2,4,0,0,2,0,2,2,0,2,0,0,2,0,4,0,2,0,8,0,0,6,0,6,0,2,6,0,2,0,2,8,2,0,2,14,6,0,0,10,16,2,24,4,2,0,4,0,6,2,6,2,0,2,2,0,2,2,2,0,0,6,2,28,2,2,10,2,0,0,0,2,2,0,0,2,4,2,0,2,2,6,0,0,0,0,0,2,6,10,0,0,4,0,0,2,4,0,4,32,20,2,2,40,2,0,0,4,0,2,0,0,0,4,22,14,8
BEL,6,6,6,12,32,2,0,236,798,232,0,4762,3134,50,44,0,142,0,138,164,690,34,0,56,0,268,2,6,42,2278,4,14,2,34,18,4772,5870,724,4824,86,256,350,58,0,682,4,8,60,160,4,0,478,2068,11756,0,0,2972,20,230,354,684,6,7632,644,362,2010,10,2,12538,0,14,54,15258,298,140,4,38,34,0,0,2266,14,6,26,42,8,12,880,16,1346,198,1622,0,1744,904,88,198,1360,9886,10,106,2614,116,406,60,48,0,22,1408,122,16,278,8,26,2,2,244,0,552,484,364,0,310,66,38,26,0,900,0,120,42,126,16,158,14,82,10,0,26,40,542,18,12,28,276,2,11134,1930,86,0,890,72,504,90,244,150,2,24,2820,2,2380,24,36,0,342,1086,2006,108,672,24,100,664,2,0,2,6,14,6,10,746,14,0,18,406,764,3820,8,0,8,10,0,2,8,578,8,0,2,0,10,252,1482,0,754,196,248,512,74,14514,54,4,0,56,0,544,0,0,16,28,1402,58,46
BEN,0,2,6,10,4,0,0,16,22,2,0,40,10,12,22,142,0,0,72,26,8,12,0,2,0,4,2,0,8,52,4,6,8,20,10,86,70,10,70,66,98,22,22,0,34,6,2,18,4,0,0,12,10,116,0,0,22,8,18,6,30,0,42,12,40,24,0,0,304,0,12,18,188,14,98,0,14,4,2,0,8,0,0,4,0,0,2,20,10,10,40,68,0,18,24,20,10,18,50,4,24,32,14,94,22,4,0,0,30,20,2,14,6,8,0,0,16,0,6,6,6,0,18,0,0,8,0,30,0,4,36,6,4,0,8,34,16,0,10,22,32,16,0,44,106,2,56,24,28,0,26,4,26,18,20,24,0,4,24,0,34,6,12,0,18,28,22,30,32,12,46,22,0,0,2,6,2,0,0,22,0,2,0,8,8,34,6,0,10,0,0,2,42,22,0,0,12,0,8,16,12,0,26,38,58,16,4,184,6,0,0,6,0,32,0,0,0,18,110,20,10
BES,0,0,0,0,0,0,0,0,0,0,0,2,0,0,0,0,0,0,0,0,0,0,0,0,0,0,0,0,0,0,0,0,0,0,0,0,0,0,0,0,0,0,0,0,0,0,0,0,0,0,0,0,0,0,0,0,0,0,0,0,0,0,0,0,0,0,0,0,0,0,0,0,4,0,0,0,0,0,0,0,0,0,0,0,0,0,0,0,0,0,0,0,0,0,0,0,0,0,0,0,0,0,0,0,0,0,0,0,0,0,0,0,0,0,0,0,0,0,0,0,0,0,0,0,0,0,0,0,0,0,0,0,0,0,0,0,0,0,0,0,0,0,0,0,0,0,6,0,0,0,0,0,0,0,0,0,0,0,0,0,0,0,0,0,0,0,0,0,0,0,0,0,0,0,0,0,0,0,0,0,0,0,0,0,0,0,0,0,0,0,0,0,0,0,0,0,0,0,2,0,0,0,0,0,0,0,0,4,0,0,0,0,0,0,0,0,0,0,0,0,0
BFA,0,2,6,0,2,0,0,4,12,2,0,44,38,2,10,138,72,0,0,16,4,2,0,0,0,2,0,0,4,38,0,0,4,4,12,110,96,18,30,108,76,30,18,0,18,4,0,6,4,0,0,2,6,130,0,0,38,2,6,2,14,0,36,4,36,20,0,0,336,0,0,16,260,8,96,0,22,32,6,0,4,0,0,4,0,0,4,4,4,4,20,48,0,10,8,2,0,10,80,2,4,34,4,98,4,6,0,0,16,0,6,6,2,2,0,0,2,8,6,4,2,0,28,0,0,10,0,16,0,4,74,2,12,0,6,20,6,0,6,26,8,2,0,44,72,2,60,24,14,0,12,0,12,4,4,6,0,2,8,0,16,4,0,0,2,14,12,12,4,6,86,4,0,0,0,8,2,0,0,4,0,2,0,2,4,18,12,0,4,2,0,16,68,24,0,0,8,2,4,18,12,0,16,40,58,4,6,276,2,0,0,6,0,18,0,0,0,2,76,24,12
BGD,2,20,2,12,4,0,0,146,130,14,0,1636,50,22,4,164,26,0,16,0,22,26,2,2,2,16,0,0,16,178,6,26,14,24,2,574,186,88,1128,6,34,22,4,0,116,0,0,14,6,0,0,20,106,396,0,0,114,6,40,6,368,0,170,36,104,120,18,0,242,0,18,2,1358,22,82,0,4,28,6,0,66,2,0,22,0,10,6,44,16,28,214,976,0,78,196,88,24,54,248,6,84,1326,42,140,48,28,0,0,746,56,12,50,0,20,0,0,92,8,22,8,4,0,28,0,0,6,12,124,0,8,16,10,50,0,18,32,8,0,6,34,870,4,0,6,150,2,280,120,190,0,106,50,506,34,72,162,0,16,134,0,106,16,40,0,86,100,120,32,770,30,12,168,0,0,0,8,2,0,0,52,2,0,0,38,26,250,2,0,0,12,0,2,4,218,0,0,2,0,12,32,214,0,136,62,54,40,10,2154,6,0,0,12,0,296,0,2,0,28,262,38,48
BGR,0,4,4,6,68,0,0,156,236,330,0,618,728,176,2,690,8,0,4,22,0,12,8,84,0,372,0,0,4,608,2,8,0,16,2,426,804,216,648,8,22,6,0,0,406,0,2,18,8,0,0,268,740,1444,0,0,438,12,40,200,302,2,1088,310,10,492,0,2,1034,2,6,2,1468,404,20,0,2,2,2,0,778,2,2,6,0,0,6,512,2,730,38,430,0,392,296,42,50,346,1358,6,22,434,74,22,26,4,0,0,350,26,2,80,0,10,0,0,170,0,370,32,316,0,176,0,48,2,0,324,0,178,2,54,6,182,14,12,6,0,14,4,256,6,0,2,40,2,554,358,18,0,254,36,252,20,46,24,0,6,1116,2,660,10,140,0,228,518,958,8,148,10,8,52,0,0,2,0,6,8,0,670,0,0,0,400,386,444,2,0,2,4,0,4,12,300,12,4,2,0,0,66,680,0,390,14,20,422,12,1274,50,0,0,16,0,70,0,0,26,10,240,12,6
BHR,0,2,0,10,0,0,0,136,30,4,0,54,8,10,0,34,12,0,2,26,12,0,0,0,0,0,0,0,0,40,0,4,0,14,0,68,32,10,72,0,14,0,0,0,34,0,0,14,4,0,0,16,12,44,0,0,16,6,54,6,168,0,34,16,24,24,2,0,56,0,14,0,192,6,22,0,0,0,0,0,26,0,0,2,0,4,2,24,0,8,28,96,0,26,46,46,14,16,106,0,58,52,16,22,22,0,0,0,28,100,0,36,0,12,0,0,28,0,6,4,0,0,32,0,0,0,2,28,0,6,0,0,0,0,4,6,0,0,0,0,64,4,0,0,24,0,28,30,32,0,32,64,120,26,30,28,0,4,34,0,28,6,26,0,96,30,32,20,206,34,0,24,0,0,0,0,2,0,0,28,0,0,0,10,6,30,0,0,0,6,0,0,0,26,0,0,0,0,0,60,48,0,24,10,10,22,0,138,4,0,0,8,0,28,0,0,4,30,32,8,4
BHS,0,0,0,0,0,0,0,2,2,0,2,10,6,0,0,0,0,0,0,2,8,0,0,0,0,0,0,0,0,12,4,0,0,2,0,28,6,6,10,0,0,0,2,2,6,0,0,4,4,2,2,0,0,44,0,2,2,4,2,0,2,0,6,0,0,0,4,0,10,0,0,0,50,0,0,4,0,0,0,0,2,2,0,2,0,0,0,0,4,0,2,4,0,4,0,0,0,20,8,6,0,8,0,6,0,0,2,2,0,0,0,0,0,0,0,0,2,0,0,0,0,0,0,0,0,0,2,6,0,0,0,0,0,0,0,0,0,0,0,0,8,0,2,0,0,0,4,4,0,0,10,0,0,2,0,2,2,2,0,0,6,0,0,0,2,0,0,0,2,0,0,0,0,0,0,0,0,0,0,0,0,0,0,0,0,2,0,0,2,0,4,0,0,0,0,0,0,0,4,0,0,0,2,2,0,0,0,88,0,0,2,2,2,0,0,2,0,0,6,0,2
BIH,0,0,0,0,42,0,0,22,14,20,0,44,110,10,0,56,2,0,0,2,84,0,0,0,0,18,0,0,0,30,2,4,0,2,0,24,80,10,36,0,2,2,0,0,6,0,2,4,2,0,0,44,116,176,0,0,62,2,22,4,38,0,134,48,0,50,0,0,96,0,0,0,148,30,8,0,0,0,0,0,86,0,0,2,0,0,0,376,0,76,6,32,0,68,44,4,12,30,166,4,14,24,12,6,12,0,0,0,16,6,0,20,0,8,0,0,4,0,54,14,38,0,18,0,14,0,0,12,0,78,0,26,4,90,0,2,0,0,2,2,18,4,0,0,6,0,84,68,2,0,14,2,16,4,6,6,0,0,118,0,72,2,6,0,52,98,74,0,54,4,0,10,0,0,2,0,2,6,0,596,0,0,0,68,148,86,2,0,2,0,0,0,0,16,2,2,0,0,0,24,100,0,18,6,4,40,2,140,0,0,0,2,0,28,0,0,26,6,24,2,2
BLM,0,0,0,2,0,0,0,2,0,0,0,2,0,0,0,0,0,0,0,2,0,0,0,0,0,0,0,0,0,2,0,0,0,0,0,0,0,0,0,0,0,0,0,0,0,0,0,0,0,0,0,0,0,0,0,0,0,0,0,0,0,0,2,0,0,0,0,0,2,0,0,0,4,0,0,0,0,0,0,0,0,0,0,0,0,0,0,0,0,0,0,0,0,0,2,0,0,0,2,0,0,0,0,0,0,0,0,0,0,0,0,0,0,0,0,0,2,0,0,0,0,0,0,0,0,0,0,0,0,0,0,0,0,0,0,0,0,0,0,0,2,0,0,0,0,0,0,0,0,0,2,0,0,0,0,0,0,0,0,0,0,0,0,0,0,0,0,0,0,0,0,0,0,0,0,0,0,0,0,0,0,0,0,0,0,0,0,0,0,0,0,0,0,0,0,0,0,0,2,0,0,0,0,0,0,0,0,0,0,0,0,0,0,0,0,0,0,0,2,0,0
BLR,0,2,2,0,18,0,0,164,168,342,0,404,390,192,4,268,4,0,2,16,372,0,0,18,0,0,0,0,2,388,2,6,0,4,2,236,404,170,622,2,6,4,2,0,360,0,0,2,10,0,0,202,414,626,0,0,222,2,10,182,208,0,452,222,10,330,0,2,522,0,0,2,686,380,6,0,0,2,0,0,408,0,0,6,0,0,2,220,10,390,12,276,0,208,224,6,10,218,478,4,12,218,112,14,28,4,0,0,238,2,2,6,0,10,0,0,152,8,362,2,234,0,166,0,36,4,0,208,0,28,2,12,10,136,10,2,2,0,4,8,202,0,0,2,6,2,228,226,4,0,204,2,208,6,10,6,0,2,616,0,452,6,128,0,186,226,1580,2,126,2,2,22,0,0,0,0,2,0,0,372,0,0,0,204,192,262,2,0,0,0,0,2,2,192,4,0,2,0,0,16,430,0,360,4,2,360,2,576,44,0,0,2,0,44,0,0,2,2,204,4,6
BLZ,0,0,0,0,0,0,0,4,2,2,0,12,2,0,2,2,2,0,0,0,0,0,0,0,0,0,0,0,2,14,0,4,0,0,0,14,4,2,4,2,4,2,0,0,8,0,0,2,6,0,0,0,0,16,0,0,6,2,0,8,0,0,10,0,0,0,2,0,8,0,0,2,30,0,4,0,0,2,0,0,4,2,0,4,2,4,2,0,0,0,6,6,0,0,0,0,0,2,10,0,0,4,0,4,0,2,0,0,0,0,0,0,0,0,0,0,0,0,0,0,0,0,0,0,0,2,0,14,0,0,0,0,2,0,0,0,0,0,0,2,0,0,0,0,4,2,14,2,0,0,0,0,4,4,2,0,0,0,0,0,8,2,0,0,0,2,6,0,0,0,2,2,0,0,2,0,0,0,0,0,0,0,6,0,2,4,0,0,0,0,0,0,0,4,0,0,0,0,4,0,4,0,2,2,2,2,2,54,0,0,0,4,0,4,0,2,0,0,10,0,0
BMU,0,0,0,0,0,0,0,0,2,0,0,10,2,0,0,6,0,0,0,0,0,0,0,0,0,0,0,0,0,8,0,0,0,0,0,22,12,0,8,0,0,0,0,0,0,0,0,0,0,0,0,0,0,28,0,0,0,0,0,2,0,0,2,0,0,2,0,0,16,0,0,0,38,0,0,0,0,0,0,0,0,2,0,0,0,0,0,0,0,0,0,2,0,0,0,0,4,4,8,0,0,6,0,0,0,0,0,0,0,0,0,0,0,0,0,0,0,0,0,0,0,0,0,2,0,2,0,0,0,0,0,0,0,0,0,6,0,0,2,0,0,2,0,0,2,0,6,4,0,0,6,0,0,0,0,0,0,0,2,0,2,0,0,0,2,0,0,0,0,0,0,0,0,0,0,0,0,0,0,0,0,0,0,0,0,10,0,0,2,0,2,0,0,0,0,0,0,0,0,0,2,0,2,0,0,0,0,80,0,0,0,2,0,0,0,0,0,0,0,0,0
BOL,0,2,2,0,2,0,0,4,154,4,0,60,16,6,2,42,8,0,4,16,4,0,0,0,0,2,2,0,0,210,0,4,0,6,2,52,66,116,44,8,14,8,6,0,148,0,0,32,12,0,0,0,18,74,0,2,16,20,4,82,6,2,128,2,8,10,2,0,108,0,0,8,158,8,18,0,0,2,0,0,4,0,0,28,6,8,20,2,4,8,18,42,0,6,14,8,0,2,72,6,4,36,2,24,4,4,0,0,14,0,2,6,2,4,2,0,8,0,2,4,2,0,6,0,0,4,0,98,0,2,4,0,4,0,2,4,2,0,0,4,10,0,0,2,10,14,42,20,20,0,20,0,22,48,128,8,0,2,18,0,22,36,0,0,0,10,6,8,12,2,2,10,0,0,0,0,12,0,0,2,0,0,4,6,6,96,0,0,0,0,0,2,2,12,0,0,2,0,2,2,16,0,10,8,4,4,38,272,2,0,0,56,0,10,0,0,0,2,28,2,4
BRA,6,6,34,12,18,0,0,490,2868,452,8,4960,1724,278,6,2278,52,0,38,178,608,40,12,30,2,388,14,8,210,0,14,28,0,42,2,6186,3128,2550,3910,26,128,30,22,2,2854,0,12,338,416,0,0,278,1348,7406,0,2,1812,92,200,798,698,4,7188,356,134,1340,8,6,6796,4,20,12,10992,442,146,10,4,26,0,0,1198,12,4,128,44,18,126,534,30,932,336,2678,0,1076,1162,106,66,886,6298,34,160,2672,50,278,54,26,2,26,1272,110,14,174,8,34,8,6,254,2,342,108,242,0,324,58,18,44,2,2476,0,50,20,42,32,138,16,218,6,0,26,66,654,22,20,6,380,46,3390,1292,108,0,960,100,856,266,1260,336,4,28,1942,2,5694,240,186,0,328,796,1996,46,748,64,76,596,2,0,2,8,32,0,4,588,0,6,20,416,430,2508,2,2,6,14,2,4,8,784,0,0,4,2,22,224,1282,0,864,118,114,588,736,23082,56,36,2,374,0,406,0,8,18,26,1630,46,70
BRB,0,0,0,0,2,0,0,2,18,0,0,18,4,0,2,4,4,0,0,6,2,0,4,2,0,2,0,0,0,14,0,2,0,2,0,48,10,14,22,0,0,0,0,0,18,0,2,8,10,0,2,2,6,14,0,2,2,8,2,14,10,0,12,4,2,8,6,0,22,0,0,0,104,0,12,0,0,0,0,0,4,0,0,4,0,0,0,4,4,2,6,30,0,4,2,0,2,8,10,28,4,4,2,4,2,2,0,0,4,4,0,2,0,0,2,0,0,0,4,2,2,0,2,0,0,2,0,10,0,0,0,2,2,0,0,2,0,0,2,4,16,0,0,0,8,2,10,6,2,0,6,0,4,4,8,2,0,0,8,0,4,2,2,0,4,4,2,4,6,0,0,6,0,0,2,0,0,0,0,2,0,0,0,2,0,4,0,0,2,0,0,0,0,2,0,0,0,0,22,2,6,0,8,2,4,0,14,104,0,0,0,6,0,4,0,0,0,2,6,0,0
BRN,0,0,0,4,2,0,0,26,12,0,0,110,24,0,0,14,6,0,0,26,8,4,0,4,0,6,4,0,4,28,2,0,0,4,0,44,26,10,136,4,8,4,0,0,18,0,2,6,2,0,0,6,16,46,0,0,8,2,6,10,26,0,24,6,4,12,0,0,36,0,4,4,190,8,12,0,0,0,0,0,18,0,0,0,4,2,2,8,0,16,138,60,0,8,42,4,6,10,34,4,20,52,10,8,6,8,0,0,76,8,4,4,2,6,0,0,24,0,2,6,2,0,4,0,0,2,0,18,0,0,0,2,8,0,4,6,0,0,2,2,240,0,0,0,20,0,30,24,18,0,14,12,64,8,10,44,0,0,28,0,20,2,6,0,14,12,16,4,28,0,2,68,0,0,2,2,0,0,0,8,0,0,2,8,2,16,0,0,2,0,0,0,0,52,0,0,0,0,0,6,18,0,48,10,8,10,2,88,4,0,0,6,0,32,0,0,0,10,24,4,0
BTN,0,0,0,0,0,0,0,2,0,0,0,116,4,0,0,2,8,0,4,14,0,0,0,0,0,0,0,0,0,0,0,0,0,2,0,14,22,2,12,0,0,0,0,0,0,6,0,4,0,0,0,0,0,22,0,0,0,2,0,0,4,0,6,0,2,6,0,0,14,0,2,0,44,12,0,0,0,0,0,0,0,0,0,0,0,0,0,0,0,0,20,64,0,0,4,0,0,2,10,0,0,46,2,12,0,2,0,0,14,0,0,4,4,0,0,0,10,0,0,0,0,0,0,0,0,0,0,2,0,0,0,0,12,0,8,4,0,0,0,2,4,0,0,0,0,0,14,4,28,0,12,0,18,0,0,6,0,2,0,0,2,0,2,0,0,2,4,2,8,0,0,4,0,0,0,0,0,0,0,0,0,0,0,0,2,6,8,0,4,0,0,0,4,46,0,0,8,0,8,0,4,0,4,6,8,0,0,72,0,0,0,0,0,8,0,0,0,0,12,0,2
BWA,0,2,4,10,8,0,0,20,34,2,0,112,16,12,4,34,20,0,4,24,16,14,2,2,0,4,0,0,6,42,2,4,2,0,6,100,52,12,64,12,86,6,2,0,26,0,0,10,6,0,0,10,18,104,0,0,36,2,10,6,38,0,30,18,84,30,0,0,54,0,16,4,324,10,56,0,0,6,0,0,22,0,0,6,0,0,2,20,10,12,26,90,0,26,34,30,12,20,42,2,22,34,20,100,22,6,0,0,26,16,2,8,2,6,0,0,18,8,6,8,6,0,6,0,2,4,0,34,0,6,6,2,2,0,2,18,2,0,4,40,32,22,0,4,84,2,62,34,24,0,30,8,32,20,28,24,0,6,30,0,30,10,12,0,22,26,32,34,36,14,6,24,0,0,0,0,2,0,0,24,2,0,0,8,10,58,18,0,0,0,0,4,4,24,0,0,4,0,0,14,10,0,20,50,52,20,4,458,6,0,0,2,0,30,0,0,4,18,474,42,74
CAF,0,4,2,0,2,0,0,0,2,2,0,8,2,2,6,18,10,0,12,2,2,0,0,0,0,2,0,0,2,2,0,0,0,6,0,12,20,6,10,20,40,26,14,0,2,0,0,2,2,0,0,0,6,12,0,0,2,2,4,2,2,0,4,2,4,2,0,0,60,0,0,12,40,2,6,0,4,0,0,0,0,0,0,2,2,0,2,2,4,2,8,4,0,4,6,2,0,2,10,2,2,4,2,10,2,2,0,0,4,0,2,2,2,2,0,0,2,0,2,0,2,0,4,0,0,6,0,2,0,2,4,0,2,0,2,4,2,0,0,4,6,0,0,10,6,2,10,6,4,0,2,0,4,2,2,2,0,2,2,0,2,2,0,0,0,2,2,4,2,6,8,6,0,0,0,2,2,0,0,2,0,0,0,2,2,2,0,0,0,0,0,8,8,2,0,0,2,0,0,2,4,0,4,6,6,2,2,22,2,0,0,2,0,4,0,0,0,2,8,4,2
CAN,6,16,8,22,26,12,4,1320,1622,192,8,13030,3296,312,6,4772,86,0,110,574,426,68,28,24,0,236,14,22,52,6186,48,44,14,100,12,0,7492,1932,24546,92,192,90,36,2,1192,0,6,162,170,8,10,246,1934,15106,2,6,4164,46,304,260,1594,2,8360,366,330,2226,32,8,14262,6,20,34,24922,278,352,4,20,42,10,0,1696,52,82,70,20,22,42,462,28,1202,346,4304,0,2236,4452,186,268,2854,9974,70,468,6226,112,538,80,52,2,22,3498,280,22,534,14,60,4,10,214,6,222,286,100,0,604,48,36,78,4,2114,0,80,52,70,36,12,42,90,18,0,20,128,990,32,16,26,634,16,8212,3004,204,0,2220,260,1304,164,436,312,6,20,2828,4,2016,88,232,0,638,862,2758,132,2546,70,140,2008,2,2,8,24,14,0,12,492,10,2,6,434,592,5018,8,2,14,30,2,8,16,862,16,0,6,2,60,470,1792,0,2036,216,246,398,148,59796,30,4,2,104,0,774,20,6,10,74,2684,82,108
CHE,2,18,14,12,50,10,0,448,1058,522,6,6392,5702,288,18,5870,70,0,96,186,804,32,6,80,0,404,4,12,66,3128,10,26,22,52,20,7492,0,1216,6280,108,172,118,104,2,928,4,6,108,152,0,2,530,2534,23654,0,2,4102,24,172,312,716,6,8800,638,208,2562,8,0,14514,6,14,28,21242,518,258,4,36,48,6,4,2976,8,12,40,38,6,60,968,16,1658,388,2774,0,1816,1164,58,246,2016,14004,34,126,4176,84,544,78,78,2,6,1978,80,56,308,16,24,4,84,256,38,592,330,384,0,334,72,46,78,0,1026,0,120,52,140,78,182,54,102,8,0,16,152,554,36,8,36,308,6,9166,2850,154,0,1096,82,586,88,408,370,0,36,3498,0,2548,46,168,0,406,1324,2918,82,734,60,128,1364,2,0,6,22,10,8,10,992,6,2,10,672,924,5258,40,2,28,20,0,22,22,876,28,0,10,2,8,200,1854,0,1118,312,284,740,100,25654,58,4,0,88,0,386,2,0,24,28,1892,120,126
CHL,0,4,12,4,6,4,0,256,1750,150,0,1952,602,160,2,724,10,0,18,88,216,10,6,10,0,170,2,0,116,2550,14,10,2,12,6,1932,1216,0,1646,14,28,10,10,0,1372,0,2,230,156,0,0,24,514,3284,2,2,786,56,44,468,180,4,5090,58,34,402,4,10,2736,2,4,2,4582,176,44,4,4,4,2,0,482,6,4,70,0,6,50,102,12,384,66,918,0,296,352,28,44,562,2374,26,60,1140,30,62,20,6,0,24,452,24,4,72,0,14,2,2,36,0,80,44,38,0,222,16,4,4,0,1348,0,16,2,26,10,2,8,22,4,0,10,14,208,10,2,4,92,32,1324,498,42,0,368,46,190,110,520,100,0,4,708,0,872,142,148,0,48,310,640,10,220,8,30,172,2,2,2,4,34,0,0,286,0,0,4,236,230,872,0,0,4,8,0,4,4,136,10,0,2,2,8,62,512,0,462,30,28,126,306,7016,6,64,0,258,0,114,2,2,6,8,758,12,34
CHN,0,26,6,12,62,2,0,1562,1102,462,0,34756,3386,380,26,4824,70,0,30,1128,648,72,10,36,0,622,4,8,44,3910,22,136,12,64,10,24546,6280,1646,0,52,208,64,26,0,1108,2,4,96,214,2,0,426,2554,23214,0,0,5786,42,522,388,3984,18,7890,696,538,3816,54,2,14532,10,20,14,44202,512,750,0,20,10,0,4,2150,16,8,26,18,16,72,774,8,1610,1000,8926,0,2490,4688,676,188,2652,10528,12,396,20382,394,594,112,90,0,24,12556,212,74,340,10,54,2,0,536,10,592,272,290,0,418,36,28,34,6,1980,0,98,20,70,332,156,346,64,8,2,92,106,4000,36,16,16,1160,2,8928,3274,608,0,3680,264,11252,88,334,878,2,24,3800,110,2512,42,230,0,1172,1372,6560,128,6626,392,66,14872,0,0,4,68,12,0,12,874,12,0,2,678,746,8014,8,0,4,124,0,6,20,3070,82,0,4,2,18,348,3216,0,10936,316,136,1160,94,129480,244,10,0,106,0,3286,0,4,14,200,2920,106,100
CIV,0,2,10,0,4,0,0,0,14,2,0,44,10,2,10,86,66,0,108,6,8,0,0,0,0,2,2,0,8,26,0,4,0,12,20,92,108,14,52,0,104,48,22,0,14,0,0,2,2,0,0,0,12,154,0,0,16,2,10,8,12,0,42,4,36,10,2,0,444,0,0,28,200,4,66,0,30,12,6,0,0,0,0,8,8,2,2,10,4,16,10,48,0,10,10,6,2,8,72,2,2,36,6,90,2,8,0,0,6,0,2,4,6,2,0,0,6,10,2,8,4,0,22,0,2,18,0,14,0,4,40,2,2,0,8,32,10,0,46,18,10,12,0,38,76,2,36,10,6,0,14,2,6,6,14,18,0,2,4,0,6,2,0,0,2,4,12,20,6,8,112,8,0,0,0,4,2,0,0,6,2,0,2,4,4,28,10,0,6,0,0,8,50,16,0,0,2,0,0,12,42,0,6,48,46,2,2,266,2,0,0,4,0,50,0,0,2,2,74,20,24
CMR,0,2,10,8,6,0,0,28,40,2,0,126,32,10,20,256,98,0,76,34,22,14,0,2,0,6,4,0,14,128,0,8,0,86,40,192,172,28,208,104,0,96,70,0,64,0,0,14,2,0,0,14,52,418,0,0,36,6,38,10,76,0,98,20,70,44,4,0,662,0,12,60,552,10,130,0,30,16,6,2,22,0,0,8,4,2,2,18,6,22,50,178,0,24,90,32,10,26,240,6,24,82,20,170,22,8,0,0,54,16,6,24,8,6,0,0,22,10,6,10,4,0,36,0,2,20,0,84,0,4,38,0,8,2,2,46,12,0,12,40,54,14,4,32,204,2,110,46,30,0,28,10,100,24,26,42,0,4,42,0,50,10,14,0,28,76,54,50,82,30,114,30,0,0,0,10,6,0,0,36,4,2,2,10,8,88,18,0,2,2,0,38,40,20,6,0,4,0,6,40,90,0,50,70,112,18,2,608,8,0,0,10,0,66,0,0,2,16,366,50,50
COD,0,12,10,0,2,2,0,4,10,4,0,34,16,2,20,350,22,0,30,22,6,0,0,2,0,4,2,0,8,30,0,4,0,6,26,90,118,10,64,48,96,0,52,0,14,0,0,4,6,0,0,4,32,62,0,0,20,2,8,16,8,0,30,6,30,22,0,0,170,0,0,34,200,6,34,0,28,4,0,0,6,0,0,38,4,2,2,6,8,6,18,60,0,6,8,6,0,6,38,2,4,34,2,98,4,10,0,0,22,0,4,4,14,4,0,0,4,2,6,10,2,0,24,0,0,10,0,14,0,6,24,4,4,0,2,26,14,0,6,32,10,4,0,16,50,2,52,20,10,0,8,2,54,6,20,8,0,2,10,0,14,6,0,0,0,8,8,34,10,6,40,18,0,0,0,8,4,0,2,8,10,0,2,4,6,30,2,0,2,2,0,8,18,22,0,0,2,0,0,10,10,0,8,42,76,8,2,356,2,0,0,12,0,22,0,0,0,4,106,56,14
COG,0,0,2,0,0,0,0,0,4,2,0,32,6,0,6,58,22,0,18,4,0,0,2,0,0,2,0,0,6,22,0,0,0,2,14,36,104,10,26,22,70,52,0,0,4,0,0,0,0,0,0,0,4,76,6,0,32,0,6,4,20,0,8,0,18,2,0,0,108,0,0,18,152,0,24,0,18,6,2,0,0,0,0,4,0,0,0,0,2,0,18,30,0,0,4,0,4,0,38,0,2,20,0,42,0,0,2,0,2,0,0,0,4,0,0,0,0,0,0,0,0,0,10,0,0,4,0,6,0,0,10,2,0,0,2,16,14,0,0,6,8,2,2,12,30,0,26,4,0,0,8,6,2,2,4,12,0,2,2,0,12,0,0,0,0,0,4,8,6,4,38,8,0,0,0,10,0,0,0,0,2,0,0,0,0,8,0,0,0,0,0,2,12,8,0,0,0,0,0,2,0,0,0,22,34,0,4,206,0,0,0,0,0,8,2,0,0,2,52,24,18
COK,0,0,0,0,0,0,0,2,0,0,0,4,0,0,0,0,0,0,0,0,0,0,2,0,0,0,0,0,0,2,0,0,0,0,0,2,2,0,0,0,0,0,0,0,2,0,0,0,2,0,0,0,0,2,0,0,0,2,0,0,0,0,0,0,0,0,4,0,4,0,0,0,4,0,0,0,0,0,0,0,0,0,0,0,0,0,0,0,0,0,2,2,0,0,0,0,0,0,0,2,0,4,0,2,0,0,2,0,0,0,0,0,0,0,0,0,2,0,0,0,0,0,0,0,0,0,2,0,0,0,0,0,0,0,0,0,0,0,0,0,2,0,4,0,0,0,2,0,0,0,6,0,0,0,0,2,2,2,0,0,0,0,0,0,2,0,0,0,2,0,0,0,0,0,2,0,0,0,0,0,0,0,0,0,0,0,0,0,2,0,2,0,0,0,0,0,0,2,2,0,0,0,2,2,0,0,0,2,0,0,2,0,0,0,2,2,0,0,2,0,0
COL,2,4,2,12,16,0,0,324,1252,328,6,1150,566,178,6,682,34,0,18,116,406,34,6,6,0,360,8,0,148,2854,18,18,0,26,2,1192,928,1372,1108,14,64,14,4,2,0,0,2,254,120,0,0,216,580,1582,0,2,418,88,130,638,332,2,3274,240,72,424,2,2,1552,2,18,10,2482,388,86,0,2,6,2,0,518,14,2,96,16,12,156,252,12,466,114,836,0,424,472,62,38,332,1478,20,80,558,28,118,44,22,2,4,428,70,10,82,2,14,0,0,208,0,244,18,210,0,234,2,4,30,2,1920,0,28,8,14,12,132,10,18,8,0,4,14,354,6,4,2,152,52,910,384,100,0,372,38,370,224,652,242,2,22,796,0,758,124,162,0,244,428,712,26,306,16,30,166,0,0,2,0,36,0,0,402,0,0,8,206,232,576,0,0,4,2,2,4,6,314,0,0,2,2,10,68,610,0,456,58,50,354,220,4644,32,0,2,410,0,254,2,4,16,22,500,22,36
COM,0,0,0,0,0,0,0,0,0,0,0,0,0,0,0,4,6,0,4,0,0,0,0,0,0,0,0,0,0,0,0,0,6,0,0,0,4,0,2,0,0,0,0,0,0,0,0,4,0,0,0,0,0,6,0,0,0,0,0,0,0,0,0,0,0,0,0,0,14,0,0,0,8,6,0,0,0,0,0,0,0,0,0,0,0,0,0,0,0,0,2,6,0,0,0,0,0,0,0,0,0,0,2,6,0,0,0,0,0,0,0,4,4,0,0,0,0,0,0,0,0,0,0,0,0,6,0,0,0,0,0,0,0,0,6,0,0,0,2,0,0,0,0,0,0,0,0,0,6,0,4,0,0,0,0,0,0,0,0,0,4,0,0,0,0,2,0,0,0,0,2,0,0,0,0,0,0,0,0,0,0,0,0,0,0,4,4,0,4,0,0,0,4,0,0,0,6,0,6,0,0,0,0,6,6,0,0,10,0,0,0,0,0,0,0,0,0,0,10,0,0
CPV,0,0,2,0,2,0,0,0,2,0,0,8,2,0,0,8,2,0,0,0,2,0,0,2,0,0,0,0,0,12,2,2,0,0,0,6,6,2,4,0,0,0,0,0,2,0,0,2,2,0,0,2,4,22,0,0,6,2,2,2,2,0,18,2,2,2,0,0,20,0,0,0,50,0,8,0,0,0,0,0,2,0,0,0,0,0,0,2,0,10,2,2,0,4,2,0,2,2,4,2,2,2,2,6,2,0,0,0,2,2,0,0,0,0,0,0,0,0,2,2,4,0,4,2,0,2,0,6,0,0,0,2,2,0,0,2,0,0,2,2,2,0,2,0,2,0,2,10,2,0,2,0,0,4,4,4,0,0,6,0,70,0,2,0,2,2,2,2,2,4,14,2,0,0,2,0,0,0,0,2,0,0,0,2,0,2,0,0,2,0,0,0,0,2,0,0,0,0,0,2,2,0,2,4,2,0,2,24,0,0,0,4,0,4,0,0,0,2,6,4,0
CRI,0,2,2,6,2,0,0,20,208,4,0,126,48,8,2,60,18,0,6,14,18,14,4,4,0,2,2,0,32,338,8,6,4,10,2,162,108,230,96,2,14,4,0,0,254,4,2,0,30,0,0,12,28,236,0,2,70,42,8,130,30,0,354,14,16,46,0,0,222,0,8,2,334,12,22,0,0,0,0,0,28,0,0,52,2,2,48,18,4,20,26,68,0,30,42,12,14,48,142,10,20,56,12,26,12,4,0,0,36,14,4,24,4,6,0,0,24,0,12,12,8,0,16,0,0,2,0,346,0,10,4,6,6,0,10,12,2,0,2,6,38,2,2,2,16,40,148,36,20,0,42,6,22,130,162,26,0,8,38,0,84,50,12,0,14,32,44,16,28,8,12,28,0,0,2,0,28,0,0,22,0,0,2,10,16,90,2,0,6,4,0,2,4,36,0,0,6,0,4,18,68,0,26,24,22,14,72,874,6,0,0,76,0,30,0,0,4,14,50,12,4
CUB,0,2,2,0,2,0,0,6,104,92,0,60,136,92,2,160,4,0,4,6,8,4,4,2,0,10,6,0,12,416,10,2,0,6,2,170,152,156,214,2,2,6,0,2,120,0,2,30,0,2,0,2,114,266,0,2,104,62,4,134,22,2,382,6,2,106,2,0,242,0,0,2,220,4,8,0,0,0,2,0,112,2,0,14,2,0,16,100,4,100,102,140,0,16,22,6,2,16,224,22,10,150,4,16,4,2,2,0,114,4,2,6,0,2,2,0,12,0,12,4,4,0,6,8,0,2,2,484,0,4,2,2,4,0,4,6,2,0,6,4,36,0,4,2,4,12,160,118,6,0,18,0,122,22,160,20,2,6,126,0,48,12,4,0,6,104,166,2,18,4,4,18,0,0,2,0,10,0,0,6,0,0,2,102,6,142,0,0,4,0,4,2,2,108,2,0,2,0,6,6,116,0,16,6,6,102,40,442,4,0,2,66,0,14,0,2,2,4,126,6,4
CUW,4,0,0,0,0,0,0,0,0,0,0,0,2,0,0,4,0,0,0,0,0,0,2,0,0,0,0,0,0,0,0,0,0,0,0,8,0,0,2,0,0,0,0,0,0,0,0,0,2,0,0,0,0,8,0,0,0,2,0,0,0,0,4,0,0,0,0,0,2,0,0,0,12,0,0,0,0,0,0,0,0,0,0,2,0,0,0,0,0,0,0,4,0,0,0,0,0,0,8,0,2,4,0,0,0,0,0,0,0,0,0,0,0,0,0,0,0,0,0,0,0,0,0,0,0,0,0,2,0,0,0,0,0,0,0,0,0,0,0,0,0,0,0,0,0,0,38,0,0,0,0,0,0,0,0,0,0,0,0,0,4,0,0,0,2,0,0,0,0,0,0,0,0,0,0,0,0,0,0,0,0,0,0,0,0,4,0,0,0,0,2,0,0,0,0,0,0,0,0,0,0,0,0,0,0,2,0,28,0,0,0,4,0,0,0,0,0,0,0,0,0
CYM,0,0,0,2,0,0,0,0,0,0,0,4,0,0,0,0,0,0,0,0,0,0,2,0,0,0,0,0,0,0,2,0,0,0,0,10,2,0,0,0,0,0,0,0,0,0,0,0,0,0,0,0,0,0,0,4,0,0,0,0,0,0,2,0,0,0,2,0,6,0,0,0,16,0,0,0,0,0,0,0,0,0,0,0,0,0,0,0,2,0,0,0,0,0,0,0,0,2,0,2,0,0,0,0,0,0,0,2,0,0,0,0,0,0,0,0,0,0,0,0,0,0,0,0,0,0,0,2,0,0,0,0,0,0,0,0,0,0,0,0,2,0,0,0,0,0,2,0,0,0,2,0,2,0,0,0,0,0,0,0,0,0,0,0,2,0,0,0,2,2,0,0,0,0,0,0,0,0,0,0,0,0,0,0,0,0,0,0,0,0,0,0,0,0,0,0,0,0,2,0,0,0,2,0,0,0,0,38,0,0,0,0,0,0,0,0,0,0,0,0,0
CYP,0,0,0,10,24,0,0,60,54,198,0,360,400,18,0,478,12,0,2,20,268,16,0,44,0,202,0,0,0,278,2,6,0,10,0,246,530,24,426,0,14,4,0,0,216,0,2,12,2,0,0,0,320,914,0,0,202,2,42,184,274,0,736,290,16,366,0,2,638,2,10,2,1596,214,20,2,0,0,0,0,1754,0,0,0,0,0,0,334,0,348,22,296,0,326,294,24,42,202,990,2,46,110,40,18,26,0,0,0,268,36,0,50,0,18,0,0,160,0,286,38,228,0,22,0,12,0,0,240,0,48,2,58,2,158,0,8,0,0,2,2,228,2,0,0,52,0,356,222,16,0,224,20,250,12,16,38,0,0,494,0,476,8,22,0,270,168,374,12,176,4,0,56,2,0,2,0,0,6,0,316,0,0,0,80,136,298,2,0,2,8,0,2,0,218,6,2,0,0,0,34,716,0,242,8,6,230,2,1032,30,0,0,6,0,26,0,0,6,20,104,6,2
CZE,0,4,2,6,48,0,0,246,546,466,6,1864,2784,296,4,2068,10,0,6,106,740,12,0,116,0,414,0,0,18,1348,6,16,0,18,6,1934,2534,514,2554,12,52,32,4,0,580,0,4,28,114,0,0,320,0,6246,0,0,1248,10,84,230,502,4,3490,502,70,1364,2,2,4312,2,8,4,5776,434,50,0,4,2,0,0,1442,2,4,10,14,6,4,848,2,1506,188,1414,0,728,910,78,122,880,4510,12,140,1784,110,60,34,6,0,4,1036,66,2,104,2,14,0,4,176,0,540,94,390,2,210,8,46,22,0,638,0,124,4,80,8,166,28,16,2,0,10,12,544,10,2,6,70,6,2480,1218,50,0,446,50,526,42,170,68,2,28,3706,4,1392,28,144,0,258,1002,2652,16,416,10,20,300,0,0,2,2,6,8,4,824,0,0,2,2920,790,2050,0,0,4,12,0,4,4,440,6,4,2,0,4,86,1354,0,872,22,24,864,52,6200,68,0,0,54,0,258,0,4,28,22,734,12,8
DEU,2,20,22,12,74,4,4,926,2490,636,0,14410,15606,384,14,11756,116,0,130,396,1444,44,44,176,0,626,16,28,74,7406,14,46,22,104,12,15106,23654,3284,23214,154,418,62,76,2,1582,6,22,236,266,8,0,914,6246,0,0,4,9464,26,408,514,2588,6,20244,1194,510,5806,30,6,27642,10,24,106,45204,712,454,8,46,42,6,0,5314,50,36,64,14,16,64,1886,6,3970,876,6012,0,3718,3184,244,506,5018,26456,18,544,11488,304,700,108,34,0,14,5094,194,38,472,14,42,0,62,360,2,1138,876,698,0,598,112,206,122,8,2404,4,270,62,232,72,216,214,90,12,0,58,104,1076,146,40,30,570,12,21948,6372,214,0,2476,210,1660,286,564,472,2,34,9108,10,5448,64,252,0,680,2784,10558,108,2088,142,124,2542,6,4,12,24,12,6,8,1664,0,0,14,1480,1764,12628,36,0,24,46,0,10,30,1350,56,4,10,0,36,518,3748,0,2608,328,284,1902,200,60398,164,32,0,150,0,1276,4,4,34,58,3692,100,104
DJI,0,0,0,0,0,0,0,0,0,0,0,0,0,0,0,0,0,0,0,0,0,0,0,0,0,0,0,0,0,0,0,0,0,0,0,2,0,2,0,0,0,0,6,0,0,0,0,0,0,0,0,0,0,0,0,0,0,0,4,0,12,0,4,0,2,0,0,0,24,0,0,0,0,0,0,0,0,0,0,0,0,0,0,0,0,0,0,0,0,0,0,2,0,0,0,0,0,0,8,0,2,0,0,0,0,2,0,0,0,2,0,0,0,0,0,0,0,0,0,0,0,0,0,0,0,0,0,0,0,0,0,0,0,0,0,0,0,0,0,0,0,0,0,0,0,0,0,0,0,0,0,2,2,0,0,0,0,0,0,0,0,0,0,0,2,0,0,0,8,0,4,0,0,0,0,0,0,0,0,0,0,0,0,0,0,0,0,0,0,0,0,0,0,0,0,0,0,0,0,2,2,0,0,0,0,0,0,4,0,0,0,0,0,2,0,0,0,12,0,0,0
DMA,0,0,0,4,0,0,0,0,2,0,0,4,0,0,0,0,0,0,0,0,0,0,2,0,0,0,0,0,2,2,2,0,0,0,0,6,2,2,0,0,0,0,0,0,2,0,0,2,2,0,4,0,0,4,0,0,0,0,0,4,2,0,6,0,0,0,2,0,2,0,0,0,2,0,0,0,0,0,0,0,0,2,0,2,0,0,2,0,2,2,0,2,0,0,0,0,0,0,0,2,0,0,0,0,0,0,0,0,0,0,0,0,0,0,2,0,0,0,0,0,0,0,0,0,0,0,0,2,0,0,0,0,0,0,0,0,0,0,0,0,0,0,0,0,2,0,2,0,0,0,0,0,0,2,2,0,0,0,0,0,0,2,0,0,0,0,0,0,0,0,0,0,0,0,0,0,0,0,0,0,0,0,0,0,0,0,0,0,0,0,2,0,0,0,0,0,0,0,6,0,0,0,0,0,0,0,2,38,0,0,2,2,0,0,0,0,0,0,0,0,0
DNK,0,2,4,10,36,0,0,344,636,252,0,4790,2186,276,6,2972,22,0,38,114,438,16,2,62,0,222,6,0,16,1812,2,8,0,36,2,4164,4102,786,5786,16,36,20,32,0,418,0,6,70,104,0,0,202,1248,9464,0,0,0,12,64,96,254,2,5006,520,106,2502,2,2,5520,36,14,10,13120,244,184,2,6,20,70,0,1518,2,180,12,10,4,2,526,6,986,230,1190,0,1254,1176,50,504,1174,5798,6,64,2000,68,154,46,16,0,18,1140,64,16,102,2,20,0,2,66,0,392,196,238,0,256,14,42,16,0,612,0,106,14,112,12,32,42,32,4,0,12,20,388,22,10,18,94,8,5804,4154,80,0,708,74,354,50,202,90,0,8,1960,0,1738,14,150,0,178,718,1390,32,424,20,32,766,2,2,2,2,4,8,0,562,2,0,0,474,672,6800,2,0,8,12,2,4,6,374,14,4,2,0,22,78,1106,0,566,128,66,274,68,13500,14,2,0,52,0,248,0,0,12,20,1006,30,28
DOM,0,2,2,0,2,0,0,6,72,2,0,24,14,2,4,20,8,0,2,6,12,6,4,2,0,2,2,0,20,92,8,2,2,2,2,46,24,56,42,2,6,2,0,2,88,0,2,42,62,2,0,2,10,26,0,0,12,0,6,52,12,2,150,4,2,8,2,0,58,0,0,2,80,2,6,0,0,0,0,0,6,0,0,44,0,2,34,10,18,8,8,32,0,4,12,2,2,14,46,18,10,20,4,10,4,4,2,2,12,6,2,8,0,2,0,0,12,0,8,2,4,0,8,2,0,2,2,112,0,6,2,2,4,0,8,4,2,0,4,4,14,2,2,2,4,22,36,16,8,0,12,0,14,50,52,20,2,10,16,0,14,20,8,0,12,12,16,4,16,6,2,10,0,0,2,0,26,0,0,12,0,0,0,12,4,10,0,0,4,0,4,2,2,16,0,0,2,0,6,8,20,0,10,12,10,4,42,276,2,0,2,52,0,16,0,2,4,4,10,4,4
DZA,0,2,2,4,12,0,0,224,58,14,0,172,54,28,2,230,18,0,6,40,40,54,2,22,0,10,0,0,4,200,2,6,0,10,4,304,172,44,522,10,38,8,6,0,130,0,2,8,4,0,0,42,84,408,4,0,64,6,0,10,282,2,734,32,38,88,0,2,2760,2,2,6,564,36,38,0,2,2,2,0,78,0,2,2,0,4,50,62,2,44,34,226,0,134,210,102,12,44,590,12,164,94,12,30,30,2,0,2,100,68,2,94,0,28,0,0,18,0,26,12,16,0,258,0,4,10,0,60,0,26,12,26,4,20,6,8,18,0,16,6,150,8,0,10,66,2,176,100,26,0,34,34,174,16,24,120,0,2,226,0,212,8,38,0,100,204,244,14,894,30,36,32,0,0,2,2,4,4,0,58,0,0,0,48,34,90,0,0,2,18,0,6,6,22,0,0,2,0,0,444,436,0,62,14,18,134,10,470,4,0,0,4,0,300,0,0,8,18,148,6,4
ECU,0,2,6,0,16,0,0,28,396,186,0,378,274,4,4,354,6,0,2,6,200,6,0,4,0,182,8,2,82,798,14,10,0,6,2,260,312,468,388,8,10,16,4,0,638,0,2,130,134,0,0,184,230,514,0,4,96,52,10,0,204,0,1938,188,8,238,0,0,488,0,0,10,646,190,20,0,0,4,2,0,220,8,0,36,10,6,32,202,6,202,34,272,0,212,236,28,6,50,464,10,14,76,8,28,4,8,0,0,230,10,2,24,2,6,2,0,164,0,196,10,186,0,18,4,2,4,0,574,0,10,4,8,10,132,6,10,2,0,2,6,222,0,0,2,20,30,192,76,14,0,232,8,218,82,314,18,0,8,240,0,318,70,12,0,188,68,252,10,100,6,6,28,0,0,2,0,28,0,4,202,0,0,8,28,18,124,0,0,4,0,2,4,4,210,2,0,2,0,6,16,236,0,204,14,20,202,126,1488,28,0,0,386,0,46,2,2,6,4,74,6,8
EGY,0,24,4,12,34,0,0,1172,180,214,10,1040,464,56,6,684,30,0,14,368,302,168,2,38,0,208,0,0,6,698,10,26,4,38,2,1594,716,180,3984,12,76,8,20,0,332,0,2,30,22,0,0,274,502,2588,12,2,254,12,282,204,0,0,1302,256,112,532,0,0,1332,4,18,2,2966,246,110,0,2,6,0,0,562,4,0,8,2,4,16,288,4,550,178,2036,0,420,776,328,26,150,1514,8,576,2074,80,120,54,6,0,4,1126,450,2,370,0,200,2,0,216,0,258,34,224,2,314,4,10,6,4,602,0,42,8,30,28,158,28,30,12,0,20,28,834,6,0,2,378,2,520,204,86,0,342,372,1468,38,74,122,0,6,704,0,470,26,110,0,618,374,1112,40,14008,270,14,168,0,0,2,6,6,4,12,332,0,0,0,164,104,492,6,2,2,76,0,2,8,436,10,0,2,0,2,484,1200,0,660,52,60,276,18,5704,58,0,4,22,2,472,0,0,24,462,560,38,26
ERI,0,0,0,0,0,0,0,0,2,0,0,6,2,0,0,6,0,0,0,0,2,0,0,0,0,0,0,0,2,4,0,0,0,0,0,2,6,4,18,0,0,0,0,0,2,0,0,0,2,0,0,0,4,6,0,0,2,2,2,0,0,0,4,2,6,2,0,0,8,0,0,0,16,0,0,0,0,0,0,0,0,0,0,0,0,0,0,6,0,6,0,18,0,0,4,0,0,0,6,0,0,0,0,0,0,0,0,0,2,0,0,0,0,0,0,0,0,0,0,2,0,0,0,0,0,0,0,2,0,0,0,0,0,0,0,0,0,0,0,0,0,2,0,0,0,0,4,6,0,0,2,0,6,0,0,0,0,0,2,0,8,0,0,0,0,0,10,0,6,6,0,0,0,0,0,0,0,0,0,0,0,0,0,4,0,8,0,0,0,0,0,0,0,10,0,0,0,0,0,0,0,0,0,2,0,2,0,16,2,0,0,0,0,4,0,0,0,2,6,0,0
ESP,0,4,18,14,80,32,0,628,3536,430,6,8098,4756,226,2,7632,42,0,36,170,1088,34,6,134,2,452,10,2,128,7188,12,24,6,30,4,8360,8800,5090,7890,42,98,30,8,0,3274,0,18,354,382,4,2,736,3490,20244,4,6,5006,150,734,1938,1302,4,0,858,174,3364,30,12,18710,6,22,32,27386,540,128,10,12,30,2,2,4192,20,18,88,34,12,114,1340,10,2146,246,3244,0,2950,2202,158,358,2836,22154,18,218,5018,132,208,78,20,0,6,2844,174,12,374,6,48,0,6,240,0,916,340,484,0,912,116,72,46,12,4892,2,242,30,224,22,186,30,212,18,0,34,30,824,52,32,10,274,56,10266,3656,96,0,1262,112,840,212,818,260,0,20,5474,2,8604,234,208,0,534,2044,3850,44,1418,46,92,1154,4,2,4,14,38,10,2,1310,2,2,10,860,1388,6454,10,0,12,26,2,6,6,666,8,4,2,2,12,822,2850,0,1546,120,94,930,508,29412,84,26,0,360,0,576,0,2,38,40,1790,30,38
EST,0,2,2,6,28,0,0,52,86,216,0,646,510,28,4,644,12,0,4,36,310,16,0,48,0,222,0,0,2,356,4,6,0,18,2,366,638,58,696,4,20,6,0,0,240,0,2,14,6,0,0,290,502,1194,0,0,520,4,32,188,256,2,858,0,32,1028,0,2,848,2,10,4,1486,224,32,0,2,2,0,0,454,0,4,6,2,4,2,356,6,426,46,446,0,350,328,28,128,148,896,6,34,212,62,42,36,4,0,0,300,26,2,32,0,6,0,0,180,0,432,30,468,0,26,0,30,4,0,282,0,64,2,58,4,154,2,10,2,0,10,12,242,6,2,2,44,2,610,534,24,0,298,16,286,30,38,28,0,4,660,0,470,6,18,0,208,190,644,16,144,6,4,84,0,0,2,0,2,8,0,322,0,0,0,136,180,898,2,0,2,2,0,2,2,218,6,4,2,0,2,44,376,0,250,14,22,336,4,1078,34,0,0,4,0,80,0,0,12,14,104,12,8
ETH,0,8,8,12,6,0,0,88,64,10,0,580,118,28,6,362,40,0,36,104,10,24,0,0,0,10,0,0,8,134,2,4,2,84,4,330,208,34,538,36,70,30,18,0,72,0,2,16,2,0,0,16,70,510,2,0,106,2,38,8,112,6,174,32,0,86,0,0,238,0,18,6,914,16,120,0,2,16,2,0,34,0,0,6,2,4,6,46,16,34,82,736,0,54,194,70,16,42,240,8,76,156,24,356,50,14,0,0,196,40,6,18,2,16,2,0,48,12,6,22,4,0,32,0,2,14,4,98,0,10,24,4,24,0,10,68,8,0,6,70,112,20,0,6,240,2,348,312,74,0,70,18,138,32,58,60,0,4,84,0,84,14,18,0,46,68,82,94,160,40,44,74,0,0,0,10,2,0,2,48,8,0,0,30,10,226,16,0,4,32,0,4,8,66,0,0,2,0,4,38,78,0,76,176,176,32,6,1324,8,0,0,10,0,148,0,0,2,22,464,82,78
FIN,0,8,10,12,26,0,0,156,312,342,6,2582,1652,126,6,2010,24,0,20,120,492,24,0,50,0,330,0,2,10,1340,8,12,6,30,2,2226,2562,402,3816,10,44,22,2,0,424,0,2,46,106,0,0,366,1364,5806,0,0,2502,8,88,238,532,2,3364,1028,86,0,2,2,3654,4,16,4,7468,258,114,2,2,8,0,0,1266,2,14,12,6,8,2,660,4,976,226,1202,0,936,926,56,354,682,3848,8,100,1606,66,138,64,10,0,0,1018,74,6,82,2,42,0,16,244,0,658,126,450,0,90,6,34,22,6,668,0,94,6,72,22,152,12,24,6,0,14,22,378,44,0,8,106,2,3120,2420,66,0,650,38,560,52,214,82,0,10,1850,0,1342,44,30,0,334,662,2220,28,404,24,22,504,0,0,2,6,6,4,4,476,2,0,2,358,416,5388,2,0,4,8,0,4,4,426,4,2,2,0,2,52,930,0,464,62,50,532,32,7114,48,2,0,52,0,194,0,0,10,22,708,16,14
FJI,0,0,0,2,0,0,0,6,4,0,0,294,10,0,0,10,0,0,0,18,0,2,4,0,0,0,2,0,2,8,6,0,0,0,0,32,8,4,54,2,4,0,0,4,2,0,0,0,2,0,2,0,2,30,0,2,2,2,0,0,0,0,30,0,0,2,0,0,86,0,4,0,80,0,2,0,0,2,0,0,2,0,0,4,0,0,0,0,0,6,6,88,0,6,10,0,0,0,44,2,0,56,0,10,0,0,8,0,26,0,0,0,0,0,0,0,6,2,0,0,0,0,2,2,0,2,6,10,6,0,0,0,2,0,0,0,0,0,2,0,6,0,36,2,18,0,18,6,2,0,70,0,6,2,2,8,2,16,2,0,10,2,0,0,2,0,8,0,16,12,0,8,0,0,28,0,2,0,0,0,0,0,0,0,0,14,0,0,4,0,2,0,0,12,0,0,4,24,4,0,2,4,6,14,8,0,0,140,0,0,2,0,0,6,18,14,0,0,24,2,6
FLK,0,0,0,0,0,0,0,0,4,2,0,18,2,0,0,2,0,0,0,0,2,0,0,0,0,2,0,0,0,6,0,0,0,0,0,8,0,10,2,0,0,0,0,0,2,0,0,0,0,0,0,2,2,6,0,0,2,0,2,0,0,0,12,2,0,2,0,0,16,2,0,0,68,0,2,2,2,0,2,0,4,0,2,0,0,0,0,0,0,0,0,2,0,2,0,0,4,2,6,0,0,2,0,0,0,0,0,0,2,0,0,0,0,0,0,0,0,0,0,0,0,0,2,2,2,0,0,4,0,0,0,0,0,0,0,0,2,0,0,0,0,2,0,0,0,0,2,6,0,0,8,0,0,0,2,0,0,0,2,0,8,0,0,0,0,2,6,0,2,0,2,0,4,0,0,0,0,0,0,2,0,0,0,0,0,4,0,0,0,0,0,0,0,0,0,0,0,0,0,0,0,0,2,0,0,2,0,26,0,0,0,0,0,0,0,0,0,0,12,0,0
FRA,2,6,8,8,100,14,0,840,2190,566,10,10526,5790,310,24,12538,304,0,336,242,1034,56,10,96,2,522,8,16,108,6796,22,36,14,54,60,14262,14514,2736,14532,444,662,170,108,4,1552,14,20,222,242,2,6,638,4312,27642,24,2,5520,58,2760,488,1332,8,18710,848,238,3654,86,16,0,18,12,172,32794,548,192,6,68,34,6,0,4342,14,22,56,202,14,74,1378,34,2328,580,4384,0,3118,1810,144,412,3322,23918,16,238,8684,208,406,58,200,2,12,3460,180,84,1948,10,68,6,8,242,10,812,682,516,0,2344,324,80,312,14,2622,4,164,180,190,80,204,56,122,50,2,92,86,912,82,270,110,328,18,12714,4198,96,0,1786,156,1054,160,568,336,6,44,5894,10,4732,82,198,0,606,2506,6536,80,2028,84,632,1760,4,0,10,18,22,8,0,1196,10,4,18,910,1478,7532,14,0,46,54,2,46,100,1284,20,0,4,2,20,3214,2770,0,1794,166,242,1228,232,39786,84,18,2,186,2,1550,20,10,30,30,2670,110,132
