,ABW,AFG,AGO,AIA,ALB,AND,ANT,ARE,ARG,ARM,ATG,AUS,AUT,AZE,BDI,BEL,BEN,BES,BFA,BGD,BGR,BHR,BHS,BIH,BLM,BLR,BLZ,BMU,BOL,BRA,BRB,BRN,BTN,BWA,CAF,CAN,CHE,CHL,CHN,CIV,CMR,COD,COG,COK,COL,COM,CPV,CRI,CUB,CUW,CYM,CYP,CZE,DEU,DJI,DMA,DNK,DOM,DZA,ECU,EGY,ERI,ESP,EST,ETH,FIN,FJI,FLK,FRA,FRO,FSM,GAB,GBR,GEO,GHA,GIB,GIN,GMB,GNB,GNQ,GRC,GRD,GRL,GTM,GUF,GUY,HND,HRV,HTI,HUN,IDN,IND,IRL,IRN,IRQ,ISL,ISR,ITA,JAM,JOR,JPN,KAZ,KEN,KGZ,KHM,KIR,KNA,KOR,KWT,LAO,LBN,LBR,LBY,LCA,LIE,LKA,LSO,LTU,LUX,LVA,MAF,MAR,MCO,MDA,MDG,MDV,MEX,MHL,MKD,MLI,MLT,MMR,MNE,MNG,MOZ,MRT,MSR,MUS,MWI,MYS,NAM,NCL,NER,NGA,NIC,NLD,NOR,NPL,NZL,OMN,PAK,PAN,PER,PHL,PLW,PNG,POL,PRK,PRT,PRY,PSE,PYF,QAT,ROU,RUS,RWA,SAU,SDN,SEN,SGP,SHN,SJM,SLB,SLE,SLV,SMR,SOM,SRB,SSD,STP,SUR,SVK,SVN,SWE,SWZ,SXM,SYC,SYR,TCA,TCD,TGO,THA,TJK,TKM,TLS,TON,TTO,TUN,TUR,TUV,TWN,TZA,UGA,UKR,URY,USA,UZB,VAT,VCT,VEN,VGB,VNM,VUT,WSM,XKX,YEM,ZAF,ZMB,ZWE
ABW,0,0,0,0,0,0,0,0,4,0,0,10,0,0,0,4,0,4,0,0,0,0,0,0,0,0,0,0,2,4,0,0,0,0,0,4,0,4,0,0,0,0,0,0,12,0,0,4,2,2,0,0,0,0,0,0,0,4,0,4,0,0,0,2,0,0,0,0,2,0,0,0,4,0,0,0,0,0,0,0,0,0,0,2,0,0,4,0,0,0,0,4,0,0,0,0,0,0,0,0,0,0,0,0,0,0,0,0,0,0,0,0,0,0,0,0,0,0,0,0,0,0,0,0,0,2,2,0,0,0,0,0,0,0,0,0,0,0,0,0,0,0,0,0,4,24,0,0,0,0,4,4,2,0,0,2,0,0,0,4,0,0,0,0,2,0,0,0,0,0,0,0,0,0,2,0,0,0,0,0,0,0,2,0,0,2,0,0,0,0,0,0,0,0,0,0,0,0,0,0,0,0,0,0,0,22,0,0,0,6,0,0,0,0,0,0,0,0,0
AFG,0,0,2,0,0,0,0,18,2,0,0,26,6,2,2,6,0,0,0,54,16,2,0,2,0,2,0,0,2,46,0,2,6,0,0,14,20,2,86,0,2,2,0,0,6,0,0,0,0,0,0,8,2,22,0,0,8,2,2,2,44,0,12,0,14,2,2,0,12,0,0,2,86,0,8,0,0,4,0,0,12,0,0,0,0,0,0,0,2,2,4,102,4,90,22,0,4,14,0,14,56,4,8,10,0,0,0,6,2,0,20,2,4,0,0,10,0,2,2,0,0,22,0,0,2,2,4,0,2,2,0,4,0,0,2,0,0,0,4,58,2,0,0,42,0,12,4,22,2,4,188,0,2,38,0,2,6,0,6,0,6,0,4,2,14,12,42,22,0,2,0,0,0,6,0,0,4,2,0,0,0,4,0,8,0,2,0,2,0,0,0,22,10,0,0,0,0,10,34,0,0,4,2,2,2,98,4,0,0,2,0,2,0,0,0,6,14,4,6
AGO,0,2,0,0,2,0,0,2,6,2,0,10,6,0,6,12,8,0,4,4,6,0,0,4,0,4,0,0,2,64,2,4,0,6,2,10,14,16,14,4,4,12,4,0,8,0,4,2,4,0,0,2,12,34,0,0,8,4,12,6,10,0,34,4,10,14,0,0,10,0,0,6,62,2,10,0,2,4,0,0,2,0,0,2,0,0,0,4,2,6,6,8,4,4,2,2,6,20,2,4,4,2,16,2,0,0,0,4,2,0,2,0,6,0,0,2,4,6,2,4,0,6,0,0,4,0,16,0,4,6,2,2,0,0,20,2,0,4,10,4,20,0,4,10,0,8,10,2,6,0,6,2,6,4,0,2,8,2,136,0,4,0,4,6,6,6,8,6,4,6,0,0,2,6,0,0,0,6,0,2,0,4,4,12,8,0,4,2,0,2,4,4,0,0,0,0,0,6,6,0,2,16,12,4,4,70,2,0,0,2,0,4,0,0,0,2,38,18,14
AIA,0,0,0,0,0,0,0,10,4,0,2,10,0,4,0,2,2,0,0,10,0,6,0,0,2,0,0,0,0,10,2,0,0,6,0,14,8,4,10,0,10,2,0,0,8,0,0,4,0,0,2,0,10,10,0,6,6,0,0,0,10,0,10,4,10,6,0,0,8,0,4,0,30,0,12,0,0,2,0,0,6,0,0,0,0,8,0,10,0,2,10,10,8,10,10,4,6,10,0,6,10,4,10,4,2,0,2,10,4,0,2,0,2,0,0,10,0,0,0,0,0,8,0,0,0,0,14,0,0,0,0,0,0,0,2,0,0,0,0,10,0,0,0,10,0,12,10,10,8,4,10,10,10,8,0,0,10,0,10,0,4,0,10,10,10,4,10,2,0,6,0,0,0,0,0,0,0,10,0,0,0,0,0,10,0,0,0,0,0,0,0,4,0,0,0,0,2,4,8,0,10,8,8,8,0,22,4,0,6,0,0,10,0,0,0,6,10,0,0
ALB,0,0,2,0,0,0,0,22,24,24,0,30,94,14,2,68,8,0,2,22,140,6,0,88,0,42,0,0,0,46,4,2,0,10,2,40,86,20,64,4,10,2,0,0,22,0,2,2,4,0,0,48,106,130,0,0,68,10,22,16,40,0,148,68,18,68,2,0,132,0,0,6,256,54,14,2,0,0,0,0,168,0,0,10,0,0,0,136,2,96,10,52,60,38,42,16,52,388,4,18,32,26,18,20,2,0,0,26,12,0,16,0,16,0,0,10,0,94,12,42,0,36,0,14,4,0,18,0,106,2,36,2,56,2,4,2,0,2,8,46,8,2,8,44,0,114,72,6,16,18,72,12,14,20,0,0,136,0,110,8,14,0,12,178,82,4,68,14,8,20,0,0,2,0,4,14,0,144,0,0,0,64,106,94,6,0,2,4,0,2,2,12,16,16,0,2,2,48,170,0,30,4,10,50,10,110,6,0,0,4,0,18,0,2,74,10,48,10,6
AND,0,0,0,0,0,0,0,0,2,0,0,2,2,0,0,0,0,0,0,0,0,0,0,0,0,0,0,0,0,2,0,0,0,0,0,6,8,2,0,0,0,0,0,0,4,0,0,0,0,0,0,0,2,8,0,0,0,0,0,2,0,0,44,0,0,0,0,0,20,0,0,0,12,0,0,0,0,0,0,0,0,0,0,0,0,0,0,0,0,2,0,0,4,2,0,0,0,6,0,0,0,0,0,0,0,0,0,0,0,0,0,0,0,0,0,0,0,0,0,0,0,0,0,0,0,0,0,0,0,0,0,0,0,0,0,0,0,0,0,0,0,0,0,0,0,4,0,0,2,0,0,0,0,0,0,0,0,0,2,0,0,0,0,2,0,0,0,0,0,0,0,0,0,0,0,0,0,0,0,0,0,0,0,2,0,0,0,0,0,0,0,0,0,0,0,0,0,0,4,0,0,0,0,0,0,8,0,0,0,2,0,0,0,0,0,0,0,0,0
ANT,0,0,0,0,0,0,0,0,0,0,0,0,0,0,0,2,0,0,0,0,0,0,0,0,0,0,0,0,0,0,0,0,0,0,0,0,0,0,2,0,0,0,0,0,0,0,0,0,0,2,0,0,0,0,0,0,0,0,0,0,0,0,0,0,0,0,0,0,0,0,0,0,4,0,0,0,0,0,0,0,0,0,0,0,0,0,0,0,0,0,0,4,0,0,0,0,0,0,0,0,0,0,0,0,0,0,0,0,0,0,0,0,0,0,0,0,0,0,0,0,0,0,0,0,0,0,0,0,0,0,0,0,0,0,0,0,0,0,0,0,0,0,0,0,0,10,0,2,0,0,2,0,0,0,0,0,0,0,0,0,0,0,0,0,0,0,0,0,0,0,0,0,0,0,0,0,0,0,0,0,0,0,0,0,0,0,0,0,0,0,0,0,0,0,0,0,0,0,0,0,0,0,0,0,0,12,0,0,0,2,0,0,0,0,0,0,0,0,0
ARE,0,18,2,10,22,0,0,0,212,64,2,1336,370,88,4,282,12,0,10,206,80,158,0,30,0,84,0,0,2,552,10,34,2,28,2,1386,454,240,2184,10,42,4,4,0,240,0,4,28,12,0,0,74,242,1098,4,0,322,16,296,44,1848,0,710,58,124,220,8,0,1026,0,14,4,3002,110,86,0,4,12,2,0,534,6,0,18,0,16,2,94,4,212,200,2094,224,512,270,52,270,1138,10,1114,532,106,72,24,14,2,0,740,270,0,312,0,78,0,2,64,4,42,48,38,0,262,2,4,4,4,208,0,30,4,30,14,6,16,22,2,0,14,10,1160,12,2,2,196,0,600,326,70,156,316,1516,44,80,146,0,4,336,2,374,18,138,0,400,266,580,16,2344,88,12,320,2,0,4,2,4,0,2,212,0,0,0,116,158,472,2,0,4,26,2,2,2,192,2,2,0,2,2,334,752,0,356,24,62,74,26,3514,42,0,2,16,0,220,0,2,12,86,570,12,50
ARG,4,2,6,4,24,2,0,212,0,80,0,1530,650,168,4,826,8,0,4,100,254,12,2,18,0,172,4,2,140,3188,14,8,0,22,4,1766,1188,2126,1174,18,34,10,12,2,1398,0,6,244,124,2,0,56,620,2708,2,0,706,152,48,474,232,0,3762,80,68,330,8,6,2228,0,6,8,3020,192,64,0,10,10,0,0,482,4,0,172,4,8,66,150,8,458,110,712,334,244,44,44,534,2238,6,46,1006,36,126,26,8,0,2,344,62,4,98,2,18,0,0,36,0,92,36,58,0,268,6,8,10,2,1506,0,38,4,34,8,8,8,48,0,0,14,12,190,18,2,8,138,40,1250,478,42,356,62,168,156,668,192,0,6,774,2,766,198,118,0,84,408,664,18,236,30,18,276,0,0,4,6,54,0,0,326,2,0,0,274,314,880,4,0,8,8,0,0,2,122,6,2,0,2,4,88,638,0,338,28,64,104,764,5638,16,20,0,294,0,82,2,2,10,18,698,10,36
ARM,0,0,2,0,24,0,0,64,80,0,0,268,376,148,2,218,2,0,2,18,218,0,0,10,0,252,0,0,0,354,6,0,0,6,2,128,378,126,396,6,2,2,0,0,222,0,0,0,68,0,0,166,370,554,0,0,204,2,4,150,194,0,322,178,18,284,0,0,510,0,0,2,602,272,12,2,0,0,0,0,352,0,0,2,0,0,0,280,4,312,94,312,210,186,8,2,102,508,0,12,210,30,10,32,2,0,0,300,88,0,12,0,8,0,0,124,2,172,10,178,0,64,0,44,12,2,256,0,16,2,10,4,126,14,4,2,0,0,4,174,22,0,4,20,0,204,206,20,162,6,260,4,82,22,0,0,416,0,272,6,8,0,148,178,644,2,82,10,2,30,0,0,0,6,2,6,0,238,0,0,0,160,102,214,2,0,0,4,0,2,2,266,24,8,0,0,2,12,338,0,224,8,10,286,6,642,92,0,0,8,0,18,0,2,2,4,166,2,4
ATG,0,0,0,2,0,0,0,2,0,0,0,0,0,0,0,0,0,0,0,0,0,0,0,0,2,0,2,0,0,0,2,0,0,0,0,2,2,2,0,0,0,0,0,0,0,0,0,0,0,0,2,0,0,0,0,2,0,0,0,0,6,0,6,0,0,2,2,0,2,0,0,0,4,0,0,0,0,0,0,0,0,2,0,0,0,0,0,0,0,0,0,2,0,0,0,0,0,0,0,0,0,0,0,0,0,0,4,2,0,0,0,0,0,0,0,0,0,0,0,2,0,0,0,0,0,0,0,0,0,0,0,0,0,0,0,0,0,0,0,0,0,0,0,0,0,4,0,0,0,0,0,0,0,0,0,0,0,0,0,0,0,0,0,0,0,0,0,0,0,0,0,0,0,0,0,0,0,0,0,0,0,0,0,0,0,0,0,0,0,0,0,0,0,0,0,0,4,0,0,0,0,0,0,0,0,28,0,0,4,0,0,0,0,0,0,0,0,0,0
AUS,10,26,10,10,30,2,0,1336,1530,268,0,0,3290,192,18,5014,80,0,46,2508,614,62,20,56,0,346,14,18,52,5490,36,100,96,116,4,14118,6960,2106,37006,52,160,42,36,2,1182,4,10,152,52,14,8,440,2022,14952,8,2,5050,26,180,380,1504,6,8692,600,640,2576,310,30,10740,6,22,38,34890,412,668,4,30,104,8,0,1928,44,32,52,14,30,12,646,14,1298,1462,7716,2844,4072,650,284,2170,9482,36,442,7198,184,690,50,128,8,20,4328,358,94,246,10,94,0,18,972,2,412,232,274,0,426,104,32,72,12,1608,6,110,48,110,144,112,76,110,8,2,50,126,3780,84,110,22,772,10,9480,3176,550,6460,286,2250,174,438,786,24,264,3124,4,2288,40,182,0,906,876,2816,70,3552,130,58,4236,6,0,102,16,10,0,2,774,6,2,2,422,718,6214,16,4,58,46,0,2,12,2010,22,2,42,30,40,232,1922,2,2666,270,330,536,238,39256,102,6,4,84,2,2158,58,80,28,70,3916,82,102
AUT,0,6,6,0,94,2,0,370,650,376,0,3290,0,252,8,3362,16,0,34,82,694,4,2,138,0,402,6,0,18,1844,16,22,2,22,4,3430,6326,692,3648,20,60,26,10,0,594,0,8,72,118,4,2,386,3118,16964,0,0,2564,20,80,242,544,0,5258,530,120,1742,6,2,6120,0,0,44,10138,442,88,0,4,8,0,0,1912,12,6,28,14,6,8,1106,4,1840,250,1490,1208,1000,48,176,1282,7764,20,336,2510,86,152,38,0,0,8,1082,134,4,96,4,40,0,158,164,0,552,218,372,0,266,12,44,22,0,704,2,180,4,100,16,184,40,36,2,0,20,20,398,50,2,8,154,4,5142,1966,62,674,68,524,56,176,160,0,10,2826,2,1778,30,118,0,266,1098,2594,20,600,56,30,674,2,2,4,8,2,14,0,994,4,0,4,918,1428,3448,10,2,4,14,0,2,6,554,20,16,0,2,10,130,1466,0,828,32,78,550,92,11404,100,4,2,40,0,156,2,4,38,12,962,20,34
AZE,0,2,0,4,14,0,0,88,168,148,0,192,252,0,0,34,2,0,0,24,148,4,0,4,0,184,0,0,0,264,6,4,0,6,0,346,272,166,410,0,4,0,0,0,174,0,0,2,68,0,0,14,278,356,0,0,268,2,4,2,58,0,228,20,28,90,0,0,278,0,4,0,504,194,14,0,0,6,0,0,254,0,0,4,0,10,0,108,0,266,96,180,28,218,56,4,168,432,0,28,258,44,8,22,0,0,0,118,14,0,8,0,6,0,0,16,0,12,0,8,0,166,0,18,4,0,92,0,12,2,4,0,4,10,2,0,0,0,0,40,0,0,10,24,0,274,260,12,16,16,156,14,88,60,0,0,316,0,220,0,100,0,20,260,490,2,108,8,0,20,0,0,0,0,0,2,0,198,0,0,0,244,166,258,0,0,0,2,0,0,0,80,12,4,0,0,0,18,582,0,366,6,10,140,4,376,24,0,0,6,0,50,0,2,2,18,272,2,0
BDI,0,2,6,0,2,0,0,4,4,2,0,18,8,0,0,50,18,0,20,2,2,0,0,2,0,4,0,0,2,8,0,2,0,6,10,10,18,2,40,6,32,12,10,0,2,0,0,0,0,0,0,0,8,22,2,0,8,2,6,4,10,0,8,2,18,6,0,0,34,0,0,12,58,2,16,0,4,6,0,0,0,0,0,0,0,0,0,2,0,6,4,6,2,2,4,0,4,12,0,2,6,0,44,0,2,0,0,4,0,0,0,6,8,0,0,6,0,4,0,2,0,10,0,0,10,0,12,0,4,10,0,0,0,0,6,4,0,4,10,6,4,0,8,16,0,20,4,0,6,0,4,0,4,4,0,2,4,0,2,0,2,0,2,6,4,22,2,12,8,4,0,0,0,12,0,0,4,4,2,0,0,2,2,10,4,0,2,2,0,6,4,22,0,0,0,0,0,6,8,0,0,42,40,2,2,58,2,0,0,0,0,0,0,0,0,0,22,12,12
BEL,4,6,12,2,68,0,2,282,826,218,0,5014,3362,34,50,0,210,0,154,182,690,16,2,88,0,220,2,2,52,2446,12,22,4,26,24,4890,6336,856,5524,86,286,388,72,0,636,4,4,76,152,2,0,450,2146,12854,0,0,3476,30,220,362,764,2,8390,664,434,1886,26,10,13160,0,4,48,16530,286,150,0,70,52,2,6,2496,8,10,28,26,10,10,820,10,1394,222,1830,1916,1054,80,184,1432,10774,6,104,2770,134,382,38,32,0,30,1558,202,14,252,12,42,0,6,190,4,586,620,360,0,398,82,48,62,0,902,0,156,44,142,26,150,26,106,4,0,20,60,516,36,6,40,346,14,12256,2262,80,882,82,502,84,272,158,0,20,3068,8,2510,52,48,0,344,1046,2070,96,822,42,80,696,0,2,12,30,6,4,2,776,16,0,14,462,822,4360,8,0,12,12,0,8,16,500,18,6,0,4,18,252,1622,0,776,212,354,454,102,15142,96,2,0,54,2,526,0,2,20,26,1472,46,42
BEN,0,0,8,2,8,0,0,12,8,2,0,80,16,2,18,210,0,0,108,18,8,4,6,4,0,2,0,0,0,42,4,4,8,12,10,98,66,8,76,100,142,46,36,0,12,0,4,12,6,0,0,6,20,156,0,0,42,6,20,8,32,0,34,14,70,20,2,0,276,0,0,38,236,8,142,0,14,20,8,0,16,0,0,12,2,2,0,12,4,12,20,56,16,18,2,12,12,38,14,8,30,8,80,8,2,0,0,24,4,2,8,14,8,0,0,6,0,8,4,8,0,24,0,2,18,0,14,0,6,64,4,4,2,10,42,6,0,12,42,28,18,0,58,156,0,82,36,12,18,2,56,8,14,16,0,0,18,2,30,2,6,0,16,16,24,50,36,16,78,8,0,0,4,18,2,0,2,18,2,0,0,6,6,46,6,0,14,0,0,8,62,18,2,2,8,2,14,46,50,0,52,60,68,6,6,236,0,0,0,6,0,22,2,0,0,4,178,16,22
BES,4,0,0,0,0,0,0,0,0,0,0,0,0,0,0,0,0,0,0,0,0,0,0,0,0,0,0,0,0,0,0,0,0,0,0,0,0,0,0,0,0,0,0,0,0,0,0,0,0,2,0,0,0,0,0,0,2,0,0,0,0,0,0,0,0,0,0,0,0,0,0,0,2,0,0,0,0,0,0,0,0,0,0,0,0,0,0,0,0,0,0,0,0,0,0,0,0,0,0,0,0,0,0,0,0,0,0,0,0,0,0,0,0,0,0,0,0,0,0,0,0,0,0,0,0,0,0,0,0,0,0,0,0,0,0,0,0,0,0,0,0,0,0,0,0,4,0,0,0,0,0,0,0,0,0,0,0,0,0,0,0,0,0,0,0,0,0,0,0,0,0,0,0,0,0,0,0,0,0,0,0,0,0,0,0,2,0,0,0,0,0,0,0,0,0,0,0,0,0,0,0,0,0,0,0,4,0,0,0,2,0,0,0,0,0,0,0,0,0
BFA,0,0,4,0,2,0,0,10,4,2,0,46,34,0,20,154,108,0,0,10,4,0,0,0,0,2,0,0,0,22,0,0,4,12,10,76,128,4,20,126,68,48,40,0,10,0,4,4,0,0,0,0,4,128,2,0,40,2,8,2,22,0,34,4,48,12,0,0,368,0,0,28,316,4,104,0,28,32,10,2,6,0,0,0,2,0,0,2,0,4,8,42,10,6,0,2,6,50,0,2,32,0,122,0,18,0,0,16,0,0,4,14,6,0,2,4,2,4,8,4,0,28,0,2,34,0,4,0,2,128,0,0,0,4,48,8,0,6,26,8,12,0,68,116,0,84,16,4,10,0,6,0,8,12,0,2,6,0,12,2,0,0,2,6,12,26,8,14,104,2,0,0,0,22,2,0,2,2,2,0,0,4,2,50,6,0,4,0,0,20,64,14,0,0,4,0,4,14,0,0,14,44,78,2,4,376,4,0,0,0,0,16,0,0,0,2,134,32,26
BGD,0,54,4,10,22,0,0,206,100,18,0,2508,82,24,2,182,18,0,10,0,66,38,2,16,0,12,0,2,20,274,10,40,12,20,0,746,248,156,1710,10,42,22,8,0,140,0,4,18,16,0,0,42,202,560,2,0,202,14,64,60,642,0,316,36,178,164,28,0,316,0,14,6,1754,30,166,0,4,38,32,0,98,0,0,24,0,18,0,74,18,80,326,1632,138,310,122,28,74,418,6,108,1524,58,196,28,32,0,0,960,66,22,30,2,28,0,0,138,2,50,20,16,0,78,0,8,18,12,162,0,32,44,16,58,2,32,48,0,0,10,48,1248,12,2,4,264,2,312,160,264,156,92,828,36,88,196,0,10,182,2,164,16,50,0,116,138,182,22,1564,36,10,220,0,0,4,24,2,0,2,74,0,0,0,82,38,396,4,0,4,16,0,0,2,352,4,2,0,2,2,50,366,0,206,106,100,48,24,2806,20,0,0,10,0,298,0,4,10,50,322,30,46
BGR,0,16,6,0,140,0,0,80,254,218,0,614,694,148,2,690,8,0,4,66,0,20,4,118,0,306,0,0,8,570,12,10,0,10,2,444,742,212,670,12,24,6,4,0,350,0,4,22,16,0,0,238,732,1396,0,0,434,14,46,170,312,0,1056,298,36,432,4,0,1052,0,2,8,1526,348,20,0,2,4,0,0,726,6,0,16,0,2,0,498,4,654,48,430,412,278,66,44,324,1346,4,36,432,60,34,28,2,0,2,328,122,2,92,0,26,0,0,132,0,356,34,296,0,168,0,30,8,0,312,0,170,6,74,6,170,12,8,2,0,22,10,240,14,0,16,84,0,542,338,20,226,36,270,22,54,100,0,2,968,2,638,16,104,0,174,626,894,4,182,22,10,84,2,0,4,0,4,14,0,692,0,0,2,376,378,478,6,0,4,8,0,2,4,290,20,16,0,2,0,42,686,0,324,12,26,404,24,1226,78,0,0,12,0,60,0,2,34,12,248,6,12
BHR,0,2,0,6,6,0,0,158,12,0,0,62,4,4,0,16,4,0,0,38,20,0,0,6,0,0,0,0,2,34,0,2,0,6,0,80,32,10,120,0,10,2,0,0,20,0,0,6,6,0,0,14,22,54,0,0,14,4,24,6,176,0,36,14,18,16,0,0,50,0,8,0,204,6,12,0,0,2,0,0,24,0,0,6,0,6,0,16,0,10,24,150,60,56,38,6,12,100,0,48,42,20,8,12,0,0,0,36,74,0,34,0,14,0,0,16,0,4,2,2,0,22,0,0,0,2,20,0,6,2,4,0,0,4,6,0,0,0,2,76,2,0,2,26,0,36,22,18,26,70,188,16,18,24,0,2,34,0,22,0,12,0,100,36,36,2,334,18,0,24,0,0,0,0,2,0,0,20,0,0,0,6,8,26,0,0,0,0,0,0,0,18,0,0,0,0,0,44,44,0,22,6,8,16,2,126,4,0,0,6,0,32,0,0,2,16,32,0,4
BHS,0,0,0,0,0,0,0,0,2,0,0,20,2,0,0,2,6,0,0,2,4,0,0,0,0,0,0,0,0,8,8,0,0,0,0,26,16,8,32,0,0,0,0,0,10,0,0,10,2,0,4,0,2,36,0,0,8,0,0,6,2,0,34,0,2,2,0,4,18,0,0,0,66,0,4,0,0,0,0,0,8,4,0,0,0,0,0,2,4,0,0,34,8,0,0,4,18,34,16,0,10,0,10,0,0,0,2,2,0,0,2,0,0,0,0,0,0,0,0,0,0,0,0,0,2,0,4,0,0,4,0,0,0,0,0,0,0,0,2,0,0,0,2,2,0,12,6,0,10,0,12,4,2,4,0,0,0,0,10,0,0,0,0,2,20,0,10,0,0,4,2,0,0,0,0,0,0,2,0,0,0,0,0,6,0,0,4,0,2,0,0,0,0,0,0,0,12,0,0,0,2,0,2,0,0,162,0,0,0,2,0,2,0,0,0,0,12,0,0
BIH,0,2,4,0,88,0,0,30,18,10,0,56,138,4,2,88,4,0,0,16,118,6,0,4,0,28,0,0,2,48,4,8,0,6,0,44,84,28,66,6,10,0,2,0,20,0,4,6,4,0,0,42,130,212,0,0,76,8,16,8,42,0,164,72,8,64,2,0,118,0,0,2,264,26,16,0,0,2,0,0,140,0,0,4,0,0,0,490,4,86,14,92,78,44,16,22,56,214,4,12,52,20,20,14,0,0,0,32,16,0,20,0,14,0,0,10,0,74,26,50,0,18,0,14,0,0,22,0,98,0,36,8,106,0,8,0,0,4,6,36,8,0,2,34,0,82,84,8,6,10,68,10,16,6,0,2,132,2,88,6,10,0,46,142,118,2,92,10,6,20,0,0,4,2,2,8,0,726,0,0,0,78,212,80,4,0,4,2,0,0,0,34,10,10,0,2,2,26,130,0,12,8,10,48,10,192,8,0,0,8,0,18,0,0,30,6,62,10,2
BLM,0,0,0,2,0,0,0,0,0,0,2,0,0,0,0,0,0,0,0,0,0,0,0,0,0,0,0,0,0,0,2,0,0,0,0,0,2,0,0,0,0,0,0,0,0,0,0,0,0,0,2,0,0,0,0,2,0,0,0,0,0,0,0,0,0,0,0,0,2,0,0,0,2,0,0,0,0,0,0,0,0,0,0,0,0,0,0,0,0,0,0,0,0,0,0,0,0,0,0,0,0,0,0,0,0,0,0,0,0,0,0,0,0,0,0,0,0,0,0,0,0,0,0,0,0,0,0,0,0,0,0,0,0,0,0,0,0,0,0,0,0,0,0,0,0,2,0,0,0,0,0,0,0,0,0,0,0,0,0,0,0,0,0,0,0,0,0,0,0,0,0,0,0,0,0,0,0,0,0,0,0,0,0,0,0,0,0,0,0,0,0,0,0,0,0,0,2,0,0,0,0,0,0,0,0,2,0,0,2,0,0,0,0,0,0,0,0,0,0
BLR,0,2,4,0,42,0,0,84,172,252,0,346,402,184,4,220,2,0,2,12,306,0,0,28,0,0,0,0,2,366,0,2,0,2,2,248,396,164,634,2,6,2,0,0,326,0,0,0,0,0,0,168,424,668,0,0,258,2,14,146,214,0,464,214,6,258,0,0,530,0,0,4,688,356,4,0,2,2,0,0,384,0,0,4,0,0,0,196,4,372,26,278,198,234,38,8,230,460,0,26,226,94,8,22,2,0,0,200,86,0,16,0,18,0,0,112,2,284,8,194,0,162,0,36,2,0,166,0,30,2,2,4,120,6,2,2,0,0,2,174,0,0,4,28,0,254,238,6,152,2,174,4,10,54,0,2,622,0,412,6,90,0,146,254,1434,4,164,10,6,24,0,0,0,2,0,0,0,392,0,0,0,244,192,286,4,0,0,2,0,2,2,190,10,2,0,0,0,36,434,0,310,8,10,376,8,554,90,0,0,0,0,36,0,0,0,0,210,6,4
BLZ,0,0,0,0,0,0,0,0,4,0,2,14,6,0,0,2,0,0,0,0,0,0,0,0,0,0,0,0,2,16,6,2,0,0,2,20,4,6,6,4,2,2,2,0,8,0,2,4,2,0,2,0,2,8,0,0,4,0,0,8,0,0,12,0,2,4,0,0,6,0,0,2,34,0,2,0,0,0,0,0,2,4,0,4,2,4,0,0,0,0,4,10,0,2,0,0,0,16,6,0,4,0,2,0,0,0,8,0,0,0,0,2,0,0,0,0,0,0,0,0,0,0,0,0,2,0,20,0,0,0,0,2,0,0,2,0,0,0,0,2,0,0,0,4,2,8,6,0,2,0,4,6,2,2,0,4,2,0,6,0,0,0,0,2,8,0,8,0,0,2,0,0,0,2,0,0,0,0,0,0,0,2,2,2,0,2,0,0,0,0,0,4,0,0,0,0,10,0,0,0,4,2,2,0,0,80,0,0,4,2,0,4,0,0,0,0,8,0,0
BMU,0,0,0,0,0,0,0,0,2,0,0,18,0,0,0,2,0,0,0,2,0,0,0,0,0,0,0,0,2,6,0,0,0,0,0,14,6,2,6,0,0,0,0,0,2,0,0,0,0,0,4,2,0,18,0,0,2,0,0,0,0,0,10,0,0,4,2,0,10,0,0,0,34,0,0,0,0,0,0,0,4,0,2,0,0,0,0,0,0,0,0,4,4,0,0,2,12,18,0,0,6,0,2,0,2,0,0,2,0,0,0,0,0,0,0,0,0,0,0,0,0,0,2,0,2,0,4,0,0,0,0,0,0,0,0,0,0,2,0,4,2,0,0,0,0,6,6,0,4,0,0,0,4,2,0,0,2,0,6,2,0,0,0,0,2,0,2,0,2,0,0,0,0,0,0,0,0,0,0,0,0,0,0,4,0,0,0,0,0,0,0,0,0,0,0,0,0,0,0,0,2,0,0,0,0,68,0,0,0,2,0,2,0,0,0,0,6,0,0
BOL,2,2,2,0,0,0,0,2,140,0,0,52,18,0,2,52,0,0,0,20,8,2,0,2,0,2,2,2,0,170,0,4,0,2,2,66,52,128,40,4,2,2,2,0,154,0,0,32,24,0,0,0,16,76,0,0,8,28,2,72,18,0,126,8,12,18,2,0,78,0,0,6,104,2,10,0,0,2,0,0,10,0,0,38,4,4,24,4,2,10,6,52,4,8,2,0,8,52,0,6,26,0,12,0,2,0,0,8,0,2,0,2,2,0,0,6,0,4,4,2,0,0,0,4,2,0,128,0,4,0,0,0,0,0,4,0,0,2,2,16,4,0,0,6,18,46,16,16,10,4,14,20,148,4,0,2,20,0,18,50,4,0,2,6,18,2,10,4,2,8,0,0,0,4,24,0,0,4,0,0,0,4,6,88,0,0,0,2,0,0,0,10,0,0,0,0,0,4,10,0,14,6,6,4,62,298,2,0,0,54,0,6,0,0,0,2,20,2,4
BRA,4,46,64,10,46,2,0,552,3188,354,0,5490,1844,264,8,2446,42,0,22,274,570,34,8,48,0,366,16,6,170,0,22,24,8,56,4,6612,3430,3284,4470,50,128,28,40,0,3126,0,26,394,386,2,4,252,1472,8290,2,0,2006,144,208,898,828,0,7956,382,184,1302,32,4,7254,0,12,30,12276,396,190,16,22,20,0,2,1280,10,0,178,38,30,88,560,30,1064,374,3046,1184,1274,150,78,1176,6894,42,162,2928,86,406,44,24,0,38,1556,164,12,200,10,42,2,8,264,2,326,112,252,0,406,66,24,52,4,2882,0,80,28,72,14,118,28,270,4,0,20,70,730,42,8,14,500,44,3828,1478,134,1048,142,1034,298,1628,424,0,22,2078,2,6034,286,142,0,380,850,2182,48,1020,72,62,658,4,0,8,14,48,0,2,678,2,4,14,420,418,2970,8,4,12,20,2,2,8,818,8,2,2,2,10,234,1444,0,1034,96,160,554,912,23932,90,40,0,408,0,350,2,4,20,58,1768,30,66
BRB,0,0,2,2,4,0,0,10,14,6,2,36,16,6,0,12,4,0,0,10,12,0,8,4,2,0,6,0,0,22,0,4,0,2,0,48,16,12,16,4,4,0,0,0,20,0,4,6,6,4,6,14,14,22,0,2,14,6,4,6,18,0,18,4,12,16,10,0,36,0,0,0,110,2,16,0,0,0,0,0,16,4,0,6,4,2,0,12,8,10,10,22,10,8,2,4,4,16,40,10,10,6,8,4,0,0,6,6,6,0,4,0,4,2,0,6,0,8,4,4,0,8,0,2,4,0,18,0,2,0,4,4,2,0,4,0,0,4,4,16,2,0,4,24,0,24,8,6,8,4,10,6,10,12,0,0,18,2,14,4,6,0,8,8,8,0,8,4,2,8,0,0,4,0,0,0,2,10,0,0,0,8,6,16,0,2,4,2,0,0,0,4,2,2,0,2,46,6,12,0,4,6,10,2,10,148,0,0,6,6,0,4,0,2,0,6,20,0,0
BRN,0,2,4,0,2,0,0,34,8,0,0,100,22,4,2,22,4,0,0,40,10,2,0,8,0,2,2,0,4,24,4,0,0,2,2,40,24,16,230,6,10,2,4,0,14,0,4,6,4,0,0,4,16,56,0,0,12,6,8,14,32,0,34,14,14,10,2,0,38,0,2,6,210,4,12,0,0,4,0,0,12,0,0,6,2,6,0,12,4,10,140,96,14,40,10,4,6,38,4,12,34,14,12,4,0,0,0,76,12,6,4,2,6,0,0,38,0,6,4,4,0,10,0,2,0,0,18,0,6,0,4,14,2,2,6,0,0,4,4,332,0,0,2,32,2,34,24,18,20,14,140,12,12,36,0,4,46,2,14,2,6,0,22,22,16,2,80,2,2,72,0,0,4,4,0,0,0,10,0,0,0,8,8,16,0,0,4,2,0,0,0,54,2,2,0,2,0,10,22,0,60,14,8,6,6,136,4,0,0,6,0,36,0,0,0,10,14,2,2
BTN,0,6,0,0,0,0,0,2,0,0,0,96,2,0,0,4,8,0,4,12,0,0,0,0,0,0,0,0,0,8,0,0,0,0,0,8,16,6,16,2,2,2,0,0,0,0,0,6,0,0,0,0,4,26,0,0,4,0,0,6,0,0,4,0,0,2,0,0,10,0,0,0,52,2,2,0,0,2,0,0,0,0,0,2,0,0,0,0,0,0,10,58,0,10,0,2,0,2,0,2,18,4,6,4,4,0,0,0,0,2,6,2,0,0,0,2,0,0,0,0,0,2,0,0,2,0,0,0,0,0,0,6,0,14,6,0,0,0,2,2,2,0,0,4,0,16,0,34,10,2,4,0,0,8,0,0,2,0,10,2,0,0,0,6,4,2,10,0,0,8,0,0,0,2,0,0,0,0,0,0,0,0,0,8,2,0,6,0,0,0,6,48,0,0,8,0,8,0,2,0,0,8,8,0,0,54,0,0,0,0,0,10,0,0,0,0,18,0,0
BWA,0,0,6,6,10,0,0,28,22,6,0,116,22,6,6,26,12,0,12,20,10,6,0,6,0,2,0,0,2,56,2,2,0,0,6,110,88,22,50,12,98,14,6,0,20,0,0,4,2,0,0,2,34,80,4,0,28,2,12,6,28,0,38,18,126,30,6,0,74,0,6,4,332,4,66,0,2,8,0,2,18,0,0,4,0,8,2,16,6,18,24,150,30,22,24,10,14,50,2,10,40,10,130,4,2,0,0,24,10,2,2,0,12,0,0,18,12,8,2,6,0,24,0,0,8,0,36,0,4,6,2,2,0,8,26,2,0,2,56,48,58,2,8,112,0,64,42,12,16,12,36,16,20,18,0,2,28,0,20,0,4,0,16,22,36,34,44,18,12,20,0,0,0,0,0,0,2,16,6,0,0,6,10,60,24,0,0,2,0,4,2,36,0,0,0,0,2,18,18,0,12,64,90,12,6,504,4,0,2,0,0,24,0,2,4,12,462,64,82
CAF,0,0,2,0,2,0,0,2,4,2,0,4,4,0,10,24,10,0,10,0,2,0,0,0,0,2,2,0,2,4,0,2,0,6,0,12,22,2,10,12,36,14,28,0,4,0,0,0,0,0,0,0,8,22,2,0,8,0,2,2,4,0,4,4,8,4,0,0,60,0,0,16,38,2,10,0,4,2,0,4,0,0,0,0,4,2,0,2,0,2,2,12,2,6,2,0,2,12,0,0,6,0,4,0,2,0,0,2,0,0,0,4,2,0,0,0,0,4,2,2,0,2,0,0,6,0,0,0,2,2,0,0,0,0,4,2,0,0,2,2,2,0,6,6,2,14,6,0,2,0,2,0,2,0,0,0,2,0,4,0,0,0,2,2,4,6,2,2,6,2,0,0,0,8,0,0,0,2,0,0,0,2,2,12,2,0,0,0,0,6,6,4,0,0,0,0,0,6,0,0,2,8,4,2,0,22,0,0,0,2,0,2,0,0,0,0,6,2,2
CAN,4,14,10,14,40,6,0,1386,1766,128,2,14118,3430,346,10,4890,98,0,76,746,444,80,26,44,0,248,20,14,66,6612,48,40,8,110,12,0,7926,2124,26306,76,238,102,50,0,1280,6,6,224,148,12,14,264,2150,15878,4,4,4548,60,396,306,1864,4,8768,372,376,2414,66,16,14166,16,12,32,26824,278,490,22,24,56,6,2,1780,34,118,78,18,36,20,484,40,1218,412,5194,2414,5292,280,302,3036,10390,76,530,6186,138,672,58,64,2,36,3884,354,24,530,24,72,2,16,236,8,224,290,116,0,754,70,36,70,6,2428,2,90,56,112,36,18,62,94,4,0,30,160,1212,38,32,30,758,6,9008,3194,226,2228,268,1672,204,538,440,2,34,3072,6,2190,68,206,0,738,926,3000,134,3066,126,90,2172,4,4,8,24,18,2,10,554,6,0,2,456,586,5236,6,4,24,28,2,2,16,936,14,4,2,6,80,496,2242,0,2258,228,394,372,248,62520,50,8,4,112,0,700,8,4,12,70,2788,78,100
CHE,0,20,14,8,86,8,0,454,1188,378,2,6960,6326,272,18,6336,66,0,128,248,742,32,16,84,2,396,4,6,52,3430,16,24,16,88,22,7926,0,1192,7222,170,240,184,154,0,948,0,10,112,126,4,4,598,2588,25784,4,4,4474,34,156,318,800,8,9456,588,302,2474,42,4,14830,4,10,58,22606,486,334,8,68,68,16,16,2966,16,14,62,22,14,16,908,16,1656,402,2934,2108,1246,74,244,2202,15018,70,222,4238,98,654,78,58,2,4,1998,192,48,286,28,52,0,96,238,26,576,352,372,0,364,80,52,86,6,1136,2,142,84,172,60,162,72,124,4,0,22,186,568,54,18,52,400,10,10130,2946,204,1152,118,636,132,416,436,0,38,3386,4,2782,40,136,0,358,1316,3004,92,842,86,120,1428,2,4,16,42,14,4,6,1020,16,4,4,740,1046,5572,28,6,32,18,0,36,40,778,14,6,8,2,18,182,1948,0,1092,406,344,706,184,27202,94,4,4,68,0,338,16,6,16,34,2108,124,154
CHL,4,2,16,4,20,2,0,240,2126,126,2,2106,692,166,2,856,8,0,4,156,212,10,8,28,0,164,6,2,128,3284,12,16,6,22,2,2124,1192,0,1984,20,32,16,6,2,1630,0,8,282,178,2,0,64,580,3506,0,0,854,116,66,650,324,0,5680,120,56,542,20,18,2984,0,4,14,4760,192,54,0,10,12,0,0,564,8,6,128,10,10,66,172,14,448,106,1144,426,500,34,70,642,2526,10,70,1288,100,86,18,6,0,22,654,32,4,66,4,24,0,2,46,0,66,46,76,0,318,6,8,12,2,1756,0,42,0,26,4,4,14,28,0,0,22,26,326,24,6,10,164,40,1472,604,40,426,88,354,144,810,176,0,8,844,2,1096,236,118,0,62,426,838,6,436,24,16,216,2,0,6,4,44,0,0,390,2,0,0,236,268,972,2,0,12,14,0,12,2,236,10,2,0,2,8,106,606,0,560,32,60,136,398,6902,16,68,0,298,0,158,0,2,10,36,836,12,38
CHN,0,86,14,10,64,0,2,2184,1174,396,0,37006,3648,410,40,5524,76,0,20,1710,670,120,32,66,0,634,6,6,40,4470,16,230,16,50,10,26306,7222,1984,12,72,288,94,34,0,1110,2,4,84,246,0,0,448,3144,26122,0,2,6474,32,508,468,5628,26,8940,726,738,4170,56,4,15234,6,16,26,47752,478,962,2,22,42,0,2,2492,20,14,34,4,24,14,868,14,1806,1184,10760,2956,6054,774,266,2982,11444,18,524,21756,682,722,78,72,0,22,14248,348,72,318,18,64,2,8,606,10,568,292,306,2,654,54,38,66,6,2288,2,122,26,94,272,138,378,56,4,0,98,84,5218,36,10,42,1612,8,9948,3796,654,3802,394,14968,128,404,1048,0,34,4742,134,2856,38,250,0,1146,1564,7658,188,9966,516,66,16010,2,4,6,58,2,2,10,1012,16,2,4,816,842,8974,14,0,16,76,0,8,28,3640,64,2,0,6,24,592,4066,0,11380,316,214,1198,196,124166,406,8,4,92,0,2542,4,6,12,258,3244,80,100
CIV,0,0,4,0,4,0,0,10,18,6,0,52,20,0,6,86,100,0,126,10,12,0,0,6,0,2,4,0,4,50,4,6,2,12,12,76,170,20,72,0,94,44,32,0,26,0,8,14,4,0,0,4,18,138,4,0,26,4,18,16,36,0,38,16,40,18,2,0,488,0,0,24,268,4,76,0,18,12,6,2,14,0,0,4,16,2,0,12,4,16,26,42,12,16,0,8,10,58,4,8,40,6,126,6,8,0,0,16,4,8,10,8,6,0,0,4,6,8,6,10,0,56,0,2,34,0,24,0,8,74,4,4,2,2,50,6,0,42,26,12,20,0,48,108,2,64,18,8,10,8,24,10,18,22,0,0,16,2,22,4,4,0,8,14,22,32,24,4,108,18,0,0,6,18,0,0,2,14,0,0,0,12,8,28,8,0,10,0,0,6,68,18,4,2,0,2,2,20,38,0,8,66,72,8,6,274,0,0,0,12,0,34,0,0,0,4,124,20,32
CMR,0,2,4,10,10,0,0,42,34,2,0,160,60,4,32,286,142,0,68,42,24,10,0,10,0,6,2,0,2,128,4,10,2,98,36,238,240,32,288,94,0,128,78,0,62,0,6,24,6,0,0,12,78,506,2,2,34,4,52,22,100,0,96,20,92,48,6,0,632,0,4,72,658,20,168,0,24,26,6,6,42,0,0,12,2,12,2,28,10,26,46,264,26,88,30,16,34,224,16,20,120,16,232,16,8,0,0,42,12,0,18,20,12,0,0,26,6,10,12,8,0,86,0,2,48,0,76,0,4,52,6,4,2,0,40,6,0,6,56,58,22,0,42,262,2,154,54,40,40,6,130,20,34,38,0,2,48,4,46,4,14,0,22,58,72,76,126,46,104,36,0,0,4,30,2,0,6,32,6,0,0,6,20,80,18,0,6,4,0,22,32,32,2,2,0,2,6,68,194,0,106,146,138,20,16,726,10,0,0,10,2,72,2,0,0,12,468,54,84
COD,0,2,12,2,2,0,0,4,10,2,0,42,26,0,12,388,46,0,48,22,6,2,0,0,0,2,2,0,2,28,0,2,2,14,14,102,184,16,94,44,128,0,76,0,14,0,2,6,4,0,0,4,30,102,2,2,16,0,10,8,32,0,48,4,50,12,4,0,190,0,0,44,294,6,50,0,12,10,2,6,2,0,0,12,4,4,2,6,8,4,50,64,10,6,6,2,4,58,0,6,58,4,132,4,8,0,0,32,2,4,2,18,12,0,0,8,2,8,6,4,0,28,0,0,28,0,12,0,4,52,0,6,2,2,38,6,0,4,50,12,10,0,22,122,6,62,42,16,12,6,26,4,20,22,0,2,14,0,12,2,2,0,4,12,16,46,12,12,54,28,0,0,0,20,2,0,6,6,10,0,0,2,2,40,10,0,0,0,0,6,24,26,0,0,0,0,0,18,8,0,8,74,98,4,0,490,4,0,0,2,0,28,0,0,0,4,140,42,24
COG,0,0,4,0,0,0,0,4,12,0,0,36,10,0,10,72,36,0,40,8,4,0,0,2,0,0,2,0,2,40,0,4,0,6,28,50,154,6,34,32,78,76,0,0,10,0,0,6,0,0,0,0,18,98,2,0,44,0,4,6,38,2,24,0,28,16,4,0,148,0,2,64,204,0,38,0,14,16,2,4,4,0,0,0,4,4,0,2,0,2,20,56,6,2,2,4,8,26,0,6,30,2,82,2,4,0,0,10,2,2,0,12,4,0,0,8,6,0,0,4,0,16,0,0,16,0,8,0,0,14,0,0,0,4,28,2,0,2,10,8,8,2,16,60,2,50,18,4,12,2,12,4,8,30,0,2,4,0,8,2,0,0,2,2,6,32,8,2,36,16,0,0,2,16,0,0,0,4,2,2,0,2,2,20,6,0,0,2,0,6,12,14,0,0,0,0,0,6,2,0,6,28,46,0,0,216,0,0,0,2,2,24,2,0,0,2,92,22,42
COK,0,0,0,0,0,0,0,0,2,0,0,2,0,0,0,0,0,0,0,0,0,0,0,0,0,0,0,0,0,0,0,0,0,0,0,0,0,2,0,0,0,0,0,0,0,0,0,0,0,0,0,0,2,2,0,0,0,0,0,0,0,0,2,0,0,2,2,0,2,0,0,0,2,0,0,0,0,0,0,0,0,0,0,0,0,0,0,0,0,0,0,0,0,0,0,0,0,0,0,0,0,0,0,0,0,0,0,2,0,0,0,0,0,0,0,0,0,0,0,0,0,0,0,0,0,0,0,0,0,0,0,0,0,0,0,0,0,0,0,0,0,0,0,0,0,0,0,0,6,0,0,0,0,0,0,0,0,0,2,0,0,0,0,0,0,0,0,0,0,0,0,0,0,0,0,0,0,0,0,0,0,0,0,0,0,0,0,0,0,0,0,0,0,0,0,0,0,0,0,0,0,0,0,0,0,0,0,0,0,0,0,0,0,0,0,0,0,0,0
COL,12,6,8,8,22,4,0,240,1398,222,0,1182,594,174,2,636,12,0,10,140,350,20,10,20,0,326,8,2,154,3126,20,14,0,20,4,1280,948,1630,1110,26,62,14,10,0,0,0,6,316,148,4,0,188,612,1762,2,0,490,134,58,728,382,0,3400,232,92,426,12,4,1572,0,10,10,2594,352,60,2,8,12,0,0,514,4,0,166,10,20,70,244,14,486,130,722,474,486,78,32,386,1460,14,42,584,54,170,20,8,0,12,422,142,6,82,2,26,0,0,170,0,192,38,178,0,304,10,2,18,2,2034,0,38,8,18,10,116,8,32,0,0,10,20,318,10,0,8,198,50,988,424,64,378,46,344,270,860,304,0,12,766,2,756,124,126,0,196,436,768,26,364,26,18,210,2,0,4,12,48,0,4,414,0,0,6,216,234,748,0,0,8,10,0,0,4,296,4,2,2,2,18,84,660,0,464,36,72,336,296,4826,66,8,0,486,0,180,2,2,12,26,522,6,42
COM,0,0,0,0,0,0,0,0,0,0,0,4,0,0,0,4,0,0,0,0,0,0,0,0,0,0,0,0,0,0,0,0,0,0,0,6,0,0,2,0,0,0,0,0,0,0,0,0,0,0,0,0,0,2,2,0,0,0,0,0,0,0,0,0,0,6,0,0,24,0,0,0,6,0,0,0,0,0,0,0,0,0,0,0,0,0,0,0,0,0,0,0,0,0,0,0,0,10,0,0,0,0,4,0,0,0,0,0,0,0,0,0,0,0,0,0,0,0,0,0,0,0,0,0,10,0,0,0,0,0,0,0,0,0,2,0,0,2,2,0,0,0,0,0,0,4,0,0,2,0,0,0,0,0,0,0,0,0,2,0,0,0,0,0,0,0,0,0,0,0,0,0,0,0,0,0,0,0,0,2,0,0,0,0,0,0,6,0,0,0,0,0,0,0,0,0,0,0,0,0,0,4,0,0,0,8,0,0,0,0,0,0,0,0,0,0,6,2,0
CPV,0,0,4,0,2,0,0,4,6,0,0,10,8,0,0,4,4,0,4,4,4,0,0,4,0,0,2,0,0,26,4,4,0,0,0,6,10,8,4,8,6,2,0,0,6,0,0,4,4,0,0,6,6,14,0,0,10,4,4,4,4,0,42,6,6,4,2,0,14,0,0,0,44,4,4,0,0,0,4,0,4,0,0,4,0,0,0,4,4,4,4,4,6,4,0,6,8,12,4,4,12,4,4,4,0,0,0,4,4,0,4,0,0,0,0,0,0,4,4,4,0,4,0,2,0,0,4,0,2,0,6,4,2,0,10,2,0,6,4,4,2,0,2,8,0,10,6,4,6,0,4,6,4,4,0,0,6,2,68,2,4,0,4,4,4,0,4,0,6,4,0,0,4,4,0,0,0,4,0,0,0,4,6,8,0,0,6,0,0,0,0,4,2,2,0,2,0,6,4,0,6,6,6,4,4,16,0,0,0,4,0,6,0,0,0,4,6,2,0
CRI,4,0,2,4,2,0,0,28,244,0,0,152,72,2,0,76,12,0,4,18,22,6,10,6,0,0,4,0,32,394,6,6,6,4,0,224,112,282,84,14,24,6,6,0,316,0,4,0,46,2,0,16,50,274,0,0,66,56,8,172,22,0,448,28,22,40,8,4,222,0,2,0,344,16,20,0,0,4,0,0,30,0,0,70,2,4,30,20,8,42,20,46,40,48,6,18,50,168,4,10,78,10,34,12,2,0,0,36,10,0,14,2,2,0,0,12,0,10,8,18,0,12,2,2,8,0,362,0,8,0,8,6,2,8,6,0,0,6,8,28,2,0,6,26,38,168,56,14,54,14,26,140,196,28,2,0,42,2,76,72,8,0,12,26,58,4,24,2,8,36,2,0,4,0,30,0,0,24,0,0,2,16,24,114,0,0,14,0,2,0,6,32,2,2,6,2,12,10,32,0,28,16,16,14,84,864,2,0,0,102,0,18,0,0,0,10,74,0,2
CUB,2,0,4,0,4,0,0,12,124,68,0,52,118,68,0,152,6,0,0,16,16,6,2,4,0,0,2,0,24,386,6,4,0,2,0,148,126,178,246,4,6,4,0,0,148,0,4,46,0,0,0,6,96,276,0,0,96,86,8,146,22,0,404,12,12,96,2,0,252,0,2,0,222,6,8,0,0,0,0,0,92,0,0,40,2,0,32,86,14,82,84,118,20,18,0,6,16,242,12,12,120,12,12,6,0,0,2,102,12,0,6,0,2,0,0,6,0,12,4,4,0,10,4,2,0,0,526,0,6,0,4,4,2,4,6,0,0,6,4,24,2,0,6,12,24,144,100,10,24,2,90,38,142,14,0,4,102,2,56,32,8,0,10,84,142,0,22,0,4,16,2,0,4,0,20,0,0,18,0,0,0,88,12,118,0,0,4,0,0,0,0,80,4,2,0,2,6,8,108,0,20,4,8,78,58,418,0,0,0,58,0,24,0,0,4,6,104,0,0
CUW,2,0,0,0,0,0,2,0,2,0,0,14,4,0,0,2,0,2,0,0,0,0,0,0,0,0,0,0,0,2,4,0,0,0,0,12,4,2,0,0,0,0,0,0,4,0,0,2,0,0,0,0,0,10,0,0,2,2,0,2,0,0,4,0,0,0,0,0,4,0,0,0,4,0,0,0,0,0,0,0,2,0,0,0,0,0,0,0,0,0,0,6,0,0,0,0,0,2,0,0,4,0,0,0,0,0,0,0,0,0,0,0,0,0,0,0,0,0,0,0,0,0,0,0,0,0,4,0,0,0,0,0,0,0,0,0,0,0,0,0,0,0,0,0,0,60,0,0,0,0,0,0,2,0,0,0,0,0,2,2,0,0,2,0,0,0,2,0,0,0,0,0,0,0,0,0,0,0,0,0,0,0,0,0,0,0,0,0,0,0,0,0,0,0,0,0,2,0,0,0,0,0,0,0,4,30,0,0,0,4,0,0,0,0,0,0,0,0,0
CYM,0,0,0,2,0,0,0,0,0,0,2,8,2,0,0,0,0,0,0,0,0,0,4,0,2,0,2,4,0,4,6,0,0,0,0,14,4,0,0,0,0,0,0,0,0,0,0,0,0,0,0,0,0,2,0,2,0,0,0,0,0,0,0,0,0,0,0,0,4,0,0,0,26,0,0,0,0,0,0,0,2,2,0,0,0,2,0,0,2,2,0,2,0,0,0,0,4,6,4,0,4,0,0,0,0,0,2,0,0,0,0,0,0,0,0,0,0,0,0,0,0,0,4,0,0,0,2,0,0,0,0,0,0,0,0,0,0,0,0,4,0,0,0,2,0,6,2,0,4,0,0,0,0,0,0,0,2,0,2,0,0,0,0,2,0,0,0,0,0,0,0,0,0,0,0,0,0,0,0,0,0,0,0,0,0,2,0,0,0,0,0,2,0,0,0,0,8,0,0,0,0,0,0,0,0,46,0,0,4,0,0,0,0,0,0,0,0,0,0
CYP,0,8,2,0,48,0,0,74,56,166,0,440,386,14,0,450,6,0,0,42,238,14,0,42,0,168,0,2,0,252,14,4,0,2,0,264,598,64,448,4,12,4,0,0,188,0,6,16,6,0,0,0,338,996,0,0,234,10,36,154,262,0,774,242,20,358,2,0,718,0,0,4,1814,182,14,0,0,2,0,0,1832,4,0,12,0,2,0,290,4,288,24,338,340,306,40,32,224,1050,4,52,108,30,8,12,0,0,0,222,116,0,150,0,18,0,0,120,0,244,44,192,0,36,2,16,4,0,194,0,60,2,66,4,128,4,4,0,0,8,6,218,6,0,6,80,0,430,230,6,198,24,254,10,30,24,0,0,446,2,458,2,20,0,196,174,384,2,176,4,4,74,0,0,4,0,4,4,0,302,0,0,2,76,126,330,2,0,4,2,0,0,2,174,6,6,0,2,0,44,652,0,200,10,14,182,20,1122,64,0,0,8,0,34,0,2,12,8,142,0,0
CZE,0,2,12,10,106,2,0,242,620,370,0,2022,3118,278,8,2146,20,0,4,202,732,22,2,130,0,424,2,0,16,1472,14,16,4,34,8,2150,2588,580,3144,18,78,30,18,2,612,0,6,50,96,0,0,338,0,6972,2,0,1454,38,116,216,616,0,3808,600,140,1394,8,2,4506,0,14,22,6294,398,94,0,8,18,0,0,1524,4,2,22,6,16,0,844,4,1608,232,1822,830,1162,138,118,1012,4764,4,306,1852,152,82,46,12,0,0,1024,188,4,92,4,24,0,10,170,0,566,102,394,0,292,4,40,18,0,700,0,152,4,90,16,168,32,22,2,0,12,16,676,30,0,8,156,8,2850,1286,54,464,82,732,90,238,176,0,36,4010,2,1460,28,126,0,268,1014,2782,22,720,32,20,344,0,2,6,6,2,14,0,922,2,0,2,3110,894,2226,8,0,6,10,0,2,6,430,20,16,0,4,4,108,1472,0,998,36,52,840,94,6416,114,0,0,56,2,254,0,6,32,36,734,24,18
DEU,0,22,34,10,130,8,0,1098,2708,554,0,14952,16964,356,22,12854,156,0,128,560,1396,54,36,212,0,668,8,18,76,8290,22,56,26,80,22,15878,25784,3506,26122,138,506,102,98,2,1762,2,14,274,276,10,2,996,6972,0,6,0,10346,42,340,562,2988,0,21996,1222,632,5900,46,12,28856,4,14,228,48882,688,592,6,50,60,10,4,5712,26,48,64,24,26,14,1810,4,4088,1006,6888,4242,3644,338,556,5220,28098,58,628,11728,318,796,98,50,0,16,5454,280,32,374,18,74,0,90,342,2,1152,1034,712,0,648,110,162,162,14,2634,0,332,74,284,68,182,304,128,10,2,54,124,1156,164,30,40,730,22,23982,6778,250,2410,226,2028,300,612,562,2,30,9828,6,5728,50,240,0,614,2752,11106,102,2466,190,114,2556,2,12,6,72,20,6,8,1882,12,2,8,1524,2138,14082,22,2,36,74,0,10,28,1528,48,14,8,6,44,598,4350,0,2798,438,396,1818,302,63196,216,22,4,160,2,1090,2,8,52,72,3852,112,170
DJI,0,0,0,0,0,0,0,4,2,0,0,8,0,0,2,0,0,0,2,2,0,0,0,0,0,0,0,0,0,2,0,0,0,4,2,4,4,0,0,4,2,2,2,0,2,2,0,0,0,0,0,0,2,6,0,0,0,0,2,0,18,0,2,2,8,0,0,0,28,0,0,0,6,0,2,0,0,0,0,0,0,0,0,0,0,0,0,0,0,0,0,4,0,0,0,0,0,8,0,6,4,0,4,0,0,0,0,0,0,0,0,0,2,0,0,0,0,0,0,0,0,6,2,0,2,0,2,0,0,0,0,0,0,0,2,0,0,0,2,0,4,0,2,4,0,4,0,0,0,0,0,0,0,0,0,0,0,0,2,0,0,0,6,0,2,2,10,4,0,0,0,0,0,0,0,0,2,0,0,0,0,0,0,2,0,0,0,2,0,2,0,2,0,0,0,0,0,2,2,0,0,6,4,0,0,16,0,0,0,0,0,4,0,0,0,12,4,2,2
DMA,0,0,0,6,0,0,0,0,0,0,2,2,0,0,0,0,0,0,0,0,0,0,0,0,2,0,0,0,0,0,2,0,0,0,0,4,4,0,2,0,2,2,0,0,0,0,0,0,0,0,2,0,0,0,0,0,0,0,0,0,2,0,2,0,0,0,0,0,2,0,0,0,4,0,2,0,0,0,0,0,0,0,0,0,0,2,0,0,0,0,0,4,0,2,0,0,0,2,0,0,0,0,0,0,0,0,4,0,0,0,0,0,0,2,0,0,0,0,0,0,0,0,0,0,0,0,2,0,0,0,0,0,0,0,0,0,0,0,0,0,0,0,0,4,0,4,0,0,2,0,2,0,2,0,0,0,0,0,0,0,0,0,0,0,0,0,0,2,0,0,0,0,0,0,0,0,0,0,0,0,0,0,0,2,0,0,0,0,0,0,0,0,0,0,0,0,2,0,0,0,2,0,0,0,0,30,0,0,10,0,0,0,0,0,0,0,2,0,0
DNK,0,8,8,6,68,0,0,322,706,204,0,5050,2564,268,8,3476,42,2,40,202,434,14,8,76,0,258,4,2,8,2006,14,12,4,28,8,4548,4474,854,6474,26,34,16,44,0,490,0,10,66,96,2,0,234,1454,10346,0,0,0,22,78,86,352,0,5622,480,178,2500,10,10,5892,64,8,20,14414,298,184,0,2,26,88,2,1672,0,266,30,2,10,2,574,4,1106,218,1548,1376,1358,66,628,1334,6314,18,60,2156,90,256,46,12,0,14,1252,78,10,108,8,36,0,18,88,4,422,254,242,0,268,10,34,18,2,680,0,144,16,116,10,40,34,56,4,0,26,26,450,24,10,12,162,2,6688,4438,92,802,64,424,54,200,188,2,8,2250,2,1906,30,122,0,202,792,1530,42,550,56,42,776,0,4,6,6,2,14,2,618,2,0,2,510,774,7054,10,0,10,16,0,2,10,378,28,16,4,2,14,62,1366,0,616,162,142,324,148,13950,40,0,0,48,0,190,0,2,18,26,1134,26,34
DOM,4,2,4,0,10,0,0,16,152,2,0,26,20,2,2,30,6,0,2,14,14,4,0,8,0,2,0,0,28,144,6,6,0,2,0,60,34,116,32,4,4,0,0,0,134,0,4,56,86,2,0,10,38,42,0,0,22,0,8,88,28,0,176,6,14,12,2,0,66,0,0,6,120,4,10,0,0,2,0,0,16,0,0,82,2,0,48,18,14,18,14,52,18,20,6,4,24,48,8,16,16,8,6,4,2,0,4,10,12,0,10,0,10,0,0,16,0,14,4,4,0,12,0,2,4,0,178,0,12,0,4,6,2,2,6,0,0,6,4,22,4,0,6,16,40,42,10,6,10,8,20,70,100,20,0,4,26,2,30,58,14,0,16,16,24,2,18,8,2,18,0,0,4,2,38,0,0,20,0,0,0,10,8,20,0,2,4,4,0,0,0,18,2,2,0,2,2,10,26,0,24,14,8,2,68,360,2,0,0,88,0,8,0,2,4,10,18,2,6
DZA,0,2,12,0,22,0,0,296,48,4,0,180,80,4,6,220,20,0,8,64,46,24,0,16,0,14,0,0,2,208,4,8,0,12,2,396,156,66,508,18,52,10,4,0,58,0,4,8,8,0,0,36,116,340,2,0,78,8,0,14,546,0,774,32,30,84,4,0,2704,0,0,6,638,34,44,0,6,8,0,2,120,0,0,4,0,0,2,70,4,84,46,476,80,334,100,12,48,638,12,174,100,28,38,8,2,0,0,250,72,0,72,2,36,0,0,6,2,18,20,12,0,300,0,2,10,0,90,0,22,10,18,4,6,4,14,8,0,18,18,282,8,4,14,76,0,134,104,10,30,44,304,4,22,50,0,2,216,2,292,4,46,0,106,158,178,14,1298,50,36,30,0,0,4,2,0,0,2,64,0,0,0,58,44,122,4,2,4,10,0,6,10,74,8,2,0,2,6,546,640,0,182,26,22,50,22,494,4,0,0,4,0,180,0,0,6,30,200,8,12
ECU,4,2,6,0,16,2,0,44,474,150,0,380,242,2,4,362,8,0,2,60,170,6,6,8,0,146,8,0,72,898,6,14,6,6,2,306,318,650,468,16,22,8,6,0,728,0,4,172,146,2,0,154,216,562,0,0,86,88,14,0,194,0,1954,166,32,244,6,4,478,0,0,10,758,152,28,0,4,4,0,0,208,0,0,84,6,6,42,174,14,186,46,360,214,306,20,10,52,552,8,20,90,14,50,10,6,0,0,240,100,2,28,2,10,0,4,132,0,172,4,158,0,76,4,2,8,0,710,0,16,4,4,8,110,6,10,0,0,10,8,194,4,0,6,70,36,242,62,16,240,28,262,114,398,36,0,6,236,2,404,92,14,0,162,96,228,4,138,10,4,54,2,0,4,4,36,0,0,180,0,0,2,22,22,134,0,0,10,10,0,0,0,186,8,2,0,2,8,22,250,0,174,18,16,168,138,1480,56,0,0,384,0,44,2,0,2,14,100,8,8
EGY,0,44,10,10,40,0,0,1848,232,194,6,1504,544,58,10,764,32,0,22,642,312,176,2,42,0,214,0,0,18,828,18,32,0,28,4,1864,800,324,5628,36,100,32,38,0,382,0,4,22,22,0,0,262,616,2988,18,2,352,28,546,194,0,0,1558,262,160,560,8,0,1504,0,12,14,3950,212,126,0,2,22,0,2,712,2,0,24,0,18,4,308,8,542,326,3240,512,1182,610,20,172,2016,8,820,2092,156,156,28,6,0,14,1502,716,4,374,4,240,0,0,206,2,246,36,180,0,468,0,8,12,6,618,0,62,12,30,32,128,18,30,6,0,28,38,1070,18,2,26,566,0,612,288,140,372,476,2462,46,114,170,0,4,890,6,598,18,180,0,678,390,1596,44,18572,382,38,238,0,0,4,4,4,0,8,376,2,0,0,226,110,642,8,16,4,110,0,6,12,534,6,2,0,2,4,688,1580,0,810,60,100,262,42,6366,128,2,0,24,0,384,2,2,30,550,638,30,32
ERI,0,0,0,0,0,0,0,0,0,0,0,6,0,0,0,2,0,0,0,0,0,0,0,0,0,0,0,0,0,0,0,0,0,0,0,4,8,0,26,0,0,0,2,0,0,0,0,0,0,0,0,0,0,0,0,0,0,0,0,0,0,0,0,0,10,2,0,0,2,0,0,0,8,0,0,0,0,0,0,0,0,0,0,0,0,0,0,0,0,0,0,10,2,0,0,0,0,6,0,0,0,0,2,0,0,0,0,0,0,0,0,0,0,0,0,0,0,0,0,0,0,0,0,0,0,0,0,0,0,0,0,0,0,0,2,0,0,0,0,0,0,0,0,4,0,8,0,0,0,0,0,0,0,0,0,0,2,0,4,0,0,0,0,0,0,0,6,6,0,0,0,0,0,0,0,0,0,0,0,0,0,0,0,0,0,0,0,0,0,0,0,0,0,0,0,0,0,0,0,0,0,10,6,0,0,14,0,0,0,0,0,0,0,0,0,2,8,0,0
ESP,0,12,34,10,148,44,0,710,3762,322,6,8692,5258,228,8,8390,34,0,34,316,1056,36,34,164,0,464,12,10,126,7956,18,34,4,38,4,8768,9456,5680,8940,38,96,48,24,2,3400,0,42,448,404,4,0,774,3808,21996,2,2,5622,176,774,1954,1558,0,0,936,222,3400,24,6,20254,2,12,44,30118,552,176,24,36,62,10,10,4440,14,26,114,22,26,56,1302,14,2188,298,3774,3280,2452,252,362,3098,23864,30,288,5504,150,274,60,22,0,12,3348,268,18,416,6,60,0,20,212,0,924,444,502,0,994,94,50,52,6,5122,0,276,56,222,14,168,36,362,18,4,26,52,914,56,14,24,390,48,11256,4030,110,1410,158,1114,270,932,412,2,52,5804,4,9422,218,206,0,466,2072,4148,30,2026,84,68,1322,6,2,8,36,32,12,0,1530,2,0,4,926,1638,7134,10,0,24,30,0,10,18,764,32,14,0,2,20,844,3280,0,1766,148,156,932,604,31276,120,16,0,346,0,466,2,4,46,50,2090,22,38
EST,2,0,4,4,68,0,0,58,80,178,0,600,530,20,2,664,14,0,4,36,298,14,0,72,0,214,0,0,8,382,4,14,0,18,4,372,588,120,726,16,20,4,0,0,232,0,6,28,12,0,0,242,600,1222,2,0,480,6,32,166,262,0,936,0,44,1136,2,0,802,0,10,6,1460,210,28,0,0,6,0,0,444,0,2,12,0,6,0,328,4,462,48,434,376,334,32,116,190,968,8,26,264,64,40,44,4,0,0,282,118,0,20,0,6,0,2,150,0,438,40,526,0,36,2,22,2,0,322,0,82,4,62,4,140,10,20,2,0,6,8,228,10,2,4,56,0,594,508,22,252,20,296,26,46,52,0,6,692,2,488,6,14,0,188,246,638,14,178,8,6,96,0,0,4,0,2,12,0,310,0,0,2,150,214,922,4,0,4,2,0,2,2,194,18,14,0,2,8,50,378,0,238,10,28,316,20,1140,66,0,0,14,0,78,0,0,14,16,128,6,4
ETH,0,14,10,10,18,0,0,124,68,18,0,640,120,28,18,434,70,0,48,178,36,18,2,8,0,6,2,0,12,184,12,14,0,126,8,376,302,56,738,40,92,50,28,0,92,0,6,22,12,0,0,20,140,632,8,0,178,14,30,32,160,10,222,44,0,98,26,0,312,0,14,26,1290,16,238,0,2,48,26,2,70,0,0,18,4,22,4,46,10,62,100,1594,110,192,74,16,58,268,8,70,222,24,488,22,14,0,0,306,50,2,28,16,38,0,0,52,10,22,22,8,0,102,0,8,32,2,128,0,18,48,10,20,2,24,88,4,0,14,78,186,34,2,32,320,2,384,362,80,76,62,218,38,94,60,0,6,144,2,136,6,48,0,66,72,112,106,316,78,56,76,2,0,8,36,2,0,6,68,10,0,0,20,22,336,22,0,8,36,0,10,14,72,2,2,0,4,4,48,132,0,144,208,266,32,18,1618,12,0,0,10,0,134,2,2,0,32,590,76,110
FIN,0,2,14,6,68,0,0,220,330,284,2,2576,1742,90,6,1886,20,0,12,164,432,16,2,64,0,258,4,4,18,1302,16,10,2,30,4,2414,2474,542,4170,18,48,12,16,2,426,6,4,40,96,0,0,358,1394,5900,0,0,2500,12,84,244,560,2,3400,1136,98,0,16,0,3626,6,12,10,7462,226,130,2,10,14,2,0,1304,4,34,24,8,16,2,570,6,904,210,1322,1020,1078,66,418,674,3732,20,96,1584,118,150,52,8,0,0,988,154,6,98,4,44,0,20,196,0,614,130,484,0,142,0,18,20,6,658,0,114,8,92,16,150,22,24,4,0,12,46,438,30,6,10,134,4,3194,2636,70,702,66,544,58,184,94,0,8,1766,2,1450,30,38,0,286,596,2240,36,590,24,18,592,2,2,4,2,2,10,0,420,4,0,2,368,456,5538,4,0,10,10,0,4,6,374,16,12,0,2,2,92,934,0,504,60,76,478,56,7060,86,0,0,34,0,180,0,4,18,36,756,10,18
FJI,0,2,0,0,2,0,0,8,8,0,2,310,6,0,0,26,2,0,0,28,4,0,0,2,0,0,0,2,2,32,10,2,0,6,0,66,42,20,56,2,6,4,4,2,12,0,2,8,2,0,0,2,8,46,0,0,10,2,4,6,8,0,24,2,26,16,0,0,90,0,4,0,136,4,6,0,2,4,0,0,12,2,0,2,0,4,0,4,6,12,16,58,10,20,6,8,8,46,8,2,60,2,30,2,2,6,0,12,2,0,2,2,0,0,0,12,0,2,2,6,0,16,0,2,4,0,12,4,2,0,2,2,2,8,4,0,0,6,8,34,6,14,2,24,0,40,28,8,68,0,12,8,12,32,12,22,8,0,18,6,2,0,2,4,8,2,14,2,6,30,0,0,32,0,0,0,0,6,0,0,2,6,6,22,2,0,8,0,0,0,0,16,2,2,2,16,6,2,18,2,8,16,8,0,6,144,2,0,2,4,0,16,28,22,0,4,38,12,2
FLK,0,0,0,0,0,0,0,0,6,0,0,30,2,0,0,10,0,0,0,0,0,0,4,0,0,0,0,0,0,4,0,0,0,0,0,16,4,18,4,0,0,0,0,0,4,0,0,4,0,0,0,0,2,12,0,0,10,0,0,4,0,0,6,0,0,0,0,0,20,2,0,0,76,0,0,0,0,0,0,0,0,0,0,0,0,0,0,4,0,0,0,0,8,0,0,4,2,0,0,0,4,0,4,0,0,0,0,0,0,0,0,0,0,0,0,0,0,0,0,0,0,2,0,0,0,0,6,0,0,0,0,0,0,0,0,0,0,0,0,2,0,0,0,0,0,0,2,0,10,0,0,4,4,4,0,0,0,0,18,0,0,0,0,0,4,0,6,0,0,0,0,0,0,0,0,0,0,0,0,0,0,0,0,2,0,0,4,0,0,0,0,0,0,0,0,0,0,0,0,0,0,0,0,0,0,36,0,0,0,0,0,2,0,0,0,0,14,0,0
