,ABW,AFG,AGO,AIA,ALB,AND,ANT,ARE,ARG,ARM,ATG,AUS,AUT,AZE,BDI,BEL,BEN,BES,BFA,BGD,BGR,BHR,BHS,BIH,BLR,BLZ,BMU,BOL,BRA,BRB,BRN,BTN,BWA,CAF,CAN,CHE,CHL,CHN,CIV,CMR,COD,COG,COK,COL,COM,CPV,CRI,CUB,CUW,CYM,CYP,CZE,DEU,DJI,DMA,DNK,DOM,DZA,ECU,EGY,ERI,ESP,EST,ETH,FIN,FJI,FLK,FRA,FRO,FSM,GAB,GBR,GEO,GGY,GHA,GIB,GIN,GMB,GNB,GNQ,GRC,GRD,GRL,GTM,GUF,GUM,GUY,HKG,HND,HRV,HTI,HUN,IDN,IMN,IND,IOT,IRL,IRN,IRQ,ISL,ISR,ITA,JAM,JEY,JOR,JPN,KAZ,KEN,KGZ,KHM,KIR,KNA,KOR,KWT,LAO,LBN,LBR,LBY,LCA,LIE,LKA,LSO,LTU,LUX,LVA,MAF,MAR,MCO,MDA,MDG,MDV,MEX,MHL,MKD,MLI,MLT,MMR,MNE,MNG,MOZ,MRT,MSR,MUS,MWI,MYS,NAM,NCL,NER,NGA,NIC,NLD,NOR,NPL,NRU,NZL,OMN,PAK,PAN,PER,PHL,PLW,PNG,POL,PRI,PRK,PRT,PRY,PSE,PYF,QAT,REU,ROU,RUS,RWA,SAU,SDN,SEN,SGP,SHN,SJM,SLB,SLE,SLV,SMR,SOM,SRB,SSD,STP,SUR,SVK,SVN,SWE,SWZ,SXM,SYC,SYR,TCA,TCD,TGO,THA,TJK,TKM,TLS,TON,TTO,TUN,TUR,TUV,TWN,TZA,UGA,UKR,URY,USA,UZB,VAT,VCT,VEN,VGB,VIR,VNM,VUT,WSM,XKX,YEM,ZAF,ZMB,ZWE
ABW,0,0,0,0,0,0,0,0,0,0,0,4,0,0,0,2,0,0,0,0,0,0,0,0,0,0,0,0,0,0,0,0,0,0,4,2,0,0,0,0,0,0,0,0,0,0,0,0,4,0,0,0,0,0,0,0,0,0,0,0,0,0,0,0,0,0,0,2,0,0,0,6,0,0,0,0,0,0,0,0,0,0,0,0,0,0,0,0,0,0,0,0,0,0,2,0,2,0,0,0,0,2,0,0,2,0,0,0,0,0,0,0,0,0,0,0,0,2,0,0,0,0,0,0,0,2,0,0,0,0,0,0,0,0,0,0,0,0,0,0,0,0,0,0,0,0,0,0,0,0,12,0,0,0,0,0,0,0,0,0,0,0,0,0,0,0,0,0,0,0,0,0,0,0,0,0,0,0,0,0,0,0,0,0,0,0,0,0,0,0,0,2,0,0,0,0,0,0,0,0,0,0,0,0,0,0,0,0,0,0,0,0,0,26,0,0,0,0,0,0,0,0,0,0,2,0,0,0
AFG,0,0,2,0,0,0,0,42,0,0,0,30,18,4,0,8,2,0,4,42,12,0,0,0,0,0,0,4,16,0,8,2,0,2,16,26,2,116,4,2,2,4,0,6,0,0,0,0,0,0,2,4,34,0,0,4,0,10,4,96,0,16,2,8,6,0,0,16,0,0,4,120,0,0,10,0,0,4,4,0,10,0,0,0,0,0,0,0,0,0,0,2,18,0,158,0,10,88,28,0,2,28,0,0,10,44,2,18,2,4,0,0,12,2,6,2,4,4,0,0,8,2,0,0,0,0,10,0,0,0,4,4,0,0,4,0,12,0,0,4,2,0,0,2,52,0,0,0,26,0,18,22,20,0,2,6,238,0,8,18,0,2,8,0,0,4,0,2,0,10,0,0,6,4,144,12,4,8,0,0,0,0,0,0,2,0,0,0,0,4,0,10,0,6,0,10,0,2,2,26,4,0,0,0,0,4,28,0,4,10,4,4,2,122,2,0,0,0,0,0,10,0,0,0,10,22,2,0
AGO,0,2,0,0,2,0,0,0,6,2,0,14,10,2,6,14,2,0,4,6,2,0,0,0,2,0,0,2,30,0,0,0,4,4,8,8,14,16,12,14,10,8,0,26,0,4,2,8,0,0,0,4,32,0,0,12,2,2,4,2,0,102,2,8,18,0,0,18,0,0,4,40,2,0,4,0,0,4,4,0,0,0,0,4,0,0,0,0,2,4,4,2,6,0,48,0,16,6,2,0,2,16,2,0,2,10,2,14,2,2,0,0,36,0,4,4,2,2,0,0,2,2,4,0,2,0,4,0,0,2,0,74,0,2,6,0,2,0,2,20,4,0,0,4,6,4,0,0,8,2,8,4,4,0,2,0,34,2,8,4,0,2,4,0,0,92,2,0,0,4,0,2,4,6,34,4,6,4,0,0,0,0,2,0,0,4,4,2,0,2,2,6,4,2,0,0,0,2,2,6,0,0,2,0,0,6,2,0,2,8,8,2,2,76,2,0,0,6,0,0,2,0,0,0,2,28,8,4
AIA,0,0,0,0,0,0,0,0,0,0,0,0,0,0,0,0,0,0,0,0,0,0,0,0,0,0,2,0,0,0,0,0,0,0,2,0,2,0,0,0,0,0,0,0,0,0,0,0,0,2,0,0,0,0,0,0,0,0,0,2,0,0,0,0,0,0,0,0,0,0,0,4,0,0,2,0,0,0,0,0,0,0,0,0,0,0,0,0,0,0,0,0,0,0,4,0,0,0,0,0,0,0,2,0,0,0,0,0,0,0,0,0,0,0,0,0,0,0,0,0,0,0,0,0,0,0,0,0,0,0,0,0,0,0,0,0,0,0,0,0,0,2,0,0,0,0,0,0,2,0,2,0,0,0,0,0,0,0,0,0,0,0,0,0,0,0,0,0,0,0,0,0,0,0,2,0,0,0,0,0,0,0,0,0,0,0,0,0,0,0,0,0,0,0,0,0,2,0,0,0,0,0,0,0,0,0,0,0,0,0,0,0,0,2,0,0,0,0,2,0,0,0,0,0,0,2,0,0
ALB,0,0,2,0,0,0,0,20,14,16,0,28,46,12,2,30,4,0,4,14,64,0,0,44,10,0,0,4,24,2,2,0,6,2,32,48,8,50,4,8,6,2,0,10,0,0,2,2,0,0,28,50,88,0,0,34,2,16,16,22,0,82,22,10,30,0,0,54,0,0,2,120,22,0,8,0,0,2,0,0,88,0,0,2,0,0,2,0,2,70,2,34,14,0,44,0,32,30,24,10,22,332,4,0,12,48,12,6,8,2,0,0,26,4,2,14,2,8,0,0,6,2,20,8,10,0,32,4,8,2,0,18,0,94,6,12,2,42,4,2,4,0,0,2,12,0,4,4,22,2,52,26,12,0,8,8,54,8,6,6,0,2,62,0,0,56,4,16,0,6,0,96,34,2,52,4,8,14,0,0,0,4,2,2,0,72,2,0,0,22,48,36,0,0,0,4,0,4,2,30,2,0,2,0,0,14,102,0,16,6,6,22,4,102,12,0,0,4,0,0,10,0,0,116,10,30,2,2
AND,0,0,0,0,0,0,0,0,2,2,0,4,6,2,0,4,0,0,0,0,0,0,0,2,2,0,0,0,6,0,0,0,0,0,2,10,8,2,0,0,0,0,0,6,0,0,2,0,0,0,0,4,10,0,0,6,0,2,2,0,0,50,4,0,4,0,0,12,0,0,0,26,2,0,0,0,0,0,0,0,4,0,0,0,0,0,0,0,0,4,0,4,0,0,0,0,6,0,0,2,4,8,0,0,0,2,0,0,0,0,0,0,2,0,0,2,0,2,0,0,0,0,2,2,2,0,0,0,0,0,0,0,0,2,0,0,0,0,0,0,0,0,0,0,0,0,0,0,0,0,8,4,0,0,2,0,0,2,0,0,0,0,4,0,0,4,0,0,0,0,0,2,2,0,0,0,0,0,0,0,0,0,0,0,0,2,0,0,0,2,2,4,0,0,0,0,0,0,0,0,0,0,0,0,0,0,2,0,0,0,0,2,0,12,0,0,0,2,0,0,2,0,0,2,0,2,0,0
ANT,0,0,0,0,0,0,0,0,0,0,0,2,2,0,0,2,0,0,0,0,0,0,0,0,0,0,0,0,2,0,0,0,0,0,4,2,0,0,0,0,0,0,0,0,0,0,0,0,0,0,0,2,2,0,0,0,0,0,0,2,0,2,0,0,2,0,0,2,0,0,0,4,0,0,0,0,0,0,0,0,0,0,0,0,0,0,0,0,0,0,0,0,0,0,0,0,0,2,0,0,2,6,0,0,0,2,0,2,0,0,0,0,0,0,0,0,0,0,0,0,0,0,0,0,0,0,0,0,0,0,0,2,0,0,0,0,0,0,0,0,0,0,0,0,0,0,0,0,0,0,8,2,0,0,0,2,0,0,0,0,0,0,2,0,0,0,0,0,0,0,0,0,0,0,0,0,0,0,0,0,0,0,0,0,0,0,0,0,0,0,0,2,0,0,0,0,0,0,0,0,0,0,0,0,0,0,0,0,0,0,0,0,0,8,0,0,0,0,0,0,0,0,0,2,0,2,0,0
ARE,0,42,0,0,20,0,0,0,180,20,0,1194,296,70,4,228,12,2,4,244,104,142,0,18,76,0,2,6,468,2,56,6,26,2,1188,426,216,1974,2,34,14,2,0,186,0,0,10,4,0,2,90,204,962,0,0,300,2,296,42,1976,0,650,48,110,208,6,0,984,2,6,4,2668,86,2,72,0,4,22,0,0,430,2,0,10,0,0,8,0,2,116,0,180,188,0,2416,0,216,532,454,36,218,1044,8,0,1122,468,78,90,26,16,0,2,798,310,0,452,0,64,0,0,36,8,32,40,12,0,242,4,2,4,2,166,0,30,4,18,10,10,14,12,4,0,10,16,1166,10,4,4,274,0,528,282,86,0,138,314,1790,18,62,150,0,2,358,0,0,316,6,170,0,472,0,266,572,18,2768,92,20,356,0,0,0,6,0,0,8,204,4,2,0,110,132,436,8,2,2,38,2,4,2,214,0,0,0,0,6,254,858,0,420,26,26,52,16,3314,122,2,0,14,0,0,188,2,0,12,92,602,26,28
ARG,0,0,6,0,14,2,0,180,0,34,0,1166,512,88,10,680,26,0,14,88,144,10,6,16,84,0,2,134,2414,10,10,6,24,2,1482,926,1600,936,20,44,28,10,0,1030,0,0,202,74,0,4,50,388,2020,0,0,578,62,34,366,182,0,2822,72,54,246,2,6,1772,2,4,14,2596,106,2,64,4,8,16,0,0,370,0,0,106,12,0,6,0,42,116,18,232,112,0,604,2,290,194,36,44,406,1692,8,0,50,784,36,112,24,8,0,2,282,56,2,78,4,14,0,0,46,2,68,30,26,0,140,4,6,8,0,1154,0,28,12,14,8,10,22,32,4,0,8,8,144,6,6,2,148,26,978,372,50,0,300,44,138,124,556,194,2,10,542,2,2,594,148,72,0,62,0,292,412,18,166,22,18,304,4,0,0,6,34,0,0,174,2,2,4,178,178,638,2,0,0,4,2,4,4,132,2,0,2,0,6,50,424,0,292,26,48,72,630,4404,20,6,0,182,0,0,80,0,2,2,12,550,28,28
ARM,0,0,2,0,16,2,0,20,34,0,0,174,254,84,4,174,6,0,4,22,162,2,2,16,160,0,0,4,250,2,0,4,4,2,78,280,50,310,4,8,6,2,0,154,0,0,6,64,0,0,128,250,404,0,0,102,4,6,124,152,0,208,148,18,226,0,0,362,0,0,2,396,190,0,18,0,6,2,0,0,258,0,0,8,0,0,4,0,2,246,10,206,86,0,286,0,160,186,20,18,54,392,4,0,10,128,38,12,16,20,0,0,232,112,2,12,2,4,0,0,126,8,136,12,126,0,14,2,22,10,0,202,0,16,6,4,8,124,14,4,4,0,0,4,148,10,0,0,12,2,138,120,16,0,128,6,226,8,84,18,0,4,296,0,0,166,10,6,0,106,0,132,496,2,62,4,2,24,0,0,0,18,6,0,0,152,4,0,0,108,42,112,0,0,0,2,0,4,2,202,6,0,2,0,0,12,246,0,150,6,8,238,4,480,116,0,0,8,0,0,14,0,0,6,6,104,4,2
ATG,0,0,0,0,0,0,0,0,0,0,0,2,0,0,0,0,0,0,0,0,0,0,0,0,0,0,0,0,0,0,0,0,0,0,4,0,0,0,0,0,0,0,0,0,0,0,0,0,0,0,0,0,0,0,0,0,0,0,0,6,0,4,0,0,0,0,0,0,0,0,0,8,0,0,0,0,0,0,0,0,0,0,0,0,0,0,0,0,0,0,0,0,0,0,8,0,0,0,0,0,0,0,2,0,0,0,0,0,0,0,0,0,0,0,0,0,0,0,0,0,0,0,0,0,0,0,0,0,0,0,0,0,0,0,0,0,0,0,0,0,0,0,0,0,0,0,0,0,0,0,2,0,0,0,0,0,0,0,0,0,0,0,0,0,0,0,0,0,0,0,0,0,0,0,0,0,0,0,0,0,0,0,0,0,0,0,0,0,0,0,0,0,0,0,0,0,0,0,0,0,0,0,0,0,0,0,0,0,0,0,0,0,0,24,0,0,0,0,0,0,0,0,0,0,0,0,0,0
AUS,4,30,14,0,28,4,2,1194,1166,174,2,24,2586,122,12,3870,72,0,44,2012,452,96,14,46,246,4,8,56,4238,12,144,56,88,8,11212,5304,1670,30656,60,150,68,34,8,942,0,6,106,30,12,4,386,1590,11502,0,2,3878,34,148,306,1488,2,6678,528,636,2028,200,18,7938,12,16,28,26562,280,4,556,10,20,88,12,0,1490,54,12,60,22,2,14,0,28,528,8,976,1432,0,6618,0,2182,3696,786,228,1550,7584,32,0,380,5638,150,522,32,136,8,14,3530,356,74,228,20,70,2,10,712,4,356,186,204,0,300,78,14,58,4,1304,4,96,60,78,114,118,68,74,4,2,32,106,3224,56,80,8,764,4,7322,2404,420,4,5198,250,2078,142,292,702,12,202,2578,0,0,1852,30,138,4,686,0,702,2032,54,3538,96,78,3532,4,0,38,30,14,0,4,542,8,2,8,294,492,4794,12,4,26,42,2,2,14,1616,4,0,34,28,34,234,1686,4,2202,184,246,420,144,30222,154,4,0,86,0,0,1468,28,46,38,70,3010,94,104
AUT,0,18,10,0,46,6,2,296,512,254,0,2586,4,164,6,2622,24,0,22,106,474,8,4,108,236,2,6,22,1420,12,14,4,16,4,2756,5002,490,2988,20,52,14,8,0,412,0,4,54,92,6,2,316,2350,13808,0,0,1838,14,42,188,514,0,3980,450,100,1324,6,2,4796,4,0,28,7704,274,0,60,2,6,16,6,0,1342,18,14,24,10,0,4,0,12,870,2,1302,230,0,1204,2,790,758,92,156,858,6240,16,0,274,1792,88,106,18,10,0,2,760,158,8,90,6,20,0,110,160,4,366,208,294,0,152,22,32,10,0,536,0,94,10,54,24,146,34,12,4,0,8,14,342,36,6,4,132,2,3870,1466,68,0,518,38,430,46,164,168,0,14,2198,0,0,1332,20,88,0,178,0,796,1664,18,542,22,36,414,6,0,2,8,8,4,0,684,2,0,4,662,924,2512,4,0,6,20,2,6,4,430,8,0,2,0,2,70,1134,0,616,34,72,480,86,8870,138,2,0,42,0,0,146,6,2,22,8,720,28,10
AZE,0,4,2,0,12,2,0,70,88,84,0,122,164,0,2,32,4,0,4,26,88,6,0,8,100,0,0,2,184,4,4,0,6,2,242,172,96,286,2,10,6,0,0,98,0,0,2,62,0,0,18,174,242,0,0,170,4,4,8,44,0,136,16,20,88,0,0,196,0,2,2,318,104,0,12,0,0,10,0,0,168,0,0,4,0,0,4,0,4,94,2,156,84,0,174,0,14,152,76,4,100,362,4,0,26,168,44,10,12,4,0,0,84,8,2,26,0,14,0,0,22,0,14,0,10,0,90,4,14,6,0,88,0,8,8,0,2,6,6,4,4,0,2,2,40,2,0,2,32,2,174,160,18,0,10,8,150,12,76,76,0,2,216,0,0,132,2,64,0,16,0,198,372,2,118,6,2,18,0,0,0,2,4,0,0,104,0,2,0,144,90,160,0,0,0,8,0,4,2,88,6,0,2,0,0,16,458,0,228,2,10,118,4,268,28,0,0,2,0,0,28,0,0,4,18,174,2,2
BDI,0,0,6,0,2,0,0,4,10,4,0,12,6,2,0,20,14,0,10,4,6,2,0,2,2,0,0,4,10,0,2,2,10,4,10,18,6,62,10,28,22,6,0,8,0,0,0,2,0,0,0,10,16,0,0,8,4,2,4,8,2,10,8,16,10,0,0,30,0,0,10,24,4,0,14,0,2,2,2,0,2,0,0,4,2,0,0,0,2,4,4,6,10,0,8,0,2,6,2,4,6,10,4,0,4,8,4,36,4,2,2,0,10,0,2,4,2,4,0,0,2,4,6,2,6,0,10,0,0,2,0,10,0,4,10,0,0,0,4,14,4,0,4,10,6,6,0,4,22,2,14,10,6,0,6,2,10,2,2,4,0,4,6,0,0,8,2,0,0,4,0,6,8,12,4,6,10,4,0,0,2,0,2,0,0,4,6,0,2,6,4,8,6,0,0,0,0,4,2,8,0,0,2,0,0,2,4,0,4,24,24,4,2,40,4,0,0,4,0,0,6,2,0,0,4,18,10,12
BEL,2,8,14,0,30,4,2,228,680,174,0,3870,2622,32,20,0,144,2,124,110,496,14,6,60,156,2,6,68,1926,6,14,2,52,6,3970,5048,676,4940,54,182,272,50,0,488,0,0,60,98,0,2,352,1718,9890,0,0,2656,26,190,292,666,0,6552,474,302,1792,16,6,10296,4,4,34,12714,222,0,118,6,38,38,10,0,1782,6,8,32,22,0,6,0,16,702,16,1056,220,0,1542,2,1490,840,54,166,1172,8446,6,0,92,2150,132,366,16,44,2,10,1120,244,14,226,8,42,0,2,204,4,446,496,264,0,308,30,28,52,0,672,0,106,30,144,18,134,20,60,6,0,14,54,412,10,10,22,282,6,9542,1636,70,0,684,58,428,76,186,110,0,10,2418,0,2,2114,24,26,0,232,0,808,1386,82,720,26,72,550,4,0,0,16,6,2,6,556,6,4,4,298,648,3264,6,0,6,30,2,8,8,412,2,0,2,0,10,214,1170,0,652,144,232,350,86,12002,138,4,0,42,0,0,422,2,2,20,12,1194,40,44
BEN,0,2,2,0,4,0,0,12,26,6,0,72,24,4,14,144,0,0,90,16,8,4,0,4,2,0,0,8,52,0,2,8,24,6,64,68,12,72,66,106,32,32,0,26,0,0,6,2,0,0,10,20,120,0,0,36,4,12,4,22,2,50,10,36,20,0,0,228,2,2,46,190,12,0,128,0,14,20,4,0,6,0,0,14,4,0,0,0,4,12,6,10,20,0,58,0,6,26,4,6,10,46,6,0,8,28,8,92,6,6,2,0,24,2,4,8,12,6,0,0,12,4,6,2,6,0,36,2,0,2,0,20,0,4,46,0,6,0,12,32,8,0,4,40,22,8,0,26,122,2,70,26,24,0,18,4,34,8,12,16,0,8,12,0,0,22,2,2,0,8,0,30,28,24,14,10,56,10,0,0,2,12,2,0,2,18,4,0,2,8,6,42,6,0,4,0,0,4,40,26,0,0,8,0,4,8,32,0,32,52,78,12,4,196,4,0,0,4,0,0,22,2,0,0,6,110,26,22
BES,0,0,0,0,0,0,0,2,0,0,0,0,0,0,0,2,0,0,0,0,0,0,0,0,0,0,0,0,0,0,0,0,0,0,0,0,0,0,0,0,0,0,0,0,0,0,0,0,0,0,0,0,0,0,0,0,0,0,0,0,0,0,0,0,0,0,0,0,0,0,0,0,0,0,0,0,0,0,0,0,0,0,0,0,0,0,0,0,0,0,0,0,0,0,0,0,0,0,0,0,0,2,0,0,0,0,0,0,0,0,0,0,0,0,0,0,0,0,0,0,0,0,0,0,0,0,0,0,0,0,2,0,0,0,0,0,0,0,0,0,0,0,0,0,0,0,0,0,0,0,6,2,0,0,0,0,0,0,0,0,0,0,0,0,0,0,0,0,0,0,0,0,0,0,0,0,0,0,0,0,0,0,0,0,0,0,0,0,0,0,0,0,0,0,0,0,0,0,0,0,0,0,0,0,0,0,0,0,0,0,0,0,0,6,0,0,0,0,0,0,0,0,0,0,0,0,0,0
BFA,0,4,4,0,4,0,0,4,14,4,0,44,22,4,10,124,90,0,0,22,4,2,0,0,2,0,0,6,26,0,0,2,12,10,94,112,14,26,82,74,36,36,0,16,0,2,4,2,0,0,6,14,102,0,0,22,2,8,8,20,2,50,2,32,16,0,0,290,0,0,34,250,10,0,114,0,28,22,14,2,4,0,0,4,2,0,0,0,4,4,4,2,18,0,32,0,6,12,2,4,4,54,2,0,4,54,6,120,2,34,2,0,16,0,10,4,12,6,0,0,10,4,2,4,2,0,30,2,0,10,0,8,0,2,92,2,6,0,6,28,10,0,6,34,6,6,0,52,104,2,96,12,12,0,8,0,16,6,12,10,0,6,4,0,0,12,2,2,0,0,0,12,6,16,6,22,112,8,0,0,2,8,2,0,0,2,4,0,0,8,4,40,4,0,2,0,0,12,38,26,0,0,6,0,2,8,4,0,48,52,50,10,4,292,8,0,0,2,0,0,14,2,0,0,4,100,28,22
BGD,0,42,6,0,14,0,0,244,88,22,0,2012,106,26,4,110,16,0,22,0,42,68,4,14,24,0,0,22,260,10,80,6,24,4,722,220,108,1706,12,30,36,8,0,102,0,0,8,10,0,0,30,90,438,0,0,142,8,60,54,646,0,308,30,122,156,10,0,226,6,6,6,1392,30,0,112,0,6,38,6,0,124,0,0,24,0,0,8,0,6,64,14,80,292,0,2088,0,90,278,206,16,58,332,6,0,168,1138,52,136,30,32,0,2,902,48,16,42,4,40,0,0,102,12,18,18,8,0,90,2,2,10,4,154,0,20,36,10,46,2,22,32,6,0,4,40,1388,8,4,4,238,2,240,126,166,0,100,92,1028,24,90,142,0,16,156,0,0,154,10,30,0,162,0,182,192,24,2144,56,16,178,0,0,0,18,2,0,2,56,4,2,0,64,36,246,2,0,2,38,0,4,2,366,0,0,2,0,4,38,392,0,192,64,84,50,14,2374,40,0,0,8,0,0,214,0,12,12,36,256,38,34
BGR,0,12,2,0,64,0,0,104,144,162,0,452,474,88,6,496,8,0,4,42,4,8,2,78,202,0,0,8,414,2,4,2,14,2,296,542,136,488,4,12,4,0,0,226,0,0,8,4,0,0,194,504,1024,0,0,264,10,28,132,276,0,776,212,36,338,2,0,738,0,0,6,1064,230,0,14,2,0,6,0,0,584,8,0,12,0,0,0,0,8,392,2,470,60,0,382,0,278,204,56,26,208,954,8,0,18,326,66,24,22,4,0,0,270,126,4,82,0,14,0,0,130,0,240,26,204,0,88,2,26,4,0,256,0,110,4,32,0,152,12,6,2,0,12,6,186,4,0,8,72,4,416,204,18,0,180,18,202,16,36,80,0,4,802,0,0,452,6,44,0,114,0,424,602,4,132,6,22,80,0,0,0,0,2,2,0,484,0,0,2,276,222,356,0,0,0,6,0,2,2,230,2,0,2,0,2,20,508,0,226,12,18,270,8,960,128,0,0,4,0,0,38,0,0,22,10,160,4,0
BHR,0,0,0,0,0,0,0,142,10,2,0,96,8,6,2,14,4,0,2,68,8,0,0,4,0,0,0,0,34,0,10,2,10,0,110,34,4,114,2,8,4,0,0,22,0,0,0,0,0,0,4,12,68,0,0,10,2,24,2,206,0,38,10,24,28,0,0,48,0,4,0,228,2,0,26,0,0,12,0,0,22,0,0,4,0,0,4,0,0,20,0,16,30,0,158,0,42,88,54,6,12,120,2,0,104,28,18,16,14,2,0,0,56,72,0,36,0,20,0,0,14,0,2,2,2,0,20,0,0,0,0,30,0,2,0,4,0,0,8,6,0,0,2,0,112,0,0,0,30,0,36,26,18,0,20,70,290,6,12,18,0,2,38,0,0,22,0,22,0,82,0,24,26,8,366,22,0,36,0,0,0,4,0,0,0,22,0,0,0,8,4,22,0,0,0,8,0,0,0,20,0,0,0,0,2,88,92,0,20,4,2,6,2,152,10,0,0,4,0,0,22,0,0,2,14,40,6,8
BHS,0,0,0,0,0,0,0,0,6,2,0,14,4,0,0,6,0,0,0,4,2,0,0,2,0,0,0,2,8,2,0,0,6,0,20,8,6,8,0,0,0,0,2,2,0,0,4,2,0,0,2,2,24,0,0,6,0,0,2,2,0,10,2,0,2,2,0,8,0,0,0,46,0,0,0,0,0,0,0,0,6,0,0,2,0,0,2,0,0,4,2,2,2,0,12,0,10,2,0,0,12,14,0,0,0,4,0,0,0,0,0,2,0,2,0,0,0,0,0,0,0,0,0,0,0,0,0,0,0,0,0,8,0,0,0,2,0,0,0,0,0,0,0,0,2,0,2,0,0,0,6,2,0,0,6,0,0,2,2,2,0,0,2,0,0,10,0,0,0,2,0,2,8,0,6,0,0,2,0,0,0,0,0,0,0,2,0,0,0,0,0,6,0,0,0,2,0,0,0,2,0,0,0,0,4,0,4,0,0,0,0,2,2,88,0,0,0,4,0,0,0,0,0,0,0,4,0,2
BIH,0,0,0,0,44,2,0,18,16,16,0,46,108,8,2,60,4,0,0,14,78,4,2,8,24,0,0,0,44,2,2,2,2,0,40,86,6,64,0,6,2,0,0,12,0,0,2,0,0,0,30,106,174,0,0,72,2,12,6,36,0,110,40,8,46,0,0,104,2,0,0,192,24,0,2,0,0,0,0,0,88,0,0,4,0,0,2,0,0,354,0,70,10,0,78,0,62,38,4,10,38,168,4,0,20,54,8,4,6,2,0,0,16,6,0,22,0,6,0,0,4,0,60,12,26,0,18,2,8,0,0,20,0,80,2,22,4,84,6,4,2,0,0,0,14,0,0,2,16,0,84,72,6,0,10,10,56,6,4,2,0,2,82,0,0,84,2,4,0,24,0,124,66,0,48,4,4,16,0,0,0,2,0,2,2,622,0,0,0,64,200,56,0,0,0,6,0,2,0,14,2,0,0,0,0,18,114,0,8,4,2,36,2,146,8,0,0,2,0,0,4,0,0,46,4,38,4,2
BLR,0,0,2,0,10,2,0,76,84,160,0,246,236,100,2,156,2,0,2,24,202,0,0,24,0,0,0,2,234,0,2,2,2,2,128,248,102,598,2,2,2,2,0,206,0,0,0,2,0,0,128,268,422,0,0,118,2,4,128,184,0,264,146,16,188,0,0,346,0,0,4,436,230,0,8,0,0,2,0,0,240,0,0,2,0,0,0,0,4,150,8,228,28,0,218,0,138,182,56,2,124,290,4,0,32,114,64,12,12,0,0,0,148,108,2,8,0,4,0,0,116,6,218,8,150,0,90,0,16,2,0,126,0,12,2,2,6,108,4,6,2,0,0,4,152,0,0,4,14,2,154,118,6,0,124,6,146,6,12,72,0,4,398,0,0,252,4,60,0,106,0,158,1088,4,128,4,10,32,2,0,0,2,2,0,0,236,0,0,0,118,104,132,0,0,2,2,0,2,2,154,6,0,2,0,0,12,276,0,200,6,6,220,2,400,132,0,0,2,0,0,24,0,0,6,2,118,2,0
BLZ,0,0,0,0,0,0,0,0,0,0,0,4,2,0,0,2,0,0,0,0,0,0,0,0,0,0,0,0,0,2,0,0,0,0,4,0,0,0,0,0,0,0,0,2,0,0,4,0,0,0,0,0,4,0,0,2,0,0,0,0,0,2,0,0,0,2,0,0,0,0,0,16,0,0,0,0,0,0,0,0,0,0,0,6,0,0,0,0,2,0,0,0,0,0,4,0,4,0,0,0,0,0,4,0,0,0,0,0,0,0,0,0,0,0,0,0,0,0,0,0,0,0,0,0,0,0,0,2,0,0,0,12,0,0,0,0,0,0,0,0,0,0,0,0,0,0,0,0,0,0,4,6,0,0,0,0,0,2,0,0,0,0,0,0,0,0,0,0,0,0,0,0,2,0,0,0,0,0,0,0,0,0,0,0,0,0,0,0,0,0,0,0,0,0,0,0,0,0,0,0,0,0,0,0,2,0,0,0,0,0,0,0,0,60,0,0,0,0,0,0,0,0,0,0,0,0,0,0
BMU,0,0,0,2,0,0,0,2,2,0,0,8,6,0,0,6,0,0,0,0,0,0,0,0,0,0,0,0,2,0,0,0,0,0,20,2,0,6,0,0,0,0,2,0,0,0,0,0,0,4,2,0,14,0,0,2,2,0,4,0,0,4,0,0,2,0,2,2,0,0,0,42,0,0,0,2,0,0,0,0,0,0,0,0,0,0,0,0,0,0,0,0,0,0,0,2,8,0,0,2,2,6,2,0,0,4,0,0,0,0,0,2,0,0,0,0,0,0,0,0,2,0,2,0,0,0,0,2,0,0,0,0,0,0,0,0,0,0,0,0,0,6,0,0,0,0,0,0,0,0,4,6,0,0,2,0,0,2,0,0,0,0,0,0,0,2,0,0,2,0,0,0,0,0,0,0,0,0,4,0,0,0,0,0,0,0,0,0,0,0,0,2,0,0,2,0,4,0,0,0,0,0,0,0,2,0,0,0,0,0,0,0,0,56,0,0,0,0,2,0,0,0,2,0,0,4,0,0
BOL,0,4,2,0,4,0,0,6,134,4,0,56,22,2,4,68,8,0,6,22,8,0,2,0,2,0,0,4,164,0,6,0,8,2,70,60,122,44,10,16,8,2,0,138,0,0,38,18,0,0,2,20,80,0,0,20,16,2,84,16,0,88,6,12,12,4,0,88,2,2,4,142,8,0,18,0,2,4,0,0,4,0,0,30,8,0,4,0,26,8,14,12,20,0,40,0,16,8,6,4,14,60,4,0,6,40,4,28,4,4,0,0,20,2,2,8,2,4,0,0,12,2,4,4,4,0,4,2,0,2,0,90,0,2,6,0,2,0,6,4,2,0,8,6,10,0,2,0,20,12,44,18,18,0,22,4,18,26,140,18,0,2,10,0,0,22,40,4,0,2,0,16,20,10,14,2,12,14,0,0,0,6,18,0,0,10,2,0,4,10,6,66,2,0,0,0,0,2,2,20,0,0,2,0,2,6,20,0,6,14,12,10,42,250,2,0,0,44,0,0,12,0,0,0,2,34,6,4
BRA,0,16,30,0,24,6,2,468,2414,250,0,4238,1420,184,10,1926,52,0,26,260,414,34,8,44,234,0,2,164,8,16,26,8,54,6,5294,2688,2528,3620,44,124,54,28,0,2518,0,14,318,238,0,2,218,1046,6486,0,0,1528,54,110,702,702,0,5990,320,168,996,10,0,5218,6,6,30,9134,280,2,170,8,10,32,0,0,1008,4,2,114,38,0,22,0,54,450,26,786,330,0,2494,0,946,1102,156,80,806,5464,44,0,144,2408,78,296,32,30,0,8,1236,198,8,206,6,38,4,18,220,4,244,82,204,2,210,26,16,40,0,2124,0,54,22,52,16,120,36,210,4,0,24,56,554,18,16,16,466,22,2896,1130,172,0,788,108,800,190,1258,364,2,22,1682,2,0,4742,184,116,0,264,0,702,1572,48,852,56,62,580,4,0,2,14,30,2,4,452,4,2,18,314,332,2362,10,2,10,28,0,4,12,664,6,0,6,0,22,188,1242,0,710,98,164,462,628,17630,134,26,0,276,0,0,268,2,0,18,36,1358,48,70
BRB,0,0,0,0,2,0,0,2,10,2,0,12,12,4,0,6,0,0,0,10,2,0,2,2,0,2,0,0,16,0,0,0,0,0,26,12,8,18,0,6,2,0,0,12,0,0,2,6,0,0,6,4,18,0,2,10,2,2,2,10,0,10,0,4,6,14,0,18,0,0,0,100,0,0,16,0,0,0,0,0,10,4,0,2,0,0,2,0,0,6,0,2,4,0,18,0,4,8,0,0,4,12,28,0,2,6,0,8,0,0,2,0,2,0,0,2,0,2,2,0,4,0,2,0,0,0,2,0,0,2,0,18,0,0,2,2,2,2,4,0,2,0,2,0,10,2,0,0,18,0,14,4,2,0,2,0,10,10,2,8,0,0,6,2,0,4,0,2,0,0,0,6,4,0,4,2,2,6,0,0,0,2,0,0,0,4,0,0,0,2,2,6,2,0,4,4,0,2,0,4,0,0,0,2,32,2,10,0,2,0,4,4,4,126,2,0,2,2,0,0,2,0,0,0,4,22,0,2
BRN,0,8,0,0,2,0,0,56,10,0,0,144,14,4,2,14,2,0,0,80,4,10,0,2,2,0,0,6,26,0,4,0,4,0,44,34,12,194,6,8,4,0,0,16,0,0,2,2,0,0,6,28,44,0,0,14,0,8,4,46,0,34,8,12,14,0,0,40,0,2,4,176,2,0,12,0,0,6,0,0,20,0,0,2,4,0,2,0,0,10,0,14,186,0,144,0,10,66,24,0,10,46,2,0,32,44,8,14,2,4,0,0,56,6,14,4,2,12,0,0,26,0,6,0,0,0,32,0,0,0,4,12,0,0,0,4,6,0,6,0,0,0,2,0,362,0,2,2,30,0,38,56,12,0,12,34,174,10,18,14,0,0,38,0,0,22,2,2,0,30,0,16,32,0,206,6,2,64,0,0,0,4,0,0,0,16,0,0,2,8,10,14,2,0,0,4,0,0,0,46,0,0,0,0,0,12,32,0,76,16,14,4,0,130,2,0,0,2,0,0,26,0,0,0,30,24,4,0
BTN,0,2,0,0,0,0,0,6,6,4,0,56,4,0,2,2,8,0,2,6,2,2,0,2,2,0,0,0,8,0,0,0,2,0,8,10,2,14,2,2,2,0,0,4,0,0,2,0,0,0,0,4,16,0,0,8,2,0,0,4,0,4,4,2,2,0,0,8,0,0,2,34,4,0,4,0,0,0,0,0,4,0,0,4,0,0,0,0,0,4,0,4,6,0,80,0,2,6,0,4,6,10,2,0,2,18,4,2,2,2,0,0,10,0,0,4,0,0,0,0,6,0,2,2,2,0,2,0,0,2,2,2,0,4,0,0,0,4,6,4,0,0,0,0,6,0,0,0,4,0,20,4,24,0,6,4,18,2,0,2,0,2,4,0,0,8,0,0,0,2,0,6,6,2,16,2,0,8,2,0,0,0,0,0,0,0,0,0,0,2,2,8,2,0,4,0,0,0,4,18,0,0,4,0,4,0,2,0,8,6,4,0,0,46,2,0,0,2,0,0,2,0,0,0,0,12,0,0
BWA,0,0,4,0,6,0,0,26,24,4,0,88,16,6,10,52,24,0,12,24,14,10,6,2,2,0,0,8,54,0,4,2,0,2,74,66,24,72,10,78,22,6,0,24,0,0,0,2,0,0,2,30,98,0,0,36,4,12,4,50,0,42,14,134,38,0,0,60,2,4,4,310,6,2,60,0,0,12,2,0,18,0,0,8,0,0,2,0,2,26,12,16,28,0,152,0,26,36,20,6,14,64,4,0,18,44,10,124,10,4,0,0,44,6,2,12,4,14,0,0,12,20,10,6,8,0,32,0,0,6,0,44,0,8,10,2,0,2,8,28,2,0,8,74,42,24,4,4,108,2,50,76,24,0,24,14,30,8,16,30,0,4,36,0,0,36,4,4,0,22,0,28,24,44,36,16,10,30,0,0,0,6,2,0,0,18,8,0,0,6,18,58,28,0,0,0,0,2,4,46,0,0,4,0,0,12,26,0,26,54,82,12,10,390,6,0,0,4,0,0,16,0,0,4,8,378,56,94
CAF,0,2,4,0,2,0,0,2,2,2,0,8,4,2,4,6,6,0,10,4,2,0,0,0,2,0,0,2,6,0,0,0,2,0,4,8,2,14,8,26,4,6,0,4,0,0,0,2,0,0,0,10,6,0,0,4,2,2,2,6,2,6,2,6,2,0,0,46,0,0,12,12,2,0,4,0,4,4,4,2,0,0,0,2,0,0,0,0,2,2,2,2,6,0,10,0,4,2,2,0,2,10,2,0,2,2,2,6,2,2,2,0,4,0,4,2,2,2,0,0,2,0,2,4,2,0,6,0,0,6,0,2,0,2,8,0,2,0,4,6,6,0,2,4,2,0,0,8,10,2,8,2,4,0,2,0,4,2,2,2,0,4,4,0,0,4,2,0,0,0,0,2,2,2,0,8,10,2,0,0,2,0,2,0,0,2,2,0,0,2,2,4,0,0,0,0,0,10,16,6,0,0,4,0,0,6,4,0,2,6,10,2,2,20,2,0,0,2,0,0,6,2,0,0,4,8,6,4
CAN,4,16,8,2,32,2,4,1188,1482,78,4,11212,2756,242,10,3970,64,0,94,722,296,110,20,40,128,4,20,70,5294,26,44,8,74,4,4,6098,1740,21724,74,194,82,28,4,1000,2,8,174,120,10,2,278,1632,12322,2,4,3372,44,356,238,1648,0,6812,382,376,1984,20,12,11076,16,10,106,21040,188,2,366,52,20,44,4,0,1456,26,72,76,24,2,28,0,30,510,34,896,358,0,4852,0,1874,4266,310,228,2442,8698,48,0,512,4944,136,560,38,32,0,40,3072,320,14,488,26,68,2,14,188,6,206,224,102,2,610,42,20,64,0,1882,0,78,30,110,36,16,46,70,10,2,30,82,1036,36,22,12,704,16,7000,2592,204,0,1826,262,1380,148,404,426,6,22,2524,2,6,1864,52,188,0,528,0,790,2068,122,2968,80,110,1908,4,0,2,32,14,2,10,458,8,2,8,308,452,4340,10,4,24,42,0,6,8,828,4,0,2,2,50,492,1974,0,1900,214,316,268,184,49542,28,10,0,82,0,0,444,10,4,18,74,2530,104,96
CHE,2,26,8,0,48,10,2,426,926,280,0,5304,5002,172,18,5048,68,0,112,220,542,34,8,86,248,0,2,60,2688,12,34,10,66,8,6098,8,1004,6090,126,158,138,122,0,716,0,6,86,110,2,0,394,1960,20362,0,2,3432,30,84,236,678,0,7272,500,230,1982,12,0,11778,4,8,32,17732,336,0,274,10,36,60,6,12,2316,0,10,44,16,0,10,0,12,806,22,1240,378,0,2394,0,1476,1108,64,214,1616,12002,40,0,170,3266,94,464,50,60,0,4,1632,202,44,268,22,50,0,60,242,38,440,302,292,0,248,48,38,74,0,912,0,114,50,128,54,142,56,106,6,0,16,136,470,46,16,24,362,4,8010,2368,152,2,924,80,498,118,304,356,4,22,2740,0,0,2322,42,100,0,300,2,1086,2014,114,642,84,104,1194,2,0,0,46,10,4,4,738,12,2,6,470,764,4194,18,0,14,16,0,14,14,634,10,0,12,0,10,136,1630,2,876,264,274,572,130,21722,136,4,0,56,0,0,262,2,2,36,16,1720,126,124
CHL,0,2,14,2,8,8,0,216,1600,50,0,1670,490,96,6,676,12,0,14,108,136,4,6,6,102,0,0,122,2528,8,12,2,24,2,1740,1004,0,1680,22,32,18,6,2,1212,0,0,196,102,0,0,56,484,2838,0,0,736,66,42,554,230,0,4206,80,62,448,0,6,2186,0,0,12,3752,110,2,44,0,2,12,2,0,402,6,4,108,10,0,2,0,62,124,20,256,92,0,1150,0,370,338,30,40,488,2100,12,0,50,1014,72,74,8,6,0,4,614,20,4,54,4,12,2,2,30,4,56,38,46,0,166,10,10,12,0,1338,0,26,4,16,0,4,10,20,2,0,8,8,258,8,10,2,116,20,1292,414,38,0,340,30,264,110,702,170,2,4,642,0,0,744,148,76,0,58,0,328,546,12,334,14,22,144,4,0,0,6,44,0,0,238,4,0,4,150,148,782,0,0,4,4,0,4,6,184,0,0,2,0,10,60,468,0,440,20,48,98,302,5552,14,56,0,202,0,0,90,2,0,10,26,714,14,30
CHN,0,116,16,0,50,2,0,1974,936,310,0,30656,2988,286,62,4940,72,0,26,1706,488,114,8,64,598,0,6,44,3620,18,194,14,72,14,21724,6090,1680,208,72,238,86,26,0,814,2,4,76,174,2,4,428,2492,21832,0,0,5266,28,452,436,5978,44,7960,594,768,3832,42,0,12310,16,6,40,40618,388,2,954,8,18,46,0,2,2042,16,10,30,8,0,18,2,16,734,12,1424,1018,0,10082,0,2422,4998,1088,236,2486,10128,30,2,424,18186,494,640,142,90,2,20,12956,400,72,304,18,78,0,6,532,14,406,282,248,0,504,30,30,54,4,1802,0,108,32,74,322,142,338,48,14,0,52,86,5434,50,14,22,1558,4,8478,3306,546,0,3190,426,14566,92,336,1242,2,24,4430,0,144,2430,34,182,2,944,0,1580,6514,158,10290,432,72,13826,2,0,0,72,4,0,14,830,8,2,10,694,636,7388,12,0,10,96,0,14,48,3628,76,2,4,0,28,566,3712,0,9106,294,158,1046,128,95046,638,10,2,56,0,0,1774,0,14,18,376,2822,106,94
CIV,0,4,12,0,4,0,0,2,20,4,0,60,20,2,10,54,66,0,82,12,4,2,0,0,2,0,0,10,44,0,6,2,10,8,74,126,22,72,0,72,48,26,0,22,0,4,6,2,0,0,2,16,98,0,0,18,4,12,4,18,2,56,8,50,12,2,0,394,0,0,24,186,4,0,68,0,20,16,6,2,4,0,0,6,12,0,0,0,2,4,10,4,20,0,56,0,4,14,2,2,14,58,2,0,4,20,6,82,2,8,2,0,12,2,8,6,12,4,0,2,8,12,4,0,2,0,44,2,0,14,0,20,0,2,50,0,8,0,4,40,16,0,12,28,18,14,4,30,74,2,66,10,12,0,12,2,18,8,16,12,0,6,16,0,0,30,2,2,0,0,0,16,22,24,12,16,94,16,0,0,2,22,2,0,0,8,12,0,2,6,4,28,10,0,4,0,0,12,34,30,0,0,2,0,0,6,28,0,14,54,50,6,6,214,2,0,0,8,0,0,18,2,0,0,4,76,28,28
CMR,0,2,14,0,8,0,0,34,44,8,0,150,52,10,28,182,106,0,74,30,12,8,0,6,2,0,0,16,124,6,8,2,78,26,194,158,32,238,72,4,118,64,0,44,0,2,6,4,0,0,4,64,360,0,0,50,8,24,22,110,2,84,16,80,28,0,0,502,2,2,58,514,14,0,140,0,20,26,6,2,30,0,0,10,10,0,4,0,4,20,8,20,44,0,276,0,16,56,40,8,22,168,12,0,22,106,14,188,12,18,2,0,52,10,6,10,8,14,0,2,24,14,6,6,6,0,88,2,0,14,0,48,0,6,20,2,6,4,12,50,12,0,8,50,50,20,4,20,210,2,94,52,26,0,32,12,96,20,24,44,0,10,52,0,0,32,4,4,0,22,0,52,44,56,116,30,80,28,0,0,2,18,4,0,4,28,16,4,4,16,12,64,16,0,6,10,0,34,22,48,2,0,4,0,2,26,102,0,70,108,102,16,6,560,12,0,0,10,0,0,56,4,0,0,10,410,58,74
COD,0,2,10,0,6,0,0,14,28,6,0,68,14,6,22,272,32,0,36,36,4,4,0,2,2,0,0,8,54,2,4,2,22,4,82,138,18,86,48,118,8,58,0,30,0,2,2,4,0,0,8,26,100,0,0,20,4,24,10,40,2,40,8,68,18,0,0,180,0,0,22,238,4,0,76,0,24,10,4,2,12,0,0,14,8,0,4,0,2,14,12,8,34,0,58,0,14,18,8,4,8,52,2,0,8,56,6,128,4,6,2,0,18,4,10,2,22,10,0,0,18,12,6,10,4,0,22,2,0,8,0,22,0,4,58,0,6,2,12,36,12,0,6,38,28,10,0,14,128,2,70,48,28,0,16,10,50,20,16,20,2,4,18,0,0,20,2,2,0,8,0,16,18,46,14,18,32,20,0,0,2,30,2,0,4,12,16,2,2,8,4,54,8,0,2,2,0,6,14,46,2,0,2,0,2,26,10,0,24,58,110,10,4,360,6,0,0,4,2,0,24,2,0,0,10,164,50,40
COG,0,4,8,0,2,0,0,2,10,2,0,34,8,0,6,50,32,0,36,8,0,0,0,0,2,0,0,2,28,0,0,0,6,6,28,122,6,26,26,64,58,4,0,6,0,0,2,0,0,0,2,8,124,0,0,46,2,0,6,32,0,22,0,26,8,0,0,130,0,0,44,208,2,0,58,0,8,10,4,2,4,0,0,2,2,0,0,0,0,2,4,6,14,0,52,0,4,6,2,2,2,44,2,0,2,12,4,92,0,2,0,0,6,0,6,2,14,0,0,0,6,6,2,2,0,0,14,2,0,8,0,18,0,0,14,0,4,0,0,32,4,0,2,14,6,4,0,6,66,0,36,14,6,0,2,6,20,10,6,22,0,2,2,0,0,26,4,2,0,2,0,2,8,24,14,8,36,8,0,0,0,18,0,0,0,0,6,0,0,2,4,30,2,0,4,6,0,4,6,18,2,0,2,0,0,2,2,0,2,36,52,4,2,184,0,0,0,0,0,2,8,0,0,0,4,98,38,30
COK,0,0,0,0,0,0,0,0,0,0,0,8,0,0,0,0,0,0,0,0,0,0,2,0,0,0,2,0,0,0,0,0,0,0,4,0,2,0,0,0,0,0,0,0,0,0,0,0,0,0,0,0,0,0,0,2,0,0,2,0,0,2,0,0,0,0,0,2,0,0,0,8,0,0,0,0,0,0,0,0,2,0,0,0,0,0,0,0,0,2,0,0,0,0,0,0,2,0,0,0,0,2,0,0,0,0,0,0,0,0,0,2,0,0,0,0,0,0,0,0,2,0,0,0,0,0,0,0,0,0,0,2,0,0,0,0,0,0,0,0,0,2,0,0,0,0,0,0,0,0,0,0,0,0,6,0,0,0,0,0,0,0,0,0,0,6,0,0,0,0,0,0,0,0,0,0,0,0,0,0,0,0,0,0,0,0,0,0,0,0,0,0,0,0,2,0,0,0,0,0,0,0,0,0,2,0,0,0,0,0,0,0,0,4,0,0,0,0,0,0,0,0,0,0,0,2,0,0
COL,0,6,26,0,10,6,0,186,1030,154,0,942,412,98,8,488,26,0,16,102,226,22,2,12,206,2,0,138,2518,12,16,4,24,4,1000,716,1212,814,22,44,30,6,0,0,0,2,238,66,4,2,160,402,1292,0,0,378,68,32,578,332,0,2610,178,102,310,4,0,1194,6,6,14,2120,238,2,86,0,4,24,2,0,344,0,0,102,18,0,14,0,50,208,18,330,142,0,618,0,364,308,92,24,236,1090,24,0,46,404,42,136,24,18,0,4,346,160,12,76,8,22,0,0,162,2,150,32,138,0,178,4,0,18,2,1536,0,24,16,10,12,110,12,30,2,0,12,20,266,8,8,6,180,30,760,298,72,0,280,30,308,184,676,238,2,18,510,0,0,600,112,78,0,158,0,294,526,18,288,22,44,188,2,0,0,8,40,0,0,276,4,2,8,138,136,550,2,0,4,2,0,2,4,258,2,0,4,0,12,52,452,0,334,34,56,240,190,3666,110,0,4,294,0,0,122,2,0,2,14,388,28,34
COM,0,0,0,0,0,0,0,0,0,0,0,0,0,0,0,0,0,0,0,0,0,0,0,0,0,0,0,0,0,0,0,0,0,0,2,0,0,2,0,0,0,0,0,0,0,0,0,0,0,0,0,0,0,0,0,0,0,0,0,0,0,0,0,0,0,0,0,6,0,0,0,0,0,0,0,0,0,0,0,0,0,0,0,0,0,0,0,0,0,0,0,0,0,0,0,0,0,0,0,0,0,0,0,0,0,0,0,0,0,0,0,0,0,0,0,0,0,0,0,0,0,0,0,0,0,0,4,0,0,4,0,0,0,0,0,0,0,0,0,0,0,0,2,0,0,0,2,0,0,0,0,0,0,0,0,0,0,0,0,0,0,0,0,0,0,0,0,0,0,0,0,0,0,0,0,0,2,0,0,0,0,0,0,0,0,0,0,0,0,0,0,0,0,0,0,0,0,0,0,0,0,0,0,0,0,2,0,0,0,2,0,0,0,0,0,0,0,0,0,0,0,0,0,0,0,0,0,0
CPV,0,0,4,0,0,0,0,0,0,0,0,6,4,0,0,0,0,0,2,0,0,0,0,0,0,0,0,0,14,0,0,0,0,0,8,6,0,4,4,2,2,0,0,2,0,0,0,0,0,0,2,0,10,0,0,4,0,0,0,2,0,38,0,0,0,0,0,10,2,0,0,36,2,0,6,0,4,0,2,0,0,0,0,0,0,0,0,0,0,0,0,0,0,0,0,0,0,0,2,2,2,6,0,0,0,2,2,2,0,0,0,0,0,0,0,0,2,0,0,0,0,0,0,0,0,0,0,0,0,0,0,2,0,0,2,0,0,0,0,4,4,0,2,0,0,0,0,0,0,0,2,2,0,0,0,0,0,0,2,0,0,0,2,0,0,60,0,0,0,0,0,0,2,2,2,0,10,0,0,0,0,0,0,0,0,0,0,2,0,0,2,2,0,0,0,0,0,0,2,0,0,0,0,0,0,0,2,0,2,2,0,2,0,20,0,0,0,0,0,0,0,0,0,0,0,2,2,2
CRI,0,0,2,0,2,2,0,10,202,6,0,106,54,2,0,60,6,0,4,8,8,0,4,2,0,4,0,38,318,2,2,2,0,0,174,86,196,76,6,6,2,2,0,238,0,0,0,18,0,0,12,26,192,0,0,38,38,0,148,0,0,314,14,12,36,0,0,152,0,0,2,244,6,0,10,0,0,2,0,0,22,0,0,60,4,0,0,0,40,10,12,16,18,0,40,0,22,24,0,2,38,140,6,0,2,42,4,32,0,0,0,2,36,2,0,8,2,0,0,0,12,2,4,8,14,0,8,4,0,2,0,240,0,6,4,2,2,0,6,4,0,0,0,0,20,2,2,0,14,28,102,28,6,0,42,0,10,116,168,20,0,0,26,0,0,76,46,2,0,2,0,16,22,4,14,6,4,24,0,0,0,2,38,0,0,8,2,0,0,8,12,66,2,0,2,0,0,0,2,12,0,0,2,0,4,4,20,0,30,8,22,10,70,654,0,0,0,60,0,0,8,0,0,0,0,46,4,6
CUB,0,0,8,0,2,0,0,4,74,64,0,30,92,62,2,98,2,0,2,10,4,0,2,0,2,0,0,18,238,6,2,0,2,2,120,110,102,174,2,4,4,0,0,66,0,0,18,0,0,2,0,72,188,0,0,82,34,0,90,10,0,204,4,4,78,0,0,146,0,0,2,152,2,0,2,0,0,0,0,0,68,0,0,18,0,0,0,0,20,66,6,70,88,0,104,0,8,14,4,0,28,158,6,0,6,88,2,4,2,6,0,0,70,0,6,2,0,2,2,0,6,0,4,2,2,0,4,2,0,4,0,290,0,6,2,0,0,0,4,2,2,0,0,2,18,0,2,0,6,10,126,82,2,0,12,0,68,18,104,14,0,2,76,0,0,30,16,0,0,0,0,68,94,2,12,2,6,14,0,0,0,0,12,0,0,6,0,0,0,70,2,84,0,0,0,2,0,2,4,76,0,0,2,0,2,4,76,0,16,2,2,64,30,294,2,0,0,26,0,0,12,0,0,0,2,100,2,0
CUW,4,0,0,0,0,0,0,0,0,0,0,12,6,0,0,0,0,0,0,0,0,0,0,0,0,0,0,0,0,0,0,0,0,0,10,2,0,2,0,0,0,0,0,4,0,0,0,0,0,0,0,4,10,0,0,0,0,0,0,0,0,2,0,0,0,0,2,4,0,0,0,8,0,0,0,0,0,0,0,0,0,0,0,0,0,0,0,0,2,2,0,0,2,0,2,0,0,0,0,0,0,0,0,0,0,4,0,0,0,0,0,0,0,0,0,0,0,0,0,0,0,0,0,0,0,2,0,0,0,0,0,0,0,0,0,0,0,0,0,0,0,0,0,0,0,0,0,0,0,0,48,0,0,0,2,0,0,0,0,0,0,0,0,0,0,0,0,0,0,0,0,0,0,0,2,0,0,0,0,0,0,0,0,0,0,0,0,0,0,0,0,4,0,0,0,0,0,0,0,0,0,0,0,0,0,0,0,0,0,0,0,0,0,26,0,0,0,0,0,0,0,0,0,0,0,0,0,0
CYM,0,0,0,2,0,0,0,2,4,0,0,4,2,0,0,2,0,0,0,0,0,0,0,0,0,0,4,0,2,0,0,0,0,0,2,0,0,4,0,0,0,0,0,2,0,0,0,2,0,0,2,0,0,0,0,0,0,0,0,0,0,6,0,0,0,0,2,4,0,0,0,20,0,0,0,2,0,0,0,0,2,4,0,0,0,0,0,0,0,0,0,0,0,0,2,2,2,0,0,0,6,6,2,0,0,0,0,0,0,0,0,0,0,0,0,0,0,0,0,0,0,0,2,0,0,2,0,0,0,0,0,2,0,0,0,4,0,0,0,0,0,2,0,0,4,0,0,0,0,0,0,2,0,0,0,0,0,0,2,0,0,0,0,0,0,0,0,0,0,0,0,0,0,0,0,0,0,0,4,0,0,0,0,0,0,0,0,0,0,0,0,6,0,0,0,0,4,0,0,0,0,0,0,0,0,0,2,0,0,0,0,0,0,26,0,0,0,0,2,0,0,0,2,0,0,0,0,0
CYP,0,2,0,0,28,0,0,90,50,128,0,386,316,18,0,352,10,0,6,30,194,4,2,30,128,0,2,2,218,6,6,0,2,0,278,394,56,428,2,4,8,2,0,160,0,2,12,0,0,2,0,226,776,0,0,186,2,36,128,226,0,614,178,20,322,2,2,570,0,0,0,1368,144,0,12,2,0,8,0,0,1502,0,0,4,0,0,2,0,4,240,0,208,30,0,254,2,256,290,22,32,162,788,0,0,42,116,24,24,6,0,0,0,188,122,0,102,2,8,0,0,120,2,184,34,150,0,20,6,6,2,0,142,0,44,6,44,4,134,6,0,2,0,4,2,180,0,0,0,46,0,352,178,14,0,150,20,214,14,24,20,0,0,352,0,0,374,0,22,0,116,0,190,310,0,182,6,6,48,6,0,0,4,2,2,0,232,2,0,0,44,106,280,2,0,2,8,2,2,0,158,2,0,0,0,0,28,594,0,152,10,12,134,6,974,112,0,0,0,0,0,16,0,2,8,10,140,0,2
CZE,0,4,4,0,50,4,2,204,388,250,0,1590,2350,174,10,1718,20,0,14,90,504,12,2,106,268,0,0,20,1046,4,28,4,30,10,1632,1960,484,2492,16,64,26,8,0,402,0,0,26,72,4,0,226,4,5244,0,0,1172,26,106,176,456,0,2914,402,100,1114,2,0,3112,4,4,14,4220,272,2,54,2,2,24,0,0,1038,2,2,14,10,0,2,0,6,724,2,1140,184,0,1732,0,600,860,164,108,678,3640,4,0,242,1352,140,76,20,10,2,0,792,208,4,110,4,18,0,2,152,2,452,94,286,0,174,6,32,16,2,496,0,108,6,56,6,152,36,12,2,0,4,4,476,20,2,4,112,4,1976,928,54,0,400,60,664,62,150,124,0,38,3152,0,0,1148,14,74,0,174,0,770,1886,12,758,14,12,266,2,2,0,2,2,4,0,650,2,0,6,2250,676,1684,0,0,2,10,0,2,2,358,2,0,2,0,4,78,1116,0,770,20,26,684,52,4878,144,0,0,38,0,0,220,0,0,18,14,622,18,12
DEU,0,34,32,0,88,10,2,962,2020,404,0,11502,13808,242,16,9890,120,0,102,438,1024,68,24,174,422,4,14,80,6486,18,44,16,98,6,12322,20362,2838,21832,98,360,100,124,0,1292,0,10,192,188,10,0,776,5244,68,4,0,8026,24,322,432,2522,0,17176,920,566,4838,30,6,22488,12,8,168,37426,580,2,444,16,28,64,8,2,4472,10,40,56,16,0,24,0,24,1588,8,3154,780,0,6192,0,3086,3300,422,474,4124,22732,28,2,554,9128,304,654,84,46,0,6,4250,282,36,320,20,72,0,88,276,4,868,906,606,0,470,74,138,124,2,2208,0,234,52,266,74,170,192,108,10,2,40,78,982,122,40,22,712,10,18758,5224,248,0,1760,228,1658,188,530,484,2,32,7874,0,8,4690,48,152,4,512,0,2146,6890,106,2208,144,110,1982,2,0,2,70,28,2,0,1414,4,4,12,1106,1584,10738,22,0,18,66,0,8,32,1192,18,2,8,2,26,450,3640,0,2258,350,314,1510,232,49794,234,24,2,90,0,0,782,14,2,62,50,3118,128,110
DJI,0,0,0,0,0,0,0,0,0,0,0,0,0,0,0,0,0,0,0,0,0,0,0,0,0,0,0,0,0,0,0,0,0,0,2,0,0,0,0,0,0,0,0,0,0,0,0,0,0,0,0,0,4,0,0,0,0,6,0,2,0,0,0,2,0,0,0,18,0,0,0,4,0,0,0,0,0,0,0,0,0,0,0,0,0,0,0,0,0,0,0,0,0,0,2,0,0,0,0,0,2,4,0,0,0,0,0,4,0,0,0,0,0,0,0,0,0,0,0,0,0,0,0,0,0,0,10,0,0,0,0,0,0,0,0,0,0,0,0,0,0,0,0,0,0,0,0,2,0,0,0,0,0,0,0,0,2,0,0,0,0,0,0,0,0,0,0,0,0,0,0,0,0,0,2,0,0,0,0,0,0,0,0,0,0,0,0,0,0,0,0,0,0,0,0,0,0,0,0,0,0,0,0,0,0,4,0,0,0,0,0,0,0,4,0,0,0,0,0,0,0,0,0,0,0,0,0,0
DMA,0,0,0,0,0,0,0,0,0,0,0,2,0,0,0,0,0,0,0,0,0,0,0,0,0,0,0,0,0,2,0,0,0,0,4,2,0,0,0,0,0,0,0,0,0,0,0,0,0,0,0,0,0,0,0,4,0,0,0,0,0,0,0,0,0,0,0,2,0,0,0,2,0,0,0,0,0,0,0,0,0,0,0,0,0,0,0,0,0,0,0,0,0,0,2,0,0,0,0,0,2,2,0,0,0,0,0,0,0,0,0,0,0,0,0,0,0,0,0,0,0,0,0,0,0,0,0,0,0,0,0,2,0,0,0,0,0,0,0,0,0,0,0,0,0,0,0,0,4,0,2,0,0,0,0,0,0,0,0,0,0,0,0,0,0,0,0,0,0,0,0,0,0,0,0,0,0,0,0,0,0,0,0,0,0,0,0,0,0,0,0,0,0,0,0,0,0,0,0,0,0,0,0,0,0,0,0,0,0,0,0,0,0,12,0,0,0,0,0,0,0,0,0,0,0,0,0,0
DNK,0,4,12,0,34,6,0,300,578,102,0,3878,1838,170,8,2656,36,0,22,142,264,10,6,72,118,2,2,20,1528,10,14,8,36,4,3372,3432,736,5266,18,50,20,46,2,378,0,4,38,82,0,0,186,1172,8026,0,4,0,14,40,78,292,0,4578,338,116,2086,10,4,4648,82,4,20,11106,148,2,128,0,0,22,74,0,1204,2,180,18,8,0,8,0,4,448,4,656,198,0,1274,0,1026,882,62,464,964,4932,8,0,52,1750,76,166,20,24,0,18,990,70,18,94,6,34,0,6,72,0,306,228,150,0,144,20,16,28,0,480,0,70,18,126,22,18,26,40,6,0,22,24,326,24,2,10,126,8,4994,3554,64,0,628,50,350,58,148,184,0,16,1622,0,0,1516,18,76,0,170,0,598,946,22,466,26,48,612,2,2,0,6,2,2,0,372,4,0,2,342,534,5526,2,0,8,8,0,4,8,310,18,2,4,0,8,44,964,0,502,156,88,240,80,10786,18,2,0,34,2,0,136,0,6,14,14,862,36,40
DOM,0,0,2,0,2,0,0,2,62,4,0,34,14,4,4,26,4,0,2,8,10,2,0,2,2,0,2,16,54,2,0,2,4,2,44,30,66,28,4,8,4,2,0,68,0,0,38,34,0,0,2,26,24,0,0,14,0,0,44,20,0,134,4,6,8,0,0,38,0,0,4,62,4,0,8,0,0,0,0,0,8,0,0,40,0,0,0,0,22,6,18,10,8,0,38,0,10,6,2,2,18,42,6,0,8,8,4,4,4,2,0,4,8,0,4,8,0,4,2,0,6,0,6,2,4,0,8,0,0,4,0,86,0,4,2,0,2,0,8,8,2,0,2,4,14,0,0,0,10,14,26,12,4,0,16,2,12,34,48,12,0,4,14,0,0,24,24,2,0,10,0,8,10,6,6,4,2,14,0,0,0,0,24,0,0,8,2,0,0,8,8,18,0,0,0,2,0,2,2,8,0,0,2,0,2,4,16,0,18,4,4,4,26,236,4,0,0,26,0,0,6,0,0,0,4,12,6,0
DZA,0,10,2,0,16,2,0,296,34,6,0,148,42,4,2,190,12,0,8,60,28,24,0,12,4,0,0,2,110,2,8,0,12,2,356,84,42,452,12,24,24,0,0,32,0,0,0,0,0,0,36,106,322,6,0,40,0,0,12,618,0,554,16,54,62,2,0,1950,0,0,10,470,14,0,34,0,2,6,0,0,100,0,0,4,0,0,2,0,0,50,2,26,58,0,500,0,42,280,168,8,32,472,0,0,182,86,18,58,4,2,0,6,266,70,0,70,0,40,0,0,14,0,8,8,12,0,232,0,0,2,0,82,0,18,18,18,4,12,12,2,8,0,16,2,226,6,4,10,98,0,70,50,24,0,34,38,306,6,24,18,0,0,172,0,0,236,2,44,0,78,0,134,130,12,1320,64,14,50,0,0,0,16,0,0,4,64,0,0,0,24,30,88,0,2,2,42,0,2,0,98,6,0,0,0,2,450,498,0,112,10,30,30,10,436,4,0,0,6,0,0,108,0,0,22,44,134,12,8
ECU,0,4,4,0,16,2,0,42,366,124,0,306,188,8,4,292,4,0,8,54,132,2,2,6,128,0,4,84,702,2,4,0,4,2,238,236,554,436,4,22,10,6,2,578,0,0,148,90,0,0,128,176,432,0,0,78,44,12,0,160,0,1572,128,22,158,4,0,412,0,0,2,610,120,0,16,0,0,2,0,0,150,2,0,78,8,0,8,0,50,144,20,144,44,0,356,0,162,176,36,6,32,376,6,0,20,100,40,36,6,2,0,0,166,110,2,22,0,6,2,0,134,0,122,0,118,0,36,0,0,12,0,544,0,8,8,0,6,114,8,6,4,2,8,6,160,4,2,0,30,22,180,86,24,0,172,8,274,94,346,44,0,2,188,0,0,294,84,2,0,114,0,146,168,10,104,8,8,30,4,0,0,2,42,0,0,148,0,0,6,22,22,90,2,0,6,4,0,4,2,154,0,0,2,0,2,12,218,0,138,18,36,130,112,1172,120,0,0,270,0,0,16,4,0,4,10,78,8,4
EGY,0,96,2,2,22,0,2,1976,182,152,6,1488,514,44,8,666,22,0,20,646,276,206,2,36,184,0,0,16,702,10,46,4,50,6,1648,678,230,5978,18,110,40,32,0,332,0,2,0,10,0,0,226,456,2522,2,0,292,20,618,160,4,4,1308,210,278,486,4,0,1146,8,6,16,3482,168,0,170,0,8,22,2,0,634,4,0,18,0,0,8,0,6,290,2,466,366,0,4256,0,418,1006,1198,12,188,1866,6,0,1014,1702,136,242,28,14,2,8,1442,598,6,480,6,208,0,0,188,0,184,24,146,2,448,2,4,8,2,528,0,42,32,38,18,140,24,20,6,0,20,46,1578,24,4,10,652,4,520,242,176,0,228,476,4036,22,110,144,0,6,938,0,0,486,22,204,0,486,0,572,1506,48,20758,406,36,262,0,0,2,22,2,0,22,308,2,2,0,192,104,610,2,14,4,152,0,6,12,704,2,0,2,0,6,716,1740,0,790,46,100,216,38,5450,206,0,2,20,0,0,314,2,0,32,636,664,50,32
ERI,0,0,0,0,0,0,0,0,0,0,0,2,0,0,2,0,2,0,2,0,0,0,0,0,0,0,0,0,0,0,0,0,0,2,0,0,0,44,2,2,2,0,0,0,0,0,0,0,0,0,0,0,0,0,0,0,0,0,0,4,0,4,0,6,2,0,0,10,0,0,0,2,0,0,2,0,2,2,2,0,0,0,0,0,0,0,0,0,0,0,0,2,0,0,10,0,2,0,0,0,0,4,0,0,0,0,0,2,0,0,2,0,0,0,0,0,0,0,0,0,0,0,0,0,0,0,2,0,0,0,0,0,0,0,2,0,0,0,0,2,6,0,0,2,0,0,0,2,10,0,10,0,2,0,0,0,4,0,0,0,0,0,0,0,0,0,0,0,0,0,0,0,0,4,8,6,2,0,0,0,2,0,0,0,0,0,2,0,0,0,0,0,0,0,0,0,0,2,0,0,0,0,0,0,0,0,0,0,0,2,4,0,0,10,2,0,0,0,0,0,2,2,0,0,8,0,2,2
ESP,0,16,102,0,82,50,2,650,2822,208,4,6678,3980,136,10,6552,50,0,50,308,776,38,10,110,264,2,4,88,5990,10,34,4,42,6,6812,7272,4206,7960,56,84,40,22,2,2610,0,38,314,204,2,6,614,2914,17176,0,0,4578,134,554,1572,1308,4,12,696,196,2802,24,6,15626,18,6,38,22532,348,2,124,16,10,46,8,6,3322,24,6,96,26,0,16,0,54,1146,12,1726,268,0,3632,2,2494,2166,198,318,2238,18890,18,0,302,4164,178,234,30,30,0,4,2554,276,18,382,12,56,0,6,180,4,706,364,420,0,812,74,42,44,0,3816,0,184,36,198,14,156,22,208,14,0,30,38,800,24,22,8,366,32,9112,3108,138,0,1136,130,1334,190,720,316,0,44,4770,2,0,7730,148,134,0,342,2,1686,2858,42,2136,70,72,1148,8,0,0,18,32,2,0,1100,2,6,12,644,1100,5702,6,2,18,34,4,4,10,624,6,0,2,2,8,680,2756,0,1370,98,116,672,460,24110,148,18,0,272,2,0,388,4,6,36,40,1646,40,38
EST,0,2,2,0,22,4,0,48,72,148,0,528,450,16,8,474,10,0,2,30,212,10,2,40,146,0,0,6,320,0,8,4,14,2,382,500,80,594,8,16,8,0,0,178,0,0,14,4,0,0,178,402,920,0,0,338,4,16,128,210,0,696,0,32,836,0,0,630,0,2,16,1154,148,2,22,0,0,10,0,0,350,0,2,8,6,0,0,0,2,252,2,276,50,0,388,0,242,258,26,96,126,690,4,0,20,216,44,26,14,6,0,0,234,122,2,20,4,12,0,0,152,0,314,36,384,0,22,0,10,2,0,244,0,46,2,28,0,122,14,8,2,0,4,2,166,6,4,2,34,2,456,400,24,0,198,14,258,16,26,22,0,12,520,0,0,380,4,0,0,124,0,196,438,4,168,4,6,74,0,0,0,0,2,2,0,224,0,2,2,88,120,698,0,0,0,2,0,2,2,158,4,0,2,0,4,38,292,0,200,10,18,234,10,864,112,0,0,14,0,0,70,0,0,4,8,102,4,6
ETH,0,8,8,0,10,0,0,110,54,18,0,636,100,20,16,302,36,0,32,122,36,24,0,8,16,0,0,12,168,4,12,2,134,6,376,230,62,768,50,80,68,26,0,102,0,0,12,4,0,0,20,100,566,2,0,116,6,54,22,278,6,196,32,0,100,4,0,234,2,6,10,1034,30,0,196,0,14,42,2,0,38,0,0,18,0,0,10,0,6,54,12,64,98,0,3416,0,84,130,146,18,48,240,6,0,68,170,48,384,22,16,2,0,380,34,6,32,16,34,0,0,56,16,10,8,8,0,86,2,0,10,0,116,0,8,48,2,18,2,24,50,6,0,16,86,246,28,0,18,322,2,298,228,82,0,68,94,368,22,80,70,0,10,150,0,0,86,6,12,0,54,0,50,100,92,992,62,40,78,0,0,2,40,4,0,14,56,20,2,0,28,20,260,24,0,6,20,0,8,8,120,4,0,4,0,4,58,128,0,162,162,182,22,10,1390,20,0,0,8,0,0,116,2,0,2,18,546,90,54
FIN,0,6,18,0,30,4,2,208,246,226,0,2028,1324,88,10,1792,20,0,16,156,338,28,2,46,188,0,2,12,996,6,14,2,38,2,1984,1982,448,3832,12,28,18,8,0,310,0,0,36,78,0,0,322,1114,4838,0,0,2086,8,62,158,486,2,2802,836,100,0,0,0,2862,8,6,8,5788,158,2,80,0,2,22,2,0,1006,0,20,18,2,0,8,0,6,498,2,742,206,0,1164,0,786,888,68,344,484,3162,14,0,88,1228,90,106,28,16,0,0,784,170,2,76,2,44,0,12,180,2,462,124,306,0,116,12,16,24,4,508,0,64,8,34,10,130,16,14,4,0,6,22,406,30,4,4,164,4,2748,2178,60,0,480,46,458,30,132,60,0,12,1518,0,0,1246,14,20,0,256,0,512,1444,18,588,16,22,466,0,0,0,4,8,2,2,352,2,6,10,256,310,4412,0,0,10,20,0,4,2,310,0,0,2,0,8,94,766,0,416,32,44,354,40,5616,132,0,0,24,0,0,136,0,2,14,34,620,16,14
FJI,0,0,0,0,0,0,0,6,2,0,0,200,6,0,0,16,0,0,0,10,2,0,2,0,0,2,0,4,10,14,0,0,0,0,20,12,0,42,2,0,0,0,0,4,0,0,0,0,0,0,2,2,30,0,0,10,0,2,4,4,0,24,0,4,0,0,0,40,0,4,0,94,0,0,6,0,0,0,0,0,8,2,0,0,0,0,0,0,0,2,2,0,12,0,62,0,6,16,6,0,0,38,2,0,0,24,0,12,0,0,4,0,10,0,2,2,0,0,0,0,0,0,0,0,0,0,4,2,0,0,0,12,2,0,0,2,0,2,0,0,0,0,0,2,14,4,14,2,18,0,12,18,2,2,30,2,8,0,4,18,4,18,4,0,0,8,0,0,0,4,0,2,6,6,18,0,0,2,0,0,10,2,0,0,0,0,0,0,0,0,2,8,0,0,4,0,0,0,0,6,0,0,0,24,6,2,6,4,8,2,6,2,2,86,0,0,0,0,0,0,4,6,8,0,0,20,4,2
FLK,0,0,0,0,0,0,0,0,6,0,0,18,2,0,0,6,0,0,0,0,0,0,0,0,0,0,2,0,0,0,0,0,0,0,12,0,6,0,0,0,0,0,0,0,0,0,0,0,2,2,2,0,6,0,0,4,0,0,0,0,0,6,0,0,0,0,0,6,0,0,2,66,0,0,0,2,0,0,0,0,0,0,4,0,0,0,0,0,0,0,0,0,0,0,0,2,2,0,0,6,0,4,0,0,0,4,0,0,0,0,0,0,0,0,0,0,0,0,0,0,0,0,2,0,0,0,0,0,0,0,0,0,0,0,0,0,0,0,0,0,0,0,0,0,0,2,0,0,0,0,2,4,0,0,14,0,0,2,2,0,0,0,0,0,0,6,0,0,0,0,0,0,6,0,0,0,0,0,4,0,0,0,0,0,0,0,0,0,0,0,0,0,0,0,0,0,2,0,0,0,0,0,0,0,0,0,0,0,0,0,0,0,0,26,0,0,0,0,0,0,0,0,2,0,0,10,0,0
