,ABW,AFG,AGO,AIA,ALB,AND,ANT,ARE,ARG,ARM,ATG,AUS,AUT,AZE,BDI,BEL,BEN,BES,BFA,BGD,BGR,BHR,BHS,BIH,BLR,BLZ,BMU,BOL,BRA,BRB,BRN,BTN,BWA,CAF,CAN,CHE,CHL,CHN,CIV,CMR,COD,COG,COK,COL,COM,CPV,CRI,CUB,CUW,CYM,CYP,CZE,DEU,DJI,DMA,DNK,DOM,DZA,ECU,EGY,ERI,ESP,EST,ETH,FIN,FJI,FLK,FRA,FRO,FSM,GAB,GBR,GEO,GHA,GIB,GIN,GMB,GNB,GNQ,GRC,GRD,GRL,GTM,GUF,GUY,HND,HRV,HTI,HUN,IDN,IND,IRL,IRN,IRQ,ISL,ISR,ITA,JAM,JOR,JPN,KAZ,KEN,KGZ,KHM,KIR,KNA,KOR,KWT,LAO,LBN,LBR,LBY,LCA,LIE,LKA,LSO,LTU,LUX,LVA,MAF,MAR,MCO,MDA,MDG,MDV,MEX,MHL,MKD,MLI,MLT,MMR,MNE,MNG,MOZ,MRT,MSR,MUS,MWI,MYS,NAM,NCL,NER,NGA,NIC,NIU,NLD,NOR,NPL,NZL,OMN,PAK,PAN,PER,PHL,PLW,PNG,POL,PRK,PRT,PRY,PSE,PYF,QAT,REU,ROU,RUS,RWA,SAU,SDN,SEN,SGP,SHN,SJM,SLB,SLE,SLV,SMR,SOM,SRB,SSD,STP,SUR,SVK,SVN,SWE,SWZ,SXM,SYC,SYR,TCA,TCD,TGO,THA,TJK,TKM,TLS,TON,TTO,TUN,TUR,TUV,TWN,TZA,UGA,UKR,URY,USA,UZB,VAT,VCT,VEN,VGB,VNM,VUT,WSM,XKX,YEM,ZAF,ZMB,ZWE
ABW,0,0,0,0,0,0,0,0,0,0,4,0,0,0,0,4,0,0,0,0,0,0,0,0,0,0,0,0,0,0,0,0,0,0,0,0,0,0,0,0,0,0,0,2,0,0,0,0,0,0,0,0,0,0,2,0,0,0,0,0,0,0,0,0,0,0,0,0,0,0,0,0,0,0,0,0,0,0,0,0,0,0,0,0,0,0,0,0,0,0,4,0,0,0,0,0,0,0,0,2,0,0,0,0,0,0,0,0,0,0,0,0,0,0,0,0,0,0,0,0,0,0,0,0,0,0,0,0,0,0,0,0,0,0,0,0,0,0,0,0,0,0,0,0,0,4,0,0,0,0,0,0,0,0,0,0,0,0,0,0,0,0,0,0,0,0,0,0,0,0,0,0,0,0,0,0,0,0,0,0,0,0,0,0,0,0,0,0,0,0,0,0,0,0,0,0,0,0,0,0,0,0,0,0,0,0,18,0,0,0,0,0,0,0,0,0,0,0,0,0
AFG,0,0,0,2,0,0,0,2,0,0,0,6,2,0,0,10,0,0,2,12,0,0,0,0,2,0,0,4,6,0,0,2,0,0,8,22,0,2,0,2,2,0,0,6,0,0,0,0,0,0,0,0,10,0,0,2,0,2,0,12,0,4,2,8,0,0,0,10,0,0,0,14,0,6,0,2,2,0,0,0,0,0,2,0,0,0,0,2,0,6,20,0,22,0,2,0,0,0,4,40,2,0,0,2,0,0,4,0,0,0,0,0,0,0,4,0,0,4,0,0,6,0,0,0,2,4,0,0,0,0,2,0,0,2,0,0,0,4,8,0,0,0,4,0,0,8,2,4,0,2,32,4,4,4,0,0,4,0,2,0,0,0,0,0,0,2,0,2,0,0,0,0,0,0,2,0,0,0,2,0,0,0,0,0,0,0,0,0,0,0,0,0,4,2,0,0,0,0,4,18,0,0,2,2,0,0,62,0,0,0,2,0,6,0,0,0,0,14,0,0
AGO,0,0,0,0,0,0,0,0,2,0,0,2,4,0,0,2,2,0,2,0,0,0,0,0,0,0,0,0,34,0,0,0,2,0,6,4,4,0,0,2,6,0,0,0,0,2,2,0,0,0,0,2,26,0,0,0,0,2,0,0,2,18,0,4,4,0,0,12,0,0,2,28,0,0,0,0,0,0,0,0,0,0,0,0,0,0,2,0,0,0,4,0,2,0,0,2,6,0,0,0,0,8,0,0,0,0,0,0,0,0,0,0,0,0,0,0,0,0,0,0,0,0,0,0,0,2,0,0,0,0,0,0,0,10,0,0,0,4,0,6,0,2,2,0,0,0,2,0,0,0,0,0,4,0,0,0,0,0,64,0,0,0,0,0,0,4,0,2,0,2,0,0,0,0,0,0,0,2,0,0,0,0,0,0,4,0,0,0,2,0,0,0,0,0,0,0,0,0,0,2,0,0,4,6,0,2,34,0,0,0,0,0,2,0,0,0,0,22,2,2
AIA,0,2,0,0,0,0,0,20,16,12,0,24,16,0,0,22,22,0,0,18,12,20,0,0,0,0,0,0,24,6,14,6,6,0,24,16,16,16,6,16,16,0,0,24,0,0,16,0,0,0,2,0,24,0,0,16,0,16,14,24,0,24,16,24,16,0,0,16,0,16,0,56,8,18,0,0,0,0,0,16,0,0,0,0,0,0,16,0,0,18,24,16,24,18,16,18,16,0,24,24,12,20,16,0,0,0,22,16,0,20,18,4,0,0,18,0,0,16,0,0,8,0,0,0,0,18,0,0,0,6,4,0,0,18,2,0,0,0,24,14,2,0,24,0,0,18,24,18,16,4,24,18,24,22,0,4,24,0,20,0,18,0,20,0,16,20,14,22,2,0,16,0,0,0,0,0,0,0,22,0,0,0,16,12,22,0,0,0,0,0,4,6,0,0,0,0,0,8,14,16,0,18,20,6,16,4,36,0,0,0,0,0,20,0,0,0,12,24,12,0
ALB,0,0,0,0,0,0,0,2,6,4,0,18,38,10,2,30,4,0,0,2,46,2,0,42,10,0,0,2,24,2,2,0,4,0,18,36,12,24,0,2,0,0,0,14,0,0,2,2,0,0,12,34,48,0,0,18,2,4,2,6,0,70,28,2,18,0,0,58,0,0,0,94,10,4,0,0,0,0,0,70,0,0,4,0,0,2,50,2,34,2,10,12,8,2,8,20,206,4,6,66,6,6,2,2,0,2,12,0,0,4,0,2,0,0,2,0,14,6,14,0,10,0,6,2,0,12,0,46,0,6,0,32,0,0,0,0,0,2,6,2,0,0,8,2,0,46,24,2,4,2,14,2,4,2,0,0,52,0,34,6,4,0,4,0,48,26,2,8,6,0,4,0,0,0,0,2,2,0,50,0,0,0,22,56,22,2,0,0,0,0,0,0,4,0,0,0,0,2,12,50,0,6,0,0,12,0,70,2,0,0,2,0,0,0,0,46,0,16,2,0
AND,0,0,0,0,0,0,0,0,2,0,0,0,0,0,0,0,0,0,0,0,0,0,0,0,0,0,0,0,2,0,0,0,0,0,2,2,2,0,0,0,0,0,0,0,0,0,0,0,0,0,0,0,2,0,0,0,0,0,0,0,0,28,0,0,0,0,0,4,0,0,0,2,0,0,0,0,0,0,0,0,0,0,2,0,0,0,0,0,0,0,0,2,0,0,0,0,2,0,0,0,0,0,0,0,0,0,0,0,0,0,0,0,0,0,0,0,0,0,0,0,0,0,0,0,0,0,0,0,0,0,0,0,0,0,0,0,0,0,0,0,0,0,0,0,0,0,0,0,0,0,0,2,0,2,0,0,0,0,0,2,0,0,0,0,0,0,0,0,0,0,0,0,0,0,0,0,0,0,0,0,0,0,0,0,0,0,0,0,0,0,0,0,0,0,0,0,0,0,0,0,0,0,0,0,0,2,4,0,0,0,2,0,0,0,0,0,0,2,0,0
ANT,0,0,0,0,0,0,0,0,0,0,0,0,0,0,0,0,0,0,0,0,0,0,0,0,0,0,0,0,0,0,0,0,0,0,0,0,0,0,0,0,0,0,0,0,0,0,0,0,0,0,0,0,0,0,0,0,0,0,0,0,0,0,0,0,0,0,0,0,0,0,0,0,0,0,0,0,0,0,0,0,0,0,0,0,0,0,0,0,0,0,0,0,0,0,0,0,0,0,0,0,0,0,0,0,0,0,0,0,0,0,0,0,0,0,0,0,0,0,0,0,0,0,0,0,0,0,0,0,0,0,0,0,0,0,0,0,0,0,0,0,0,0,0,0,0,0,0,0,0,0,0,0,0,0,0,0,0,0,0,0,0,0,0,0,0,0,0,0,0,0,0,0,0,0,0,0,0,0,0,0,0,0,0,0,0,0,0,0,0,0,0,0,0,0,0,0,0,0,0,0,0,0,0,0,0,0,2,0,0,0,0,0,0,0,0,0,0,0,0,0
ARE,0,2,0,20,2,0,0,0,160,104,0,686,218,96,2,206,30,0,2,80,34,98,0,6,102,0,0,2,284,4,24,8,10,4,1032,272,182,818,14,58,18,0,0,204,0,0,20,8,0,0,34,164,636,0,2,248,0,156,38,632,0,440,50,74,154,2,0,738,0,26,2,1466,122,36,0,4,0,0,0,436,0,4,0,0,8,0,44,0,148,60,650,72,248,110,24,198,688,20,376,322,38,54,30,0,0,0,310,132,2,200,20,14,0,0,50,0,16,44,12,0,182,0,4,0,4,100,0,4,0,10,8,0,2,26,2,0,6,4,386,18,10,2,98,0,0,372,222,38,134,174,512,20,46,66,0,4,290,0,254,6,66,0,242,0,174,342,20,744,36,6,142,0,0,2,0,0,2,2,180,0,2,2,122,150,358,0,0,2,10,0,4,6,58,0,0,0,2,12,196,278,0,214,36,22,52,26,2398,14,2,0,30,0,68,0,0,0,50,274,14,14
ARG,0,0,2,16,6,2,0,160,0,250,0,1168,630,230,4,624,24,0,8,56,214,18,2,18,252,4,2,98,2518,8,18,8,24,0,1316,952,1474,896,10,44,22,0,0,1042,2,4,160,94,0,2,30,536,2142,0,2,684,48,38,272,110,0,3004,98,42,206,0,2,1924,0,18,0,2348,260,48,0,0,4,0,0,472,2,6,54,4,4,30,96,10,434,66,430,166,128,34,60,498,1582,16,36,732,16,80,22,6,0,2,294,38,0,56,18,6,0,2,36,0,52,40,30,0,268,0,4,4,0,1126,0,14,4,34,6,12,8,28,2,0,8,12,304,28,10,0,76,20,0,970,498,36,210,14,96,78,362,90,2,4,598,4,654,94,134,0,42,0,416,586,24,106,18,18,152,2,0,2,0,18,4,0,334,0,0,6,310,370,710,0,0,6,8,0,4,8,90,0,0,2,2,18,54,468,0,392,28,40,86,526,4776,2,6,0,202,0,48,0,0,0,16,626,22,16
ARM,0,0,0,12,4,0,0,104,250,0,0,454,676,318,0,340,14,0,0,28,458,14,0,4,544,0,0,0,634,0,12,6,8,0,300,668,274,654,6,14,16,2,0,536,0,0,18,64,0,0,310,624,774,0,0,334,0,14,308,308,0,602,320,14,374,0,0,782,0,14,0,1012,580,14,0,0,2,0,0,612,0,0,0,0,0,0,386,0,586,92,418,362,342,14,14,270,754,0,24,384,34,16,26,0,0,0,456,14,2,22,14,6,0,0,250,0,296,18,298,0,236,0,12,0,0,382,0,10,0,4,4,14,12,12,2,0,0,0,502,56,0,0,14,0,0,370,318,24,308,0,394,14,80,26,0,2,694,0,554,0,128,0,300,0,318,938,10,190,0,0,34,0,0,0,0,0,0,0,536,0,0,0,310,244,374,0,0,0,0,0,4,6,368,6,0,0,0,8,16,636,0,540,12,4,412,14,852,62,0,0,2,0,44,0,0,4,14,354,10,0
ATG,4,0,0,0,0,0,0,0,0,0,0,6,4,0,0,0,0,0,0,0,0,0,0,0,0,0,0,0,2,0,0,0,0,0,8,0,0,0,0,0,0,0,0,0,0,0,2,0,0,0,0,0,2,0,2,0,0,0,0,4,0,2,0,0,0,0,0,2,0,0,0,4,0,2,0,0,0,0,0,0,2,0,0,0,0,0,0,0,0,0,2,0,0,0,0,0,0,2,0,0,0,0,0,0,0,0,2,0,0,0,0,0,0,0,0,0,0,0,0,0,2,0,0,0,0,0,0,2,0,0,0,0,0,0,0,0,0,0,2,0,0,0,0,0,0,0,0,0,0,0,0,0,2,2,0,0,0,0,0,0,0,0,0,0,2,0,0,0,0,0,0,0,0,0,0,0,0,0,2,0,0,0,0,2,0,0,0,0,0,0,0,0,0,0,0,0,0,0,2,0,0,0,0,0,0,2,20,0,0,0,0,0,0,0,0,0,0,2,0,0
AUS,0,6,2,24,18,0,0,686,1168,454,6,0,2566,242,8,3878,66,0,38,844,538,60,28,36,434,4,8,32,4048,16,96,54,64,2,10608,5762,1734,26874,44,120,40,12,6,944,2,0,130,56,2,2,330,1586,12594,0,4,3932,8,86,342,780,8,6496,492,316,1946,214,16,8814,2,30,6,26966,482,242,0,16,44,14,0,1518,8,28,46,14,14,10,496,10,1136,1140,4122,1936,2364,464,300,1666,7270,16,332,5480,112,400,44,144,4,26,3076,218,102,214,30,44,2,18,678,6,368,212,230,0,372,38,12,42,14,1160,2,58,32,64,76,10,60,80,2,0,36,68,2648,110,132,4,370,14,2,7674,2514,220,5480,216,1284,112,288,494,14,216,2248,2,1752,22,214,0,710,0,660,2194,70,1888,38,44,3306,0,0,92,20,8,8,6,666,8,4,12,452,638,4952,12,0,20,12,0,4,12,1432,12,0,48,20,30,158,1360,0,1976,190,158,422,146,32960,62,8,0,96,0,1240,20,46,12,36,3146,78,66
AUT,0,2,4,16,38,0,0,218,630,676,4,2566,0,308,4,2948,28,0,42,60,700,24,0,88,586,2,2,10,1794,8,40,10,14,2,2650,5256,702,2822,16,58,32,4,0,682,2,2,64,94,2,2,422,2738,14064,2,2,2262,2,72,352,524,0,4464,586,80,1688,2,0,5574,0,18,28,8912,622,42,0,2,8,0,0,1898,2,6,8,4,2,4,952,4,1992,186,1444,1270,720,62,192,1128,6340,6,116,2052,60,126,34,10,0,2,1186,80,8,48,18,6,0,204,278,0,692,186,600,0,274,10,32,10,0,684,2,70,6,52,14,34,26,24,2,0,12,8,700,90,4,2,78,0,0,4156,1642,38,672,50,612,30,152,104,0,8,2646,0,1724,8,136,0,388,0,1186,2028,26,506,16,18,434,0,0,2,4,2,4,0,944,0,0,4,1076,1220,3114,2,0,6,4,0,4,8,646,6,0,0,0,10,170,1180,0,870,42,42,850,60,10046,56,2,0,26,0,146,2,0,28,20,820,20,0
AZE,0,0,0,0,10,0,0,96,230,318,0,242,308,0,0,16,2,0,0,2,146,2,0,6,264,0,0,0,294,0,0,0,0,0,242,312,232,334,0,0,0,0,0,224,0,0,4,62,0,0,16,308,370,0,0,302,0,0,2,6,0,268,12,0,72,0,0,322,0,0,0,564,262,0,0,0,0,0,0,292,0,0,0,0,0,0,80,0,308,62,74,8,120,0,2,234,338,0,12,314,38,2,8,0,0,0,78,0,0,4,0,0,0,0,2,0,6,2,6,0,228,0,18,0,0,68,0,6,0,0,0,8,4,0,0,0,0,0,188,0,0,0,6,0,0,294,298,0,4,0,84,0,66,2,0,0,338,0,276,0,112,0,2,0,302,536,0,26,4,0,2,0,0,0,0,0,0,0,234,0,0,0,296,232,306,0,0,0,0,0,0,0,64,8,0,0,0,0,4,640,0,234,0,2,122,4,384,16,0,0,2,0,16,0,0,4,0,296,0,0
BDI,0,0,0,0,2,0,0,2,4,0,0,8,4,0,0,30,14,0,10,2,2,2,0,0,2,0,0,0,6,2,0,0,2,2,12,22,2,24,12,16,30,4,0,6,0,0,0,0,0,0,0,4,10,0,0,16,0,2,0,10,0,8,4,12,6,0,0,22,0,0,0,28,0,8,0,0,4,0,0,6,0,0,2,0,0,2,4,4,2,4,8,2,2,0,0,4,12,0,2,4,2,20,2,4,0,2,4,2,0,2,0,2,0,0,2,2,4,2,0,0,2,0,0,8,0,8,0,0,8,2,0,0,0,2,2,0,2,6,6,2,0,6,14,2,0,18,4,0,4,2,4,0,4,8,0,0,4,0,4,2,2,0,2,0,6,2,20,4,2,2,4,0,0,0,0,0,2,0,2,2,0,0,2,2,8,0,0,0,0,0,0,4,12,0,0,0,0,0,2,10,0,2,20,20,0,0,32,2,0,0,0,0,4,0,0,0,0,14,10,4
BEL,4,10,2,22,30,0,0,206,624,340,0,3878,2948,16,30,0,126,0,88,134,676,40,4,52,376,2,4,26,2190,6,28,8,24,12,3972,5624,638,3860,74,220,288,40,0,616,4,0,62,148,0,4,484,1982,10756,0,2,2950,8,222,492,658,2,6754,644,316,2048,10,8,11558,0,20,22,14182,370,108,0,28,68,8,2,2142,8,12,16,26,6,10,776,8,1592,186,1560,1758,752,90,200,1184,8674,6,88,2372,62,314,34,60,0,30,1502,88,16,208,30,18,0,6,322,4,782,460,636,0,214,38,40,34,0,950,0,74,38,98,24,20,24,74,6,0,20,30,550,38,14,26,174,12,0,10124,1644,64,932,44,538,76,182,160,0,24,2674,4,2338,8,46,0,456,2,1092,1922,66,542,38,64,532,0,0,4,10,4,2,2,736,2,2,34,538,810,3486,6,0,8,6,0,10,20,564,6,0,2,0,14,270,1156,0,764,152,210,750,82,13234,54,0,0,62,4,420,2,4,12,22,1190,46,32
BEN,0,0,2,22,4,0,0,30,24,14,0,66,28,2,14,126,0,0,62,32,14,26,2,4,4,0,0,6,72,6,20,6,12,4,92,74,28,58,84,92,42,22,0,44,0,0,22,2,0,0,2,14,108,0,0,42,2,26,22,54,0,62,26,56,30,0,0,302,0,20,12,204,10,96,0,18,14,2,0,28,0,2,4,4,0,2,26,4,4,42,78,26,50,26,22,24,56,6,38,58,16,96,20,8,0,2,36,22,2,30,28,10,0,0,24,2,8,22,4,0,32,0,0,12,0,42,0,0,44,12,6,0,0,38,8,0,4,20,52,22,2,34,104,4,0,92,40,24,40,10,48,20,36,36,0,6,38,0,36,4,26,0,26,0,30,24,26,40,14,42,30,0,0,4,6,0,4,2,36,0,0,2,22,16,42,0,0,4,0,0,6,40,14,0,0,0,0,8,26,30,0,36,56,48,16,8,188,0,0,0,4,0,38,2,0,0,20,106,28,10
BES,0,0,0,0,0,0,0,0,0,0,0,0,0,0,0,0,0,0,0,0,0,0,0,0,0,0,0,0,0,0,0,0,0,0,0,0,0,0,0,0,0,0,0,0,0,0,0,0,0,0,0,0,0,0,0,0,0,0,0,0,0,0,0,0,0,0,0,0,0,0,0,0,0,0,0,0,0,0,0,0,0,0,0,0,0,0,0,0,0,0,0,0,0,0,0,0,0,0,0,0,0,0,0,0,0,0,0,0,0,0,0,0,0,0,0,0,0,0,0,0,0,0,0,0,0,0,0,0,0,0,0,0,0,0,0,0,0,0,0,0,0,0,0,0,0,0,0,0,2,0,0,0,0,0,0,0,0,0,0,0,0,0,0,0,0,0,0,0,0,0,0,0,0,0,0,0,0,0,0,0,0,0,0,0,0,0,0,0,0,0,0,0,0,0,0,0,0,0,0,0,0,0,0,0,0,0,0,0,0,0,0,0,0,0,0,0,0,0,0,0
BFA,0,2,2,0,0,0,0,2,8,0,0,38,42,0,10,88,62,0,0,6,2,2,0,0,0,0,0,4,30,0,0,0,0,6,58,90,4,14,66,68,34,18,0,8,0,0,6,2,0,0,0,4,142,0,0,34,0,4,2,8,0,42,2,30,12,2,0,336,0,0,14,246,0,104,0,12,22,12,0,4,0,2,2,0,0,2,0,2,2,6,18,2,4,0,2,4,64,0,0,16,2,62,0,10,0,0,16,0,0,0,4,0,0,0,2,2,6,8,2,0,20,0,0,18,0,10,0,0,72,0,0,0,0,10,6,0,4,8,4,4,0,40,72,4,0,66,18,0,4,0,4,2,8,2,0,2,0,0,16,0,2,0,2,0,4,2,12,10,8,92,2,0,0,0,10,0,0,0,2,0,0,0,2,2,26,0,0,2,0,0,2,30,14,0,0,0,0,2,18,4,0,10,28,46,0,0,230,0,0,0,2,0,18,2,2,0,0,88,10,6
BGD,0,12,0,18,2,0,0,80,56,28,0,844,60,2,2,134,32,0,6,0,28,22,0,2,6,0,0,2,154,6,30,22,14,0,360,140,52,540,16,46,18,4,0,68,0,0,26,8,0,0,4,32,306,0,0,116,4,40,26,154,0,116,30,86,66,14,0,156,0,20,0,886,22,76,0,2,12,8,0,44,0,2,6,2,2,4,32,4,18,112,526,52,92,62,26,46,198,2,54,936,26,86,26,26,0,2,394,30,6,38,22,12,0,0,58,0,10,28,4,0,34,0,2,12,6,76,0,0,10,12,26,2,4,42,2,0,2,16,560,20,2,0,94,4,0,192,94,126,76,30,250,22,54,134,0,6,88,0,56,8,22,0,40,0,38,84,24,292,12,12,102,0,0,6,6,2,4,0,46,2,0,2,28,22,202,0,0,2,2,0,6,6,158,0,0,2,0,10,26,122,0,78,74,32,26,28,1492,2,0,0,18,0,136,2,6,0,16,182,22,20
BGR,0,0,0,12,46,0,0,34,214,458,0,538,700,146,2,676,14,0,2,28,0,18,0,52,466,0,0,8,658,0,14,6,14,0,352,780,212,702,6,24,14,0,0,490,0,0,20,2,0,0,340,742,1342,0,0,342,2,36,312,364,0,972,416,18,526,0,0,1048,0,12,0,1480,472,20,0,0,0,0,0,748,2,2,2,2,2,4,506,2,662,24,522,444,378,28,32,286,1104,8,26,420,52,26,18,0,0,0,412,20,0,36,12,4,0,2,254,0,406,34,388,0,164,2,16,0,0,448,0,92,0,18,4,22,10,14,0,0,4,2,472,18,0,0,52,2,0,520,318,18,352,12,348,12,36,30,0,2,994,0,676,10,128,0,328,0,514,892,12,234,10,0,52,0,0,0,0,0,0,0,684,0,0,0,304,298,392,2,0,0,0,0,2,10,394,4,0,0,0,14,26,648,0,516,12,8,448,16,1184,52,0,0,10,0,48,0,0,16,10,244,8,2
BHR,0,0,0,20,2,0,0,98,18,14,0,60,24,2,2,40,26,0,2,22,18,0,0,2,2,0,0,0,56,2,14,6,8,0,98,30,26,80,6,26,18,0,0,54,0,0,20,0,0,0,2,6,66,0,0,36,0,56,16,130,0,52,24,58,42,20,0,42,0,24,0,160,10,22,0,0,0,0,0,36,0,0,0,0,0,0,20,0,2,28,98,52,56,54,20,34,46,2,70,56,20,34,22,0,0,0,38,54,0,60,20,6,0,0,40,0,6,26,2,0,20,0,0,0,0,40,0,0,0,8,4,0,0,20,2,0,0,0,82,16,4,0,56,0,0,36,44,22,56,64,90,18,44,38,0,4,52,0,36,0,42,0,78,0,28,42,16,156,6,0,26,0,0,0,0,0,0,0,48,0,0,0,24,16,64,0,0,0,0,0,4,6,6,0,0,0,0,8,54,42,0,30,22,8,26,4,124,2,0,0,0,0,38,0,0,0,36,66,14,0
BHS,0,0,0,0,0,0,0,0,2,0,0,28,0,0,0,4,2,0,0,0,0,0,0,0,0,0,0,0,0,4,0,0,0,0,28,4,2,4,0,0,0,0,0,4,0,0,6,0,0,0,0,0,30,0,0,4,4,0,0,0,0,6,0,2,0,0,0,10,0,0,0,44,0,0,0,0,0,0,0,0,0,0,0,0,0,0,0,0,0,0,2,2,0,0,0,16,2,12,0,4,0,4,0,0,0,0,0,0,0,0,2,0,2,0,0,0,0,0,0,0,0,0,0,0,0,8,0,0,0,0,0,0,0,0,0,0,0,0,0,2,2,0,2,0,0,8,0,0,2,2,2,0,2,0,0,0,2,0,4,0,2,0,0,0,0,0,0,2,0,4,0,0,0,0,2,0,0,0,0,0,0,0,0,0,0,0,0,0,0,4,0,0,0,0,0,2,0,4,0,0,0,0,0,2,0,0,92,0,0,2,0,0,0,0,0,0,0,6,0,0
BIH,0,0,0,0,42,0,0,6,18,4,0,36,88,6,0,52,4,0,0,2,52,2,0,0,18,0,0,2,32,2,2,0,2,0,24,82,18,26,2,6,0,0,0,12,0,0,8,4,0,0,18,82,168,0,0,50,2,4,4,14,0,90,44,4,34,0,0,96,0,0,0,134,14,2,0,0,0,0,0,66,0,2,4,0,0,2,370,0,52,2,18,34,18,10,18,38,114,6,6,14,8,8,6,0,0,0,16,8,0,20,0,4,0,0,2,0,50,10,30,0,8,0,6,0,0,26,0,56,0,8,2,56,0,2,0,0,2,2,10,2,0,0,10,0,0,78,60,2,8,2,4,4,10,6,0,0,90,0,46,4,4,0,22,0,68,56,0,20,2,0,12,0,0,2,0,2,0,0,532,0,0,2,34,182,76,2,0,2,0,0,0,0,8,0,0,0,0,0,12,112,0,8,2,2,28,4,130,4,0,0,6,0,6,0,0,24,2,22,0,0
BLR,0,2,0,0,10,0,0,102,252,544,0,434,586,264,2,376,4,0,0,6,466,2,0,18,0,0,0,0,552,2,2,0,2,0,286,628,248,682,0,8,0,0,0,528,0,0,4,2,0,0,322,602,820,0,0,328,0,10,292,316,0,654,348,2,372,0,0,724,0,0,0,1008,562,6,0,2,2,0,0,568,0,0,2,0,0,0,336,2,540,6,358,326,326,0,8,276,680,6,16,282,56,6,10,2,0,2,350,0,0,4,0,4,0,0,242,0,398,2,332,0,236,0,28,2,2,314,0,20,0,12,2,6,6,0,0,0,0,2,486,2,0,0,16,2,0,294,280,4,298,6,306,0,8,6,0,0,768,0,602,8,114,0,288,0,316,1678,2,202,6,0,30,0,0,0,0,0,2,0,558,0,0,0,256,254,312,0,0,0,0,0,0,0,300,8,0,0,0,2,8,598,0,536,4,8,478,4,752,56,0,0,2,0,36,0,0,0,0,264,2,0
BLZ,0,0,0,0,0,0,0,0,4,0,0,4,2,0,0,2,0,0,0,0,0,0,0,0,0,0,0,0,6,2,0,0,0,0,12,4,2,2,0,0,0,0,0,2,0,0,8,0,0,0,0,2,4,0,0,2,0,0,0,0,0,6,0,0,0,0,0,2,0,0,0,6,0,0,0,0,0,0,0,2,0,0,2,0,2,2,0,0,0,2,8,0,4,0,0,0,6,2,0,2,0,0,0,0,0,0,0,0,0,0,0,0,0,0,0,0,0,0,0,0,0,0,0,0,0,10,0,0,0,0,0,0,0,0,0,2,0,4,0,0,0,0,0,2,0,2,2,2,0,0,0,4,4,0,0,0,0,0,0,0,0,0,0,0,0,4,0,0,0,2,0,0,0,0,0,4,0,0,0,0,0,0,0,0,4,0,0,0,0,0,0,0,0,0,0,0,0,4,0,2,0,0,0,0,0,0,42,0,0,0,0,0,0,0,0,0,0,8,0,0
BMU,0,0,0,0,0,0,0,0,2,0,0,8,2,0,0,4,0,0,0,0,0,0,0,0,0,0,0,0,4,0,0,0,0,0,6,4,0,4,0,0,0,0,0,2,0,0,0,0,0,0,0,2,14,0,0,8,0,0,0,0,0,8,0,0,2,0,0,14,0,0,0,32,0,0,0,0,0,0,0,0,0,0,0,0,0,0,0,0,0,0,4,2,0,0,4,6,4,0,0,6,0,0,0,0,0,0,4,0,0,0,0,0,0,0,0,0,0,0,0,0,0,0,0,0,0,2,0,0,0,0,0,2,0,0,0,0,0,0,0,0,0,0,0,0,0,6,6,0,4,0,0,2,2,0,0,0,2,0,6,0,0,0,0,0,0,6,0,4,0,0,2,0,0,0,0,0,0,0,0,0,0,0,2,2,2,0,0,0,0,0,0,2,0,0,0,0,0,0,0,2,0,8,0,0,0,0,58,0,0,0,0,0,0,0,0,0,0,2,0,0
BOL,0,4,0,0,2,0,0,2,98,0,0,32,10,0,0,26,6,0,4,2,8,0,0,2,0,0,0,0,122,0,6,2,2,0,40,46,90,28,4,12,4,4,0,100,0,0,28,12,0,0,8,18,54,0,0,22,16,2,62,6,0,98,6,8,16,0,0,96,0,0,2,102,2,6,0,0,2,0,0,8,0,2,28,2,6,8,2,0,8,14,26,8,4,0,6,6,52,4,0,16,0,12,0,2,0,0,2,0,2,4,0,0,0,0,2,0,6,2,4,0,4,0,0,6,0,78,0,0,0,0,0,4,0,0,0,0,2,2,12,0,2,2,6,12,0,34,14,6,10,0,4,22,84,6,0,2,8,0,18,22,4,0,2,0,6,12,0,2,0,0,4,0,0,0,0,8,0,0,6,0,0,6,6,2,82,0,0,0,0,0,0,0,10,2,0,0,0,4,6,2,0,6,4,4,4,34,212,0,0,0,34,0,8,0,0,0,0,8,6,0
BRA,0,6,34,24,24,2,0,284,2518,634,2,4048,1794,294,6,2190,72,0,30,154,658,56,0,32,552,6,4,122,0,8,32,10,34,2,4814,3088,2194,3336,42,110,34,12,2,2248,2,14,272,444,0,2,388,1530,6664,0,2,1910,64,110,696,578,0,6492,470,134,1382,6,2,6512,0,26,14,10002,574,104,0,10,10,0,0,1328,6,4,74,48,10,116,588,20,1186,244,2370,1180,884,94,100,870,5522,32,130,2192,50,186,34,22,0,6,1478,82,14,152,28,18,0,8,346,4,604,100,550,0,332,24,6,32,2,2112,0,44,18,36,16,8,12,134,4,0,22,48,826,54,22,8,314,44,0,3172,1092,74,818,92,788,162,848,276,0,16,1914,4,4894,128,152,0,392,0,926,2044,28,582,40,30,382,2,0,4,4,22,2,0,766,0,4,20,682,672,2242,4,0,6,8,0,4,12,724,4,0,0,0,18,142,1172,0,994,110,110,868,640,19470,56,20,0,284,0,358,2,0,2,28,1330,32,38
BRB,0,0,0,6,2,0,0,4,8,0,0,16,8,0,2,6,6,0,0,6,0,2,4,2,2,2,0,0,8,0,2,0,4,0,26,22,6,20,2,4,2,0,0,8,2,0,6,10,0,2,2,2,8,0,4,6,0,4,8,12,0,14,6,8,10,0,0,16,0,2,0,70,2,6,0,0,2,0,0,10,2,2,2,0,6,0,6,4,4,6,12,8,6,2,6,10,10,22,6,12,4,6,4,2,0,2,6,4,0,6,2,0,6,0,4,0,4,4,2,0,6,0,0,4,0,12,0,0,0,6,2,0,2,2,0,0,4,6,8,0,4,0,12,2,0,14,8,8,12,2,8,8,8,8,0,2,8,0,8,4,4,0,2,0,6,6,4,8,2,0,10,0,0,2,0,2,2,0,6,0,0,6,4,4,10,0,0,4,0,0,0,0,4,0,0,0,0,42,4,10,0,8,4,6,2,4,94,0,0,4,4,0,4,0,0,0,2,16,4,0
BRN,0,0,0,14,2,0,0,24,18,12,0,96,40,0,0,28,20,0,0,30,14,14,0,2,2,0,0,6,32,2,0,6,6,0,56,26,26,100,12,24,16,4,0,24,0,0,20,2,0,0,2,14,58,0,0,24,2,18,20,26,0,24,18,18,20,0,0,36,0,14,0,150,8,20,0,0,0,0,0,38,0,2,2,2,2,0,20,0,2,66,54,24,26,18,16,18,28,4,16,58,12,16,16,8,0,0,58,16,2,20,14,6,0,0,26,2,4,16,4,0,12,0,0,2,0,28,0,0,0,8,10,0,2,18,2,0,2,4,88,14,0,0,24,2,0,32,26,20,24,8,34,26,22,26,0,6,22,0,22,4,16,0,16,0,22,20,14,40,4,0,64,0,0,2,0,0,2,0,18,0,0,4,16,14,26,0,0,2,0,0,4,6,22,0,0,0,0,10,16,20,0,42,22,8,14,6,52,0,0,0,8,0,40,0,0,0,14,24,16,0
BTN,0,2,0,6,0,0,0,8,8,6,0,54,10,0,0,8,6,0,0,22,6,6,0,0,0,0,0,2,10,0,6,0,4,0,10,10,8,14,6,8,6,0,0,8,0,0,8,0,0,0,0,0,12,0,0,6,0,8,8,6,0,12,6,8,8,0,0,12,0,6,0,40,2,6,0,0,2,0,0,6,0,0,2,0,0,2,6,0,2,18,30,6,8,6,6,6,10,0,6,16,6,10,6,12,0,0,8,6,2,6,6,2,0,0,14,0,0,6,0,0,8,0,0,2,4,8,0,0,0,2,4,0,0,8,0,0,2,0,16,6,0,0,8,2,0,16,8,20,12,0,10,8,6,6,0,2,6,0,10,0,6,0,6,0,6,10,6,6,0,0,14,0,0,0,0,2,0,0,6,0,0,0,6,4,12,0,0,0,0,0,2,2,32,2,0,2,0,4,8,8,0,6,6,2,8,2,46,0,0,0,0,0,16,0,0,0,6,8,4,0
BWA,0,0,2,6,4,0,0,10,24,8,0,64,14,0,2,24,12,0,0,14,14,8,0,2,2,0,0,2,34,4,6,4,0,2,90,56,36,32,10,52,16,2,0,18,2,0,10,2,0,2,2,10,66,0,2,36,2,12,14,16,0,40,18,68,18,2,0,68,0,8,0,234,8,44,0,0,2,0,0,14,2,0,4,0,0,0,8,8,4,14,78,12,24,10,12,12,52,2,10,36,10,94,8,2,0,2,18,8,0,8,8,0,0,0,10,4,6,8,2,0,22,0,0,6,0,30,0,0,4,6,0,0,4,14,2,0,4,18,20,64,2,4,44,2,0,48,16,12,26,0,22,6,14,14,0,2,24,0,20,4,10,0,10,0,22,24,14,22,4,4,12,0,0,0,0,0,2,2,12,0,0,2,10,8,42,10,0,4,0,0,4,0,8,0,0,0,0,4,6,32,0,16,34,60,12,10,380,0,0,0,4,0,14,0,0,2,8,336,28,52
CAF,0,0,0,0,0,0,0,4,0,0,0,2,2,0,2,12,4,0,6,0,0,0,0,0,0,0,0,0,2,0,0,0,2,0,8,14,0,10,8,28,6,18,0,0,0,0,0,0,0,0,0,20,12,0,0,2,0,0,0,0,0,4,0,0,2,0,0,60,0,0,20,38,0,4,0,2,0,0,2,0,0,0,0,0,0,0,0,0,0,2,0,0,0,0,0,0,4,2,0,6,0,4,0,0,0,0,0,0,0,0,0,0,0,0,0,0,0,0,0,0,0,0,0,6,0,0,0,0,2,0,0,0,0,0,0,0,0,0,0,0,2,4,0,0,0,6,2,0,0,0,0,0,0,0,0,0,0,0,0,0,0,0,0,0,4,0,4,0,0,8,2,0,0,0,0,0,0,0,0,0,0,0,0,0,2,0,0,0,0,0,0,2,0,0,0,0,0,0,0,0,0,0,6,6,0,0,20,0,0,0,0,0,0,0,0,0,0,0,0,0
CAN,0,8,6,24,18,2,0,1032,1316,300,8,10608,2650,242,12,3972,92,0,58,360,352,98,28,24,286,12,6,40,4814,26,56,10,90,8,0,6244,1568,19422,102,214,84,16,0,910,2,4,142,124,2,8,152,1590,13140,4,16,3354,20,338,200,1376,0,6298,278,246,1854,18,18,12300,0,28,20,20816,308,218,2,16,26,10,0,1400,42,70,32,8,8,20,344,34,1106,258,3194,1772,2824,152,230,2516,8104,58,346,5186,112,498,52,52,0,24,2754,202,20,392,38,50,2,16,208,4,128,228,86,0,510,28,22,32,4,1614,0,60,44,70,32,6,60,60,2,2,20,80,876,64,42,14,418,16,0,7194,2606,134,1868,152,876,136,272,288,2,20,2428,4,1630,36,180,0,580,0,786,2208,108,1876,36,82,1520,2,0,8,24,8,8,2,578,0,0,8,498,598,4400,6,4,12,24,4,6,16,642,20,0,4,0,38,362,1522,0,1650,202,326,266,156,53294,30,12,2,120,0,314,18,0,6,38,2310,64,70
CHE,0,22,4,16,36,2,0,272,952,668,0,5762,5256,312,22,5624,74,0,90,140,780,30,4,82,628,4,4,46,3088,22,26,10,56,14,6244,0,1176,5208,156,160,124,60,6,1028,2,0,90,142,2,2,460,2674,21820,2,2,3734,22,132,402,608,4,8156,704,194,2442,6,6,13788,0,18,24,19516,622,218,0,36,44,12,0,2644,4,12,26,20,16,68,898,10,1942,262,2492,2058,968,40,250,1996,12302,28,110,3964,50,442,58,52,2,6,1878,62,36,234,34,14,4,146,320,14,782,332,632,0,342,26,30,66,4,1000,0,78,36,138,28,28,32,90,6,0,18,128,816,50,8,18,216,14,0,8306,2486,136,1074,28,622,88,264,292,0,44,3290,4,2450,22,166,0,444,0,1376,2772,66,712,52,94,958,0,2,14,28,8,14,0,982,14,0,12,916,1080,5034,32,0,24,4,0,22,20,800,2,0,6,2,26,178,1516,0,1280,280,198,954,68,24538,60,6,0,66,0,302,6,8,10,34,1716,98,80
CHL,0,0,4,16,12,2,0,182,1474,274,0,1734,702,232,2,638,28,0,4,52,212,26,2,18,248,2,0,90,2194,6,26,8,36,0,1568,1176,0,1166,20,52,24,2,4,1112,2,0,162,110,0,2,44,504,2820,0,4,778,38,62,324,94,0,4138,84,60,358,4,2,2520,0,18,4,3886,254,48,0,2,4,0,0,484,2,10,48,10,6,30,106,12,394,68,586,218,234,26,68,554,1906,18,44,918,28,62,30,14,0,0,416,34,2,48,18,10,0,0,36,2,64,50,28,0,300,2,8,14,0,1086,0,24,2,22,8,6,4,26,4,0,4,10,312,28,16,0,66,8,0,1100,494,36,346,18,92,68,378,78,2,4,724,4,758,70,136,0,68,0,362,664,22,204,10,6,112,0,0,2,0,16,2,0,344,0,0,8,312,332,874,0,0,4,0,0,4,8,106,10,0,2,2,16,56,464,0,454,34,22,96,242,5968,6,58,0,192,0,90,0,2,0,16,686,22,14
CHN,0,2,0,16,24,0,0,818,896,654,0,26874,2822,334,24,3860,58,0,14,540,702,80,4,26,682,2,4,28,3336,20,100,14,32,10,19422,5208,1166,0,50,172,38,16,0,1062,10,2,74,158,2,2,406,2202,17644,2,2,4424,16,398,458,2130,10,6080,628,300,3064,2,2,11912,2,24,12,33150,624,444,0,18,8,6,0,2028,12,22,20,6,4,66,762,10,1662,608,5676,2328,2130,324,218,2046,7840,12,186,16632,266,418,78,84,0,26,9346,128,32,204,30,38,0,10,500,2,668,250,572,0,394,12,16,24,2,1568,26,46,14,26,218,12,166,32,2,0,84,42,2592,40,18,8,554,10,0,6992,2500,280,2786,158,6010,80,280,636,0,32,2972,120,2272,22,172,0,1066,0,1406,5030,70,4434,268,36,11540,0,0,4,34,6,4,4,902,4,0,4,792,1002,6186,2,0,8,24,0,4,34,2094,20,0,2,2,24,268,2016,0,8678,174,86,1154,108,117266,140,6,0,94,0,1188,6,4,2,66,2130,72,48
CIV,0,0,0,6,0,0,0,14,10,6,0,44,16,0,12,74,84,0,66,16,6,6,0,2,0,0,0,4,42,2,12,6,10,8,102,156,20,50,0,74,42,18,0,18,0,0,12,2,0,0,2,12,110,0,0,20,0,10,16,22,0,44,10,28,16,0,0,368,0,6,18,204,4,56,0,20,6,2,0,12,0,2,4,16,4,6,8,4,4,24,40,10,12,6,8,8,50,2,8,32,10,58,12,6,0,0,12,8,2,14,10,0,0,0,12,6,2,16,2,0,20,0,0,16,0,24,0,0,26,6,2,0,0,30,14,0,4,14,22,6,0,22,48,4,0,44,24,16,18,0,12,16,20,20,0,4,18,0,26,0,8,0,6,0,14,16,24,10,6,64,20,0,0,4,2,2,0,0,12,2,0,4,8,10,24,4,0,2,2,0,8,26,12,0,0,0,0,2,16,16,0,8,44,38,16,6,208,0,0,0,4,0,20,2,0,0,10,78,20,12
CMR,0,2,2,16,2,0,0,58,44,14,0,120,58,0,16,220,92,0,68,46,24,26,0,6,8,0,0,12,110,4,24,8,52,28,214,160,52,172,74,0,64,32,0,58,0,0,32,6,0,0,2,40,284,0,0,62,2,46,34,86,0,76,26,68,44,0,0,654,0,20,68,502,30,98,0,10,2,0,2,38,0,2,4,4,4,4,28,2,12,44,196,38,76,24,20,44,184,6,28,94,24,140,22,12,0,0,42,22,2,30,22,10,0,0,34,4,8,26,6,0,70,0,0,18,2,68,0,0,24,10,8,0,2,52,6,0,6,30,74,34,2,20,174,4,0,114,42,32,36,10,86,34,42,44,0,16,46,0,58,6,18,0,32,0,50,74,36,64,20,66,44,0,0,2,0,2,2,0,34,2,0,6,22,20,54,2,0,2,0,0,30,18,28,8,0,0,0,12,34,110,0,60,74,82,20,24,556,2,0,0,20,0,56,0,0,0,18,374,42,16
COD,0,2,6,16,0,0,0,18,22,16,0,40,32,0,30,288,42,0,34,18,14,18,0,0,0,0,0,4,34,2,16,6,16,6,84,124,24,38,42,64,0,28,0,22,0,0,22,0,0,0,4,10,102,0,0,28,0,20,20,26,0,46,20,44,28,0,0,138,0,18,12,188,12,44,0,12,16,0,0,18,0,2,14,2,2,2,18,4,4,36,44,26,20,20,22,24,80,0,20,48,14,102,18,4,0,0,38,18,0,20,24,6,0,0,22,6,2,30,4,0,14,0,0,16,0,26,0,0,26,6,6,0,0,36,8,0,6,16,30,24,2,16,52,0,0,62,30,20,18,2,32,20,24,20,0,4,22,0,30,0,18,0,20,0,24,26,38,20,0,32,20,0,0,2,2,0,0,0,22,0,0,2,20,14,42,4,0,2,0,0,6,20,12,0,0,0,0,8,18,28,0,22,62,76,18,4,386,0,0,0,0,4,30,2,0,0,16,112,44,18
COG,0,0,0,0,0,0,0,0,0,2,0,12,4,0,4,40,22,0,18,4,0,0,0,0,0,0,0,4,12,0,4,0,2,18,16,60,2,16,18,32,28,0,0,4,0,0,0,0,0,0,0,6,40,0,0,14,0,0,4,8,2,8,0,18,6,0,0,82,0,0,22,106,0,18,0,12,10,0,2,0,0,0,0,0,0,2,0,2,0,6,24,2,2,0,0,0,26,0,0,4,0,20,0,4,0,0,0,0,0,2,8,0,0,0,0,2,0,2,0,0,0,0,0,2,0,4,0,0,6,0,0,0,2,8,4,0,0,10,8,2,0,8,32,2,0,16,8,0,4,2,0,6,4,6,0,4,0,0,6,0,0,0,2,0,0,0,6,4,2,24,4,0,0,0,0,0,0,0,0,0,0,0,0,0,8,2,0,2,0,0,0,10,6,0,0,0,0,0,0,2,0,2,30,32,0,0,142,0,0,0,4,6,10,0,0,0,0,36,12,18
COK,0,0,0,0,0,0,0,0,0,0,0,6,0,0,0,0,0,0,0,0,0,0,0,0,0,0,0,0,2,0,0,0,0,0,0,6,4,0,0,0,0,0,0,4,0,0,0,0,0,0,0,0,4,0,0,0,0,0,0,0,0,4,0,0,0,0,0,8,0,0,0,2,0,0,0,0,0,0,0,0,0,0,0,0,0,0,0,0,0,0,0,0,0,0,0,0,2,0,0,0,0,0,0,0,0,0,0,0,0,0,0,0,0,0,0,0,0,0,0,0,0,0,0,0,0,0,0,0,0,0,0,0,0,0,0,0,0,0,0,0,4,0,0,0,0,0,0,0,6,0,0,0,0,0,0,0,0,0,0,0,0,0,0,0,0,0,0,0,0,0,0,0,0,0,0,0,0,0,0,0,0,0,0,0,0,0,0,0,0,0,0,0,0,0,0,0,0,0,0,0,0,0,0,0,0,0,4,0,0,0,0,0,0,0,2,0,0,0,0,0
COL,2,6,0,24,14,0,0,204,1042,536,0,944,682,224,6,616,44,0,8,68,490,54,4,12,528,2,2,100,2248,8,24,8,18,0,910,1028,1112,1062,18,58,22,4,4,0,2,0,158,124,0,2,326,674,1508,0,4,466,58,46,664,412,0,2678,368,80,480,2,0,1524,0,26,6,2154,552,50,0,2,6,0,0,632,4,2,62,12,6,76,348,2,580,78,624,512,458,70,52,378,1254,30,70,488,26,100,28,12,0,2,478,46,4,78,28,8,0,0,304,0,338,42,306,0,288,2,4,16,0,1528,0,6,16,14,12,6,4,38,2,0,6,16,616,20,14,0,114,50,0,838,398,38,486,34,414,150,372,240,0,8,850,0,836,52,146,0,340,0,464,870,24,326,16,6,116,0,0,2,0,24,4,0,606,0,0,8,278,264,514,0,0,4,0,0,4,10,368,2,0,6,0,22,52,636,0,632,36,40,458,154,3852,44,0,0,342,0,224,0,2,0,22,484,20,18
COM,0,0,0,0,0,0,0,0,2,0,0,2,2,0,0,4,0,0,0,0,0,0,0,0,0,0,0,0,2,2,0,0,2,0,2,2,2,10,0,0,0,0,0,2,0,0,2,2,0,2,0,0,2,0,2,2,0,2,2,4,0,2,0,2,2,0,0,14,0,0,0,4,0,0,0,0,2,0,0,2,2,0,0,0,0,0,0,0,2,0,2,2,2,0,2,2,8,2,0,2,0,0,0,0,0,0,2,0,0,0,0,0,0,0,0,0,0,0,0,0,6,0,0,6,0,2,0,0,0,0,0,0,2,0,0,0,2,0,0,0,2,0,2,0,0,2,2,0,2,0,0,0,2,0,0,0,2,0,2,2,0,0,0,0,0,2,0,2,0,0,2,0,0,0,0,0,0,0,0,0,0,2,0,0,2,0,0,2,0,0,0,0,0,0,0,0,0,2,0,2,0,2,0,0,0,2,6,0,0,0,2,0,0,0,0,0,0,2,0,0
CPV,0,0,2,0,0,0,0,0,4,0,0,0,2,0,0,0,0,0,0,0,0,0,0,0,0,0,0,0,14,0,0,0,0,0,4,0,0,2,0,0,0,0,0,0,0,0,2,0,0,0,0,2,8,0,0,2,0,0,0,0,0,20,0,0,0,0,0,6,0,0,0,12,0,0,0,0,0,0,0,0,0,0,0,0,0,0,0,0,0,0,0,0,0,0,0,0,4,0,0,4,0,0,0,0,0,0,0,0,0,0,0,0,0,0,0,0,0,0,0,0,0,0,0,0,0,2,0,0,0,2,0,0,0,4,2,0,0,0,2,0,0,0,0,0,0,2,0,0,0,0,0,0,0,0,0,0,4,0,32,0,0,0,0,0,0,2,0,0,0,6,0,2,0,0,0,0,0,0,0,0,0,0,0,0,0,0,0,0,2,0,0,0,0,0,0,0,0,0,0,2,0,0,0,0,0,2,6,0,0,0,0,0,2,0,0,0,0,2,0,0
CRI,0,0,2,16,2,0,0,20,160,18,2,130,64,4,0,62,22,0,6,26,20,20,6,8,4,8,0,28,272,6,20,8,10,0,142,90,162,74,12,32,22,0,0,158,2,2,0,30,0,2,14,26,222,0,2,74,26,20,98,36,0,260,28,28,38,2,0,206,0,18,0,260,14,28,0,0,2,0,0,44,2,4,40,12,4,18,24,0,10,32,78,28,24,18,28,38,140,10,22,62,22,34,22,2,0,0,34,22,0,24,18,4,0,0,22,0,10,22,6,0,22,0,0,10,0,252,0,6,2,8,6,6,10,20,2,0,4,8,36,16,4,0,28,36,0,110,52,24,40,2,30,118,92,30,0,6,42,0,50,26,20,0,22,0,42,44,14,38,0,8,36,0,0,2,0,20,0,0,40,0,0,8,26,26,108,0,0,4,2,0,4,6,20,0,0,0,0,22,18,36,0,54,22,20,24,54,678,0,0,0,56,0,38,2,2,0,16,52,16,0
CUB,0,0,0,0,2,0,0,8,94,64,0,56,94,62,0,148,2,0,2,8,2,0,0,4,2,0,0,12,444,10,2,0,2,0,124,142,110,158,2,6,0,0,0,124,2,0,30,0,0,2,6,78,196,0,2,106,28,4,108,12,0,430,6,6,82,2,0,188,0,0,0,188,2,4,0,0,2,0,0,70,2,2,14,0,0,8,72,2,74,68,98,12,22,0,6,24,208,8,2,110,2,4,4,2,0,0,74,8,0,2,0,0,0,0,2,0,12,4,6,0,8,4,0,4,0,488,0,0,0,2,2,2,4,4,0,0,10,2,2,2,2,0,10,10,0,110,92,2,18,0,84,20,122,14,0,2,94,0,42,18,2,0,0,0,70,102,0,16,4,0,16,0,0,2,0,12,0,0,6,0,0,4,70,8,116,0,0,4,0,0,0,0,68,0,0,0,0,6,10,74,0,16,2,6,70,40,352,0,0,0,52,0,22,2,2,0,2,98,0,0
CUW,0,0,0,0,0,0,0,0,0,0,0,2,2,0,0,0,0,0,0,0,0,0,0,0,0,0,0,0,0,0,0,0,0,0,2,2,0,2,0,0,0,0,0,0,0,0,0,0,0,0,0,0,4,0,0,0,0,0,0,0,0,2,0,0,0,0,0,4,0,0,0,6,0,0,0,0,0,0,0,2,2,0,2,0,0,0,0,0,0,0,0,0,0,0,0,0,10,0,0,2,0,0,0,0,0,0,0,0,0,0,0,0,0,0,0,0,0,0,0,0,0,0,0,0,0,0,0,0,0,0,0,0,0,0,0,0,0,0,0,0,2,0,0,0,0,44,0,0,0,0,0,0,0,0,0,0,0,0,4,0,0,0,2,0,0,0,0,2,0,0,0,0,0,0,0,0,0,0,2,0,0,0,0,0,0,0,0,0,0,0,0,0,0,0,0,0,0,0,0,0,0,0,0,0,0,0,16,0,0,0,2,0,0,0,0,0,0,0,0,0
CYM,0,0,0,0,0,0,0,0,2,0,0,2,2,0,0,4,0,0,0,0,0,0,0,0,0,0,0,0,2,2,0,0,2,0,8,2,2,2,0,0,0,0,0,2,2,0,2,2,0,0,0,0,8,0,2,2,2,0,2,2,0,4,0,2,2,0,0,4,0,0,0,6,0,0,0,0,2,0,0,2,2,0,0,0,0,0,0,2,2,0,6,2,2,0,2,2,2,4,0,2,0,0,0,0,0,0,2,0,0,0,0,0,0,0,0,0,0,0,0,0,2,0,0,2,0,2,0,0,0,0,0,0,2,0,0,0,2,0,0,0,2,0,2,0,0,2,2,0,4,0,0,0,2,0,0,0,2,0,2,2,0,0,0,0,0,2,0,2,0,0,2,0,0,0,0,0,0,0,0,0,0,2,0,0,2,0,0,2,0,0,0,0,0,0,0,0,0,2,0,2,0,2,0,0,0,2,50,0,0,0,2,0,0,0,0,0,0,4,0,0
CYP,0,0,0,2,12,0,0,34,30,310,0,330,422,16,0,484,2,0,0,4,340,2,0,18,322,0,0,8,388,2,2,0,2,0,152,460,44,406,2,2,4,0,0,326,0,0,14,6,0,0,0,422,780,0,0,138,2,16,302,308,0,666,376,2,424,0,0,614,0,0,0,1206,306,6,0,0,0,0,0,1298,0,2,2,0,0,2,354,0,392,2,362,390,364,6,32,138,790,2,34,84,26,8,4,0,0,0,326,16,0,16,0,2,0,2,240,0,346,12,316,0,28,0,2,0,0,318,0,16,0,48,2,10,8,2,0,0,2,2,314,2,0,0,42,0,0,274,140,4,322,14,326,4,4,8,0,0,472,0,480,2,8,0,314,0,112,380,2,200,0,0,32,0,0,2,0,2,0,0,370,0,0,2,78,94,250,2,0,2,0,0,0,0,302,0,0,0,0,0,18,688,0,330,2,4,326,10,848,42,0,0,6,0,18,0,0,4,2,56,0,0
CZE,0,0,2,0,34,0,0,164,536,624,0,1586,2738,308,4,1982,14,0,4,32,742,6,0,82,602,2,2,18,1530,2,14,0,10,20,1590,2674,504,2202,12,40,10,6,0,674,0,2,26,78,0,0,422,0,5788,0,0,1426,10,50,344,478,0,3242,556,34,1472,0,0,4032,0,0,10,5580,592,16,0,2,2,0,0,1542,6,4,10,2,2,6,818,0,1806,128,1286,984,550,12,74,920,3906,8,36,1748,68,48,16,4,0,4,1114,44,2,42,0,4,0,2,264,0,730,58,618,0,270,4,20,8,0,678,0,62,0,34,8,30,22,4,0,0,6,8,718,10,0,0,44,2,0,2234,1104,22,544,16,496,34,118,56,0,30,3368,0,1536,12,118,0,344,0,1024,2430,0,384,18,12,220,0,2,2,0,4,0,2,884,0,0,2,2824,1018,1998,0,0,2,10,0,0,2,500,0,0,0,0,4,70,1164,0,886,24,16,1008,38,5792,70,0,0,34,4,186,0,0,14,8,710,6,8
DEU,0,10,26,24,48,2,0,636,2142,774,2,12594,14064,370,10,10756,108,0,142,306,1342,66,30,168,820,4,14,54,6664,8,58,12,66,12,13140,21820,2820,17644,110,284,102,40,4,1508,2,8,222,196,4,8,780,5788,0,2,2,8728,22,236,616,2210,0,18112,1202,384,5414,38,6,26006,2,26,96,41492,774,294,0,20,28,12,0,4876,40,32,22,16,8,64,1638,4,4028,684,5028,3566,2300,234,556,4670,23390,20,394,9926,180,514,104,50,0,14,4494,160,30,276,38,26,0,100,414,0,1118,912,838,0,462,66,154,102,4,2206,0,200,44,168,36,36,158,86,2,0,34,60,1180,162,50,22,404,16,0,19680,5380,144,2196,166,1480,172,378,422,2,12,8340,14,4464,26,236,0,632,0,2526,9434,52,1842,98,90,1976,2,4,6,16,8,10,2,1632,0,2,12,1430,1840,11626,12,0,12,34,0,4,34,1268,24,2,2,0,24,410,3152,0,2472,326,190,2046,176,57246,120,30,0,128,4,914,8,6,38,66,3236,70,46
DJI,0,0,0,0,0,0,0,0,0,0,0,0,2,0,0,0,0,0,0,0,0,0,0,0,0,0,0,0,0,0,0,0,0,0,4,2,0,2,0,0,0,0,0,0,0,0,0,0,0,0,0,0,2,0,0,0,0,2,0,0,0,0,0,4,0,0,0,26,0,0,0,2,0,0,0,0,0,0,0,0,0,0,0,0,0,0,0,0,0,0,0,0,0,0,0,0,6,0,0,0,0,2,0,0,0,0,2,0,0,0,0,0,0,0,0,0,0,0,0,0,0,0,0,0,0,0,0,0,0,0,0,0,0,0,0,0,2,2,0,0,0,0,0,0,0,0,0,0,0,2,0,0,0,0,0,0,0,0,0,0,0,0,0,0,0,0,0,0,2,0,0,0,0,0,0,0,0,0,0,0,0,0,0,0,0,0,0,2,0,0,0,0,0,0,0,0,0,0,2,2,0,0,2,0,0,0,2,0,0,0,0,0,0,0,0,0,0,0,0,0
DMA,2,0,0,0,0,0,0,2,2,0,2,4,2,0,0,2,0,0,0,0,0,0,0,0,0,0,0,0,2,4,0,0,2,0,16,2,4,2,0,0,0,0,0,4,2,0,2,2,0,2,0,0,2,0,0,2,0,0,6,2,0,2,0,2,2,0,0,2,0,0,0,12,0,0,0,0,2,0,0,2,2,0,0,0,0,0,0,0,2,0,2,4,2,0,2,4,2,2,0,2,0,0,0,0,0,4,2,0,0,0,0,0,4,0,0,0,0,0,0,0,2,0,0,2,0,4,0,0,0,0,0,0,2,0,0,0,2,0,0,0,2,0,2,0,0,2,2,0,4,0,0,0,2,0,0,0,2,0,2,2,0,0,0,0,0,2,0,2,0,0,4,0,0,0,0,2,0,0,0,0,0,2,0,0,4,0,0,2,0,0,0,0,0,0,0,0,0,6,0,2,0,2,0,0,0,2,52,0,0,0,2,0,0,10,0,0,0,2,0,0
DNK,0,2,0,16,18,0,0,248,684,334,0,3932,2262,302,16,2950,42,0,34,116,342,36,4,50,328,2,8,22,1910,6,24,6,36,2,3354,3734,778,4424,20,62,28,14,0,466,2,2,74,106,0,2,138,1426,8728,0,2,0,4,102,70,218,0,4678,418,108,2402,4,2,5398,2,22,8,12234,280,160,0,2,22,78,0,1498,2,192,6,4,4,2,454,4,1198,182,1158,1192,704,66,544,1228,5256,10,66,1924,54,164,48,28,0,10,964,62,20,118,26,6,0,24,70,2,442,184,346,0,288,14,18,22,0,472,0,92,12,104,10,16,30,30,2,0,8,16,474,56,20,2,116,4,0,5462,3754,74,652,76,254,46,188,102,0,16,1962,6,1642,8,150,0,194,0,964,1390,34,312,10,22,556,0,2,2,4,4,2,0,522,0,0,8,726,878,6198,0,0,4,2,0,4,12,284,4,0,2,0,14,66,878,0,590,136,80,454,84,12170,14,2,0,48,0,174,0,4,4,20,896,22,16
DOM,0,0,0,0,2,0,0,0,48,0,0,8,2,0,0,8,2,0,0,4,2,0,4,2,0,0,0,16,64,0,2,0,2,0,20,22,38,16,0,2,0,0,0,58,0,0,26,28,0,2,2,10,22,0,0,4,0,0,30,2,0,70,6,2,4,0,0,18,0,0,0,44,2,2,0,0,0,0,0,4,0,0,28,0,0,14,2,12,0,2,14,2,2,2,2,4,24,10,0,2,0,0,0,2,0,0,8,0,0,2,0,2,0,0,2,0,4,0,4,0,0,0,0,0,0,70,0,0,0,2,0,2,2,4,0,0,0,2,4,0,0,0,2,12,0,16,6,0,2,2,4,34,44,6,0,0,4,0,10,20,0,0,4,0,4,6,4,2,4,0,4,0,0,0,0,22,2,0,4,0,0,0,2,2,6,0,0,0,0,0,0,0,6,0,0,0,0,2,0,6,0,4,2,2,4,16,224,0,0,0,36,0,2,0,0,0,0,8,2,0
DZA,0,2,2,16,4,0,0,156,38,14,0,86,72,0,2,222,26,0,4,40,36,56,0,4,10,0,0,2,110,4,18,8,12,0,338,132,62,398,10,46,20,0,0,46,2,0,20,4,0,0,16,50,236,2,0,102,0,0,18,164,0,550,36,36,76,4,0,3092,0,18,0,396,12,32,0,2,2,0,0,98,0,2,0,4,0,4,44,0,30,30,184,60,128,44,18,56,430,6,106,78,24,38,20,0,0,4,66,46,0,52,18,14,0,0,24,0,20,30,6,0,190,0,2,4,2,68,0,6,6,20,8,4,0,26,8,0,8,4,142,24,2,6,44,0,0,88,54,28,34,24,96,18,22,40,0,4,136,0,194,0,60,0,104,0,80,110,20,620,6,14,28,0,0,2,0,0,0,2,40,0,0,2,44,40,94,0,0,4,0,0,8,8,18,0,0,0,0,8,348,324,0,28,22,16,46,8,348,0,0,0,8,0,82,0,0,2,26,182,18,6
ECU,0,0,0,14,2,0,0,38,272,308,0,342,352,2,0,492,22,0,2,26,312,16,0,4,292,0,0,62,696,8,20,8,14,0,200,402,324,458,16,34,20,4,0,664,2,0,98,108,0,2,302,344,616,0,6,70,30,18,0,320,0,1544,322,26,358,0,0,552,0,16,2,714,298,26,0,0,2,0,0,348,2,4,28,10,8,16,316,0,314,30,370,340,346,26,26,42,526,6,22,86,18,46,20,4,0,0,340,24,4,22,16,6,0,0,260,0,302,18,300,0,26,0,0,8,0,666,0,2,0,6,6,2,4,18,2,0,6,4,370,18,4,2,36,18,0,176,56,22,348,0,330,76,222,36,0,8,350,0,468,48,22,0,316,0,52,382,14,220,6,4,50,0,0,2,0,14,0,0,330,0,0,10,32,22,88,0,0,4,0,0,4,6,314,0,0,0,0,16,20,338,0,332,22,16,326,62,1368,40,0,0,276,0,42,0,0,0,16,76,14,2
EGY,0,12,0,24,6,0,0,632,110,308,4,780,524,6,10,658,54,0,8,154,364,130,0,14,316,0,0,6,578,12,26,6,16,0,1376,608,94,2130,22,86,26,8,0,412,4,0,36,12,0,2,308,478,2210,0,2,218,2,164,320,0,0,976,348,114,492,2,0,1096,0,24,2,2296,316,72,0,4,10,0,0,540,2,2,6,0,0,6,364,4,464,108,1188,418,690,156,32,120,1198,12,304,1542,50,104,34,8,0,4,1012,276,0,254,30,118,0,0,310,0,344,38,308,0,116,0,2,6,2,502,0,12,2,22,8,2,6,40,4,0,8,26,668,24,6,6,184,2,0,412,206,46,450,216,824,24,68,88,0,4,646,0,486,14,86,0,636,0,192,704,26,6884,128,12,122,0,2,4,2,0,4,6,412,4,2,4,76,74,410,0,0,4,30,0,6,8,380,0,0,0,2,18,196,808,0,514,50,48,336,16,4402,64,4,2,10,0,188,2,0,2,246,366,24,8
ERI,0,0,2,0,0,0,0,0,0,0,0,8,0,0,0,2,0,0,0,0,0,0,0,0,0,0,0,0,0,0,0,0,0,0,0,4,0,10,0,0,0,2,0,0,0,0,0,0,0,0,0,0,0,0,0,0,0,0,0,0,0,6,0,6,0,0,0,2,0,0,0,6,0,0,0,0,0,0,0,0,0,0,0,0,0,0,0,0,0,0,12,0,0,0,0,0,8,0,0,0,0,4,0,0,0,0,0,0,0,0,0,0,0,0,0,0,0,0,0,0,0,0,0,0,0,0,0,0,0,0,0,0,0,4,0,0,0,0,0,2,0,0,4,0,0,8,0,0,0,0,4,0,0,0,0,0,0,0,2,0,0,0,0,0,0,0,0,0,0,0,0,0,0,0,0,0,0,0,0,0,0,0,0,0,0,0,0,0,0,0,0,0,6,0,0,0,0,0,0,0,0,0,0,0,0,0,18,0,0,0,0,0,0,0,0,0,2,12,0,2
ESP,0,4,18,24,70,28,0,440,3004,602,2,6496,4464,268,8,6754,62,0,42,116,972,52,6,90,654,6,8,98,6492,14,24,12,40,4,6298,8156,4138,6080,44,76,46,8,4,2678,2,20,260,430,2,4,666,3242,18112,0,2,4678,70,550,1544,976,6,0,928,152,3074,18,12,16608,0,26,18,24224,646,136,10,16,32,8,4,3766,8,18,54,14,2,88,1166,6,2450,178,2666,2652,1608,122,344,2434,18204,16,140,4222,80,206,36,22,0,2,2422,120,10,272,38,18,0,20,324,4,986,340,716,0,728,48,56,24,0,4256,0,128,18,164,14,36,24,216,10,2,26,20,980,58,18,10,220,28,0,9148,2906,54,1176,70,694,134,580,266,0,30,4678,6,7242,106,180,0,570,0,1972,3598,36,1170,36,54,788,4,2,4,6,40,6,0,1252,2,4,8,1014,1368,5694,14,0,12,8,0,6,18,622,8,0,2,0,20,744,2282,0,1522,108,100,1098,412,26042,80,14,0,354,0,332,4,0,10,36,1642,42,14
EST,0,2,0,16,28,0,0,50,98,320,0,492,586,12,4,644,26,0,2,30,416,24,0,44,348,0,0,6,470,6,18,6,18,0,278,704,84,628,10,26,20,0,0,368,0,0,28,6,0,0,376,556,1202,0,0,418,6,36,322,348,0,928,0,34,1178,0,0,872,0,22,0,1426,334,32,0,0,0,0,0,516,0,4,6,2,2,2,446,4,522,38,490,452,388,30,150,168,908,12,30,186,42,42,26,2,0,2,408,36,2,30,20,4,0,6,274,0,516,40,534,0,24,0,16,2,0,382,0,32,0,36,10,8,6,18,2,0,2,4,352,20,2,0,48,2,0,478,392,24,410,10,350,22,46,46,0,6,710,0,518,8,24,0,332,0,196,716,18,236,10,0,86,0,0,2,0,2,2,0,404,0,0,2,134,144,772,2,0,2,0,0,4,6,340,0,0,0,0,10,26,452,0,370,18,24,418,14,1210,46,0,0,10,0,78,0,0,6,18,122,16,2
ETH,0,8,4,24,2,0,0,74,42,14,0,316,80,0,12,316,56,0,30,86,18,58,2,4,2,0,0,8,134,8,18,8,68,0,246,194,60,300,28,68,44,18,0,80,2,0,28,6,0,2,2,34,384,4,2,108,2,36,26,114,6,152,34,0,82,2,0,174,0,26,4,790,10,122,0,8,20,6,0,48,2,2,16,0,2,0,32,6,8,60,464,52,176,62,32,66,194,6,86,166,26,260,30,14,0,2,152,34,8,60,28,10,0,0,60,0,10,38,2,0,32,0,0,18,0,98,0,0,14,12,8,0,6,68,2,0,6,46,106,30,6,14,188,4,0,390,280,50,98,40,116,26,74,66,0,24,84,0,84,6,40,0,46,0,36,78,56,140,50,36,56,0,0,8,4,0,4,2,78,4,0,4,28,20,238,4,0,4,2,0,8,8,44,0,0,2,0,12,42,66,0,80,134,118,26,18,1038,2,0,0,10,0,130,4,0,0,30,382,46,42
FIN,0,0,4,16,18,0,0,154,206,374,0,1946,1688,72,6,2048,30,0,12,66,526,42,0,34,372,0,2,16,1382,10,20,8,18,2,1854,2442,358,3064,16,44,28,6,0,480,2,0,38,82,0,2,424,1472,5414,0,2,2402,4,76,358,492,0,3074,1178,82,0,2,0,3510,0,22,0,7326,328,70,0,0,8,6,0,1416,6,16,8,2,2,0,670,2,1144,184,1270,1212,722,46,362,624,3646,16,86,1564,66,128,34,12,0,2,1134,106,8,74,24,32,0,8,296,0,734,120,676,0,62,6,24,12,2,648,0,46,4,46,14,2,8,24,4,0,14,44,466,40,6,2,106,4,0,2832,2026,48,664,30,552,36,158,80,0,8,1818,0,1400,10,42,0,416,0,622,2412,22,476,24,10,348,0,2,4,0,0,4,0,500,0,0,12,488,520,5076,2,0,4,0,0,4,8,460,0,0,0,2,14,72,832,0,584,58,46,772,42,6698,50,4,0,32,0,98,0,0,2,20,556,24,6
FJI,0,0,0,0,0,0,0,2,0,0,0,214,2,0,0,10,0,0,2,14,0,20,0,0,0,0,0,0,6,0,0,0,2,0,18,6,4,2,0,0,0,0,0,2,0,0,2,2,0,0,0,0,38,0,0,4,0,4,0,2,0,18,0,2,2,0,0,54,0,0,0,80,0,4,0,0,0,0,0,4,0,0,0,0,0,0,0,2,4,8,42,6,8,2,0,4,36,0,2,28,0,8,0,0,4,0,14,0,0,0,2,0,0,0,2,0,0,0,0,0,0,0,0,2,0,2,0,0,0,0,0,0,4,0,0,0,0,0,8,2,6,0,4,2,0,14,6,2,44,0,2,0,2,10,0,8,4,0,12,0,0,0,0,0,0,2,0,2,0,0,2,0,0,18,0,0,0,0,2,0,0,0,2,2,12,0,0,2,0,0,0,0,4,0,0,0,8,2,0,0,0,2,4,0,0,2,92,0,0,0,4,0,6,2,10,0,0,12,2,2
FLK,0,0,0,0,0,0,0,0,2,0,0,16,0,0,0,8,0,0,0,0,0,0,0,0,0,0,0,0,2,0,0,0,0,0,18,6,2,2,0,0,0,0,0,0,0,0,0,0,0,0,0,0,6,0,0,2,0,0,0,0,0,12,0,0,0,0,0,14,0,0,0,72,0,0,0,0,0,0,0,0,0,0,0,0,2,0,0,0,0,0,2,2,0,0,2,0,8,0,0,0,0,0,0,0,0,0,0,0,0,0,0,0,0,0,0,0,0,0,0,0,0,0,0,0,0,4,0,0,0,0,0,0,0,2,0,0,0,0,0,0,0,0,0,0,0,4,8,0,18,0,0,0,0,0,0,0,2,0,10,0,0,0,0,0,0,2,0,2,0,0,0,0,0,0,0,0,0,0,0,0,0,0,0,0,2,0,0,0,0,0,0,0,0,0,0,0,0,0,0,0,0,0,0,0,0,0,26,0,0,0,0,0,0,0,0,0,0,10,0,0
FRA,0,10,12,16,58,4,0,738,1924,782,2,8814,5574,322,22,11558,302,0,336,156,1048,42,10,96,724,2,14,96,6512,16,36,12,68,60,12300,13788,2520,11912,368,654,138,82,8,1524,14,6,206,188,4,4,614,4032,26006,26,2,5398,18,3092,552,1096,2,16608,872,174,3510,54,14,0,2,22,154,30770,658,196,0,64,36,6,2,3962,12,14,34,140,10,78,1318,12,2732,478,4126,2890,1572,152,394,3082,21550,20,184,7580,162,386,54,232,2,8,3194,144,74,1706,32,68,0,18,322,4,966,680,724,0,2080,232,86,278,6,2498,2,104,148,162,66,58,38,86,54,0,46,76,1138,100,246,96,272,20,0,12114,3768,112,1664,144,944,92,472,346,2,50,5628,6,4360,36,178,2,694,2,2630,6298,56,1632,66,564,1624,2,0,12,12,12,4,4,1212,8,0,24,1160,1408,7446,14,0,22,42,0,48,80,1214,4,0,4,0,26,3750,2424,0,1926,124,186,1526,238,37992,78,14,0,200,0,1208,14,2,16,34,2454,66,60
FRO,0,0,0,0,0,0,0,0,0,0,0,2,0,0,0,0,0,0,0,0,0,0,0,0,0,0,0,0,0,0,0,0,0,0,0,0,0,2,0,0,0,0,0,0,0,0,0,0,0,0,0,0,2,0,0,2,0,0,0,0,0,0,0,0,0,0,0,2,0,0,0,4,0,0,0,0,0,0,0,0,0,0,0,0,0,0,0,0,0,0,2,0,0,0,0,0,0,0,0,0,0,0,0,0,0,0,2,0,0,0,0,0,0,0,0,0,0,0,0,0,0,0,0,0,0,0,0,0,0,0,0,0,0,0,0,0,0,0,0,0,0,0,0,0,0,0,2,0,0,0,0,0,0,0,0,0,0,0,0,0,0,0,0,0,0,0,0,0,0,0,0,0,0,0,0,0,0,0,0,0,0,0,0,0,0,0,0,0,0,0,0,0,0,0,0,0,0,0,0,0,0,0,0,0,0,0,4,0,0,0,0,0,0,0,0,0,0,0,0,0
FSM,0,0,0,16,0,0,0,26,18,14,0,30,18,0,0,20,20,0,0,20,12,24,0,0,0,0,0,0,26,2,14,6,8,0,28,18,18,24,6,20,18,0,0,26,0,0,18,0,0,0,0,0,26,0,0,22,0,18,16,24,0,26,22,26,22,0,0,22,0,0,0,72,8,20,0,0,0,0,0,20,0,0,0,0,0,0,18,0,0,20,26,18,26,24,18,22,26,0,26,26,14,20,18,0,0,0,26,20,0,22,20,4,0,0,24,0,0,20,0,0,10,0,0,0,0,22,8,0,0,6,4,0,0,16,2,0,0,0,22,16,4,0,26,0,0,24,24,18,20,6,26,16,24,18,8,6,24,0,24,0,16,0,18,0,20,22,16,24,0,0,18,0,0,0,0,0,0,0,26,0,0,0,20,12,26,0,0,0,0,0,4,6,0,0,0,0,0,8,18,18,0,18,16,6,16,4,50,0,0,0,0,0,26,0,2,0,18,26,14,0
